,datetime,instrument,score,exp_name,rid,weight,real_label,error,abs_error
0,2026-05-29,SH600000,-0.0008136608080593099,EXP_CatBoostModel_Alpha158_csi300_custom_step0_s_20260530_16,25f3a7b8c03349ea9e8a674828cf3e71,0.054,,,
1,2026-05-29,SH601225,0.07765910029411316,EXP_LinearModel_Alpha158_csi300_custom_step0_s_20260530_14,76f9b6238f3543b2b28aa30f9ef8d78f,0.102,,,
2,2026-05-29,SH601211,-0.020538635551929474,EXP_LinearModel_Alpha158_csi300_custom_step0_s_20260530_14,76f9b6238f3543b2b28aa30f9ef8d78f,0.102,,,
3,2026-05-29,SH601186,0.012012881226837635,EXP_LinearModel_Alpha158_csi300_custom_step0_s_20260530_14,76f9b6238f3543b2b28aa30f9ef8d78f,0.102,,,
4,2026-05-29,SH601169,0.02221502736210823,EXP_LinearModel_Alpha158_csi300_custom_step0_s_20260530_14,76f9b6238f3543b2b28aa30f9ef8d78f,0.102,,,
5,2026-05-29,SH601166,0.01310795545578003,EXP_LinearModel_Alpha158_csi300_custom_step0_s_20260530_14,76f9b6238f3543b2b28aa30f9ef8d78f,0.102,,,
6,2026-05-29,SH601138,-0.020376965403556824,EXP_LinearModel_Alpha158_csi300_custom_step0_s_20260530_14,76f9b6238f3543b2b28aa30f9ef8d78f,0.102,,,
7,2026-05-29,SH601136,-0.05948605388402939,EXP_LinearModel_Alpha158_csi300_custom_step0_s_20260530_14,76f9b6238f3543b2b28aa30f9ef8d78f,0.102,,,
8,2026-05-29,SH601127,-0.06232593208551407,EXP_LinearModel_Alpha158_csi300_custom_step0_s_20260530_14,76f9b6238f3543b2b28aa30f9ef8d78f,0.102,,,
9,2026-05-29,SH601117,-0.037254467606544495,EXP_LinearModel_Alpha158_csi300_custom_step0_s_20260530_14,76f9b6238f3543b2b28aa30f9ef8d78f,0.102,,,
10,2026-05-29,SH601111,-0.026714881882071495,EXP_LinearModel_Alpha158_csi300_custom_step0_s_20260530_14,76f9b6238f3543b2b28aa30f9ef8d78f,0.102,,,
11,2026-05-29,SH601100,0.08878573775291443,EXP_LinearModel_Alpha158_csi300_custom_step0_s_20260530_14,76f9b6238f3543b2b28aa30f9ef8d78f,0.102,,,
12,2026-05-29,SH601088,0.0675724670290947,EXP_LinearModel_Alpha158_csi300_custom_step0_s_20260530_14,76f9b6238f3543b2b28aa30f9ef8d78f,0.102,,,
13,2026-05-29,SH601077,-0.08320613950490952,EXP_LinearModel_Alpha158_csi300_custom_step0_s_20260530_14,76f9b6238f3543b2b28aa30f9ef8d78f,0.102,,,
14,2026-05-29,SH601066,-0.018677756190299988,EXP_LinearModel_Alpha158_csi300_custom_step0_s_20260530_14,76f9b6238f3543b2b28aa30f9ef8d78f,0.102,,,
15,2026-05-29,SH601059,-0.001726695103570819,EXP_LinearModel_Alpha158_csi300_custom_step0_s_20260530_14,76f9b6238f3543b2b28aa30f9ef8d78f,0.102,,,
16,2026-05-29,SH601229,-0.017397169023752213,EXP_LinearModel_Alpha158_csi300_custom_step0_s_20260530_14,76f9b6238f3543b2b28aa30f9ef8d78f,0.102,,,
17,2026-05-29,SH601236,0.016556283459067345,EXP_LinearModel_Alpha158_csi300_custom_step0_s_20260530_14,76f9b6238f3543b2b28aa30f9ef8d78f,0.102,,,
18,2026-05-29,SH601238,0.07366248220205307,EXP_LinearModel_Alpha158_csi300_custom_step0_s_20260530_14,76f9b6238f3543b2b28aa30f9ef8d78f,0.102,,,
19,2026-05-29,SH601288,-0.09186793118715286,EXP_LinearModel_Alpha158_csi300_custom_step0_s_20260530_14,76f9b6238f3543b2b28aa30f9ef8d78f,0.102,,,
20,2026-05-29,SH601633,-0.0004171475302428007,EXP_LinearModel_Alpha158_csi300_custom_step0_s_20260530_14,76f9b6238f3543b2b28aa30f9ef8d78f,0.102,,,
21,2026-05-29,SH601628,-0.08240440487861633,EXP_LinearModel_Alpha158_csi300_custom_step0_s_20260530_14,76f9b6238f3543b2b28aa30f9ef8d78f,0.102,,,
22,2026-05-29,SH601618,0.050773605704307556,EXP_LinearModel_Alpha158_csi300_custom_step0_s_20260530_14,76f9b6238f3543b2b28aa30f9ef8d78f,0.102,,,
23,2026-05-29,SH601607,-0.013159038498997688,EXP_LinearModel_Alpha158_csi300_custom_step0_s_20260530_14,76f9b6238f3543b2b28aa30f9ef8d78f,0.102,,,
24,2026-05-29,SH601601,0.0012263332027941942,EXP_LinearModel_Alpha158_csi300_custom_step0_s_20260530_14,76f9b6238f3543b2b28aa30f9ef8d78f,0.102,,,
25,2026-05-29,SH601600,-0.0725121721625328,EXP_LinearModel_Alpha158_csi300_custom_step0_s_20260530_14,76f9b6238f3543b2b28aa30f9ef8d78f,0.102,,,
26,2026-05-29,SH601456,-0.025474166497588158,EXP_LinearModel_Alpha158_csi300_custom_step0_s_20260530_14,76f9b6238f3543b2b28aa30f9ef8d78f,0.102,,,
27,2026-05-29,SH601058,0.013165797106921673,EXP_LinearModel_Alpha158_csi300_custom_step0_s_20260530_14,76f9b6238f3543b2b28aa30f9ef8d78f,0.102,,,
28,2026-05-29,SH601398,0.014499678276479244,EXP_LinearModel_Alpha158_csi300_custom_step0_s_20260530_14,76f9b6238f3543b2b28aa30f9ef8d78f,0.102,,,
29,2026-05-29,SH601377,0.026147907599806786,EXP_LinearModel_Alpha158_csi300_custom_step0_s_20260530_14,76f9b6238f3543b2b28aa30f9ef8d78f,0.102,,,
30,2026-05-29,SH601360,-0.07326964288949966,EXP_LinearModel_Alpha158_csi300_custom_step0_s_20260530_14,76f9b6238f3543b2b28aa30f9ef8d78f,0.102,,,
31,2026-05-29,SH601336,-0.04095940291881561,EXP_LinearModel_Alpha158_csi300_custom_step0_s_20260530_14,76f9b6238f3543b2b28aa30f9ef8d78f,0.102,,,
32,2026-05-29,SH601328,-0.03397778794169426,EXP_LinearModel_Alpha158_csi300_custom_step0_s_20260530_14,76f9b6238f3543b2b28aa30f9ef8d78f,0.102,,,
33,2026-05-29,SH601319,-0.01545910257846117,EXP_LinearModel_Alpha158_csi300_custom_step0_s_20260530_14,76f9b6238f3543b2b28aa30f9ef8d78f,0.102,,,
34,2026-05-29,SH601318,-0.005378859117627144,EXP_LinearModel_Alpha158_csi300_custom_step0_s_20260530_14,76f9b6238f3543b2b28aa30f9ef8d78f,0.102,,,
35,2026-05-29,SH601298,0.06396286934614182,EXP_LinearModel_Alpha158_csi300_custom_step0_s_20260530_14,76f9b6238f3543b2b28aa30f9ef8d78f,0.102,,,
36,2026-05-29,SH601390,0.04893123358488083,EXP_LinearModel_Alpha158_csi300_custom_step0_s_20260530_14,76f9b6238f3543b2b28aa30f9ef8d78f,0.102,,,
37,2026-05-29,SH601021,-0.048089247196912766,EXP_LinearModel_Alpha158_csi300_custom_step0_s_20260530_14,76f9b6238f3543b2b28aa30f9ef8d78f,0.102,,,
38,2026-05-29,SH601018,0.022716637700796127,EXP_LinearModel_Alpha158_csi300_custom_step0_s_20260530_14,76f9b6238f3543b2b28aa30f9ef8d78f,0.102,,,
39,2026-05-29,SH601012,0.019794126972556114,EXP_LinearModel_Alpha158_csi300_custom_step0_s_20260530_14,76f9b6238f3543b2b28aa30f9ef8d78f,0.102,,,
40,2026-05-29,SH600795,0.04802536219358444,EXP_LinearModel_Alpha158_csi300_custom_step0_s_20260530_14,76f9b6238f3543b2b28aa30f9ef8d78f,0.102,,,
41,2026-05-29,SH600760,-0.10777004063129425,EXP_LinearModel_Alpha158_csi300_custom_step0_s_20260530_14,76f9b6238f3543b2b28aa30f9ef8d78f,0.102,,,
42,2026-05-29,SH600741,-0.05730506777763367,EXP_LinearModel_Alpha158_csi300_custom_step0_s_20260530_14,76f9b6238f3543b2b28aa30f9ef8d78f,0.102,,,
43,2026-05-29,SH600690,0.03762990981340408,EXP_LinearModel_Alpha158_csi300_custom_step0_s_20260530_14,76f9b6238f3543b2b28aa30f9ef8d78f,0.102,,,
44,2026-05-29,SH600674,0.02763534151017666,EXP_LinearModel_Alpha158_csi300_custom_step0_s_20260530_14,76f9b6238f3543b2b28aa30f9ef8d78f,0.102,,,
45,2026-05-29,SH600660,-0.0497078001499176,EXP_LinearModel_Alpha158_csi300_custom_step0_s_20260530_14,76f9b6238f3543b2b28aa30f9ef8d78f,0.102,,,
46,2026-05-29,SH600600,-0.008152203634381294,EXP_LinearModel_Alpha158_csi300_custom_step0_s_20260530_14,76f9b6238f3543b2b28aa30f9ef8d78f,0.102,,,
47,2026-05-29,SH600803,-0.03980531916022301,EXP_LinearModel_Alpha158_csi300_custom_step0_s_20260530_14,76f9b6238f3543b2b28aa30f9ef8d78f,0.102,,,
48,2026-05-29,SH600588,-0.05823230370879173,EXP_LinearModel_Alpha158_csi300_custom_step0_s_20260530_14,76f9b6238f3543b2b28aa30f9ef8d78f,0.102,,,
49,2026-05-29,SH600584,0.024951208382844925,EXP_LinearModel_Alpha158_csi300_custom_step0_s_20260530_14,76f9b6238f3543b2b28aa30f9ef8d78f,0.102,,,
50,2026-05-29,SH600570,-0.0858563557267189,EXP_LinearModel_Alpha158_csi300_custom_step0_s_20260530_14,76f9b6238f3543b2b28aa30f9ef8d78f,0.102,,,
51,2026-05-29,SH600547,-0.07653524726629257,EXP_LinearModel_Alpha158_csi300_custom_step0_s_20260530_14,76f9b6238f3543b2b28aa30f9ef8d78f,0.102,,,
52,2026-05-29,SH600522,-0.009776119142770767,EXP_LinearModel_Alpha158_csi300_custom_step0_s_20260530_14,76f9b6238f3543b2b28aa30f9ef8d78f,0.102,,,
53,2026-05-29,SH600519,-0.011763868853449821,EXP_LinearModel_Alpha158_csi300_custom_step0_s_20260530_14,76f9b6238f3543b2b28aa30f9ef8d78f,0.102,,,
54,2026-05-29,SH600515,0.01513525377959013,EXP_LinearModel_Alpha158_csi300_custom_step0_s_20260530_14,76f9b6238f3543b2b28aa30f9ef8d78f,0.102,,,
55,2026-05-29,SH600489,-0.10205046087503433,EXP_LinearModel_Alpha158_csi300_custom_step0_s_20260530_14,76f9b6238f3543b2b28aa30f9ef8d78f,0.102,,,
56,2026-05-29,SH600585,-0.025330159813165665,EXP_LinearModel_Alpha158_csi300_custom_step0_s_20260530_14,76f9b6238f3543b2b28aa30f9ef8d78f,0.102,,,
57,2026-05-29,SH601658,-0.003657666267827153,EXP_LinearModel_Alpha158_csi300_custom_step0_s_20260530_14,76f9b6238f3543b2b28aa30f9ef8d78f,0.102,,,
58,2026-05-29,SH600809,0.00488415127620101,EXP_LinearModel_Alpha158_csi300_custom_step0_s_20260530_14,76f9b6238f3543b2b28aa30f9ef8d78f,0.102,,,
59,2026-05-29,SH600875,-0.00022773630917072296,EXP_LinearModel_Alpha158_csi300_custom_step0_s_20260530_14,76f9b6238f3543b2b28aa30f9ef8d78f,0.102,,,
60,2026-05-29,SH601009,-0.0474395789206028,EXP_LinearModel_Alpha158_csi300_custom_step0_s_20260530_14,76f9b6238f3543b2b28aa30f9ef8d78f,0.102,,,
61,2026-05-29,SH601006,-0.017723219469189644,EXP_LinearModel_Alpha158_csi300_custom_step0_s_20260530_14,76f9b6238f3543b2b28aa30f9ef8d78f,0.102,,,
62,2026-05-29,SH600999,0.02911287732422352,EXP_LinearModel_Alpha158_csi300_custom_step0_s_20260530_14,76f9b6238f3543b2b28aa30f9ef8d78f,0.102,,,
63,2026-05-29,SH600989,-0.011057967320084572,EXP_LinearModel_Alpha158_csi300_custom_step0_s_20260530_14,76f9b6238f3543b2b28aa30f9ef8d78f,0.102,,,
64,2026-05-29,SH600958,,EXP_LinearModel_Alpha158_csi300_custom_step0_s_20260530_14,76f9b6238f3543b2b28aa30f9ef8d78f,0.102,,,
65,2026-05-29,SH600941,0.0023323262576013803,EXP_LinearModel_Alpha158_csi300_custom_step0_s_20260530_14,76f9b6238f3543b2b28aa30f9ef8d78f,0.102,,,
66,2026-05-29,SH600938,0.01718265935778618,EXP_LinearModel_Alpha158_csi300_custom_step0_s_20260530_14,76f9b6238f3543b2b28aa30f9ef8d78f,0.102,,,
67,2026-05-29,SH600845,-0.09377279877662659,EXP_LinearModel_Alpha158_csi300_custom_step0_s_20260530_14,76f9b6238f3543b2b28aa30f9ef8d78f,0.102,,,
68,2026-05-29,SH600930,-0.03704376146197319,EXP_LinearModel_Alpha158_csi300_custom_step0_s_20260530_14,76f9b6238f3543b2b28aa30f9ef8d78f,0.102,,,
69,2026-05-29,SH600919,0.07915884256362915,EXP_LinearModel_Alpha158_csi300_custom_step0_s_20260530_14,76f9b6238f3543b2b28aa30f9ef8d78f,0.102,,,
70,2026-05-29,SH600918,0.0016177746001631021,EXP_LinearModel_Alpha158_csi300_custom_step0_s_20260530_14,76f9b6238f3543b2b28aa30f9ef8d78f,0.102,,,
71,2026-05-29,SH600905,0.03417022153735161,EXP_LinearModel_Alpha158_csi300_custom_step0_s_20260530_14,76f9b6238f3543b2b28aa30f9ef8d78f,0.102,,,
72,2026-05-29,SH600900,0.016956424340605736,EXP_LinearModel_Alpha158_csi300_custom_step0_s_20260530_14,76f9b6238f3543b2b28aa30f9ef8d78f,0.102,,,
73,2026-05-29,SH600893,-0.10274820774793625,EXP_LinearModel_Alpha158_csi300_custom_step0_s_20260530_14,76f9b6238f3543b2b28aa30f9ef8d78f,0.102,,,
74,2026-05-29,SH600887,0.05387001112103462,EXP_LinearModel_Alpha158_csi300_custom_step0_s_20260530_14,76f9b6238f3543b2b28aa30f9ef8d78f,0.102,,,
75,2026-05-29,SH600886,0.032991304993629456,EXP_LinearModel_Alpha158_csi300_custom_step0_s_20260530_14,76f9b6238f3543b2b28aa30f9ef8d78f,0.102,,,
76,2026-05-29,SH600926,-0.03335314616560936,EXP_LinearModel_Alpha158_csi300_custom_step0_s_20260530_14,76f9b6238f3543b2b28aa30f9ef8d78f,0.102,,,
77,2026-05-29,SH601668,0.02390824630856514,EXP_LinearModel_Alpha158_csi300_custom_step0_s_20260530_14,76f9b6238f3543b2b28aa30f9ef8d78f,0.102,,,
78,2026-05-29,SH601669,-0.049650922417640686,EXP_LinearModel_Alpha158_csi300_custom_step0_s_20260530_14,76f9b6238f3543b2b28aa30f9ef8d78f,0.102,,,
79,2026-05-29,SH601688,-0.025515373796224594,EXP_LinearModel_Alpha158_csi300_custom_step0_s_20260530_14,76f9b6238f3543b2b28aa30f9ef8d78f,0.102,,,
80,2026-05-29,SH688256,-0.011164067313075066,EXP_LinearModel_Alpha158_csi300_custom_step0_s_20260530_14,76f9b6238f3543b2b28aa30f9ef8d78f,0.102,,,
81,2026-05-29,SH688223,-0.043082624673843384,EXP_LinearModel_Alpha158_csi300_custom_step0_s_20260530_14,76f9b6238f3543b2b28aa30f9ef8d78f,0.102,,,
82,2026-05-29,SH688187,0.009654762223362923,EXP_LinearModel_Alpha158_csi300_custom_step0_s_20260530_14,76f9b6238f3543b2b28aa30f9ef8d78f,0.102,,,
83,2026-05-29,SH688169,0.003062212374061346,EXP_LinearModel_Alpha158_csi300_custom_step0_s_20260530_14,76f9b6238f3543b2b28aa30f9ef8d78f,0.102,,,
84,2026-05-29,SH688126,0.0590565986931324,EXP_LinearModel_Alpha158_csi300_custom_step0_s_20260530_14,76f9b6238f3543b2b28aa30f9ef8d78f,0.102,,,
85,2026-05-29,SH688111,-0.08622048795223236,EXP_LinearModel_Alpha158_csi300_custom_step0_s_20260530_14,76f9b6238f3543b2b28aa30f9ef8d78f,0.102,,,
86,2026-05-29,SH688082,-0.014085923321545124,EXP_LinearModel_Alpha158_csi300_custom_step0_s_20260530_14,76f9b6238f3543b2b28aa30f9ef8d78f,0.102,,,
87,2026-05-29,SH688271,-0.053166069090366364,EXP_LinearModel_Alpha158_csi300_custom_step0_s_20260530_14,76f9b6238f3543b2b28aa30f9ef8d78f,0.102,,,
88,2026-05-29,SH688047,0.043734610080718994,EXP_LinearModel_Alpha158_csi300_custom_step0_s_20260530_14,76f9b6238f3543b2b28aa30f9ef8d78f,0.102,,,
89,2026-05-29,SH688036,0.0636863261461258,EXP_LinearModel_Alpha158_csi300_custom_step0_s_20260530_14,76f9b6238f3543b2b28aa30f9ef8d78f,0.102,,,
90,2026-05-29,SH688012,0.11196408420801163,EXP_LinearModel_Alpha158_csi300_custom_step0_s_20260530_14,76f9b6238f3543b2b28aa30f9ef8d78f,0.102,,,
91,2026-05-29,SH688009,0.014262154698371887,EXP_LinearModel_Alpha158_csi300_custom_step0_s_20260530_14,76f9b6238f3543b2b28aa30f9ef8d78f,0.102,,,
92,2026-05-29,SH688008,0.04129418730735779,EXP_LinearModel_Alpha158_csi300_custom_step0_s_20260530_14,76f9b6238f3543b2b28aa30f9ef8d78f,0.102,,,
93,2026-05-29,SH605499,-0.05459208786487579,EXP_LinearModel_Alpha158_csi300_custom_step0_s_20260530_14,76f9b6238f3543b2b28aa30f9ef8d78f,0.102,,,
94,2026-05-29,SH605117,0.008743991144001484,EXP_LinearModel_Alpha158_csi300_custom_step0_s_20260530_14,76f9b6238f3543b2b28aa30f9ef8d78f,0.102,,,
95,2026-05-29,SH603993,-0.10669992119073868,EXP_LinearModel_Alpha158_csi300_custom_step0_s_20260530_14,76f9b6238f3543b2b28aa30f9ef8d78f,0.102,,,
96,2026-05-29,SH688041,0.038966622203588486,EXP_LinearModel_Alpha158_csi300_custom_step0_s_20260530_14,76f9b6238f3543b2b28aa30f9ef8d78f,0.102,,,
97,2026-05-29,SH603986,0.05479149892926216,EXP_LinearModel_Alpha158_csi300_custom_step0_s_20260530_14,76f9b6238f3543b2b28aa30f9ef8d78f,0.102,,,
98,2026-05-29,SH688303,-0.07301511615514755,EXP_LinearModel_Alpha158_csi300_custom_step0_s_20260530_14,76f9b6238f3543b2b28aa30f9ef8d78f,0.102,,,
99,2026-05-29,SH688472,0.04006402939558029,EXP_LinearModel_Alpha158_csi300_custom_step0_s_20260530_14,76f9b6238f3543b2b28aa30f9ef8d78f,0.102,,,
100,2026-05-29,SZ000596,0.027207858860492706,EXP_LinearModel_Alpha158_csi300_custom_step0_s_20260530_14,76f9b6238f3543b2b28aa30f9ef8d78f,0.102,,,
101,2026-05-29,SZ000568,0.03195084631443024,EXP_LinearModel_Alpha158_csi300_custom_step0_s_20260530_14,76f9b6238f3543b2b28aa30f9ef8d78f,0.102,,,
102,2026-05-29,SZ000538,-0.00807388685643673,EXP_LinearModel_Alpha158_csi300_custom_step0_s_20260530_14,76f9b6238f3543b2b28aa30f9ef8d78f,0.102,,,
103,2026-05-29,SZ000425,0.02836034633219242,EXP_LinearModel_Alpha158_csi300_custom_step0_s_20260530_14,76f9b6238f3543b2b28aa30f9ef8d78f,0.102,,,
104,2026-05-29,SZ000408,-0.009296054020524025,EXP_LinearModel_Alpha158_csi300_custom_step0_s_20260530_14,76f9b6238f3543b2b28aa30f9ef8d78f,0.102,,,
105,2026-05-29,SZ000338,0.005453924182802439,EXP_LinearModel_Alpha158_csi300_custom_step0_s_20260530_14,76f9b6238f3543b2b28aa30f9ef8d78f,0.102,,,
106,2026-05-29,SZ000333,0.005855531897395849,EXP_LinearModel_Alpha158_csi300_custom_step0_s_20260530_14,76f9b6238f3543b2b28aa30f9ef8d78f,0.102,,,
107,2026-05-29,SH688396,0.029077135026454926,EXP_LinearModel_Alpha158_csi300_custom_step0_s_20260530_14,76f9b6238f3543b2b28aa30f9ef8d78f,0.102,,,
108,2026-05-29,SZ000301,0.002705613151192665,EXP_LinearModel_Alpha158_csi300_custom_step0_s_20260530_14,76f9b6238f3543b2b28aa30f9ef8d78f,0.102,,,
109,2026-05-29,SZ000157,0.03518611565232277,EXP_LinearModel_Alpha158_csi300_custom_step0_s_20260530_14,76f9b6238f3543b2b28aa30f9ef8d78f,0.102,,,
110,2026-05-29,SZ000100,-0.05091318488121033,EXP_LinearModel_Alpha158_csi300_custom_step0_s_20260530_14,76f9b6238f3543b2b28aa30f9ef8d78f,0.102,,,
111,2026-05-29,SZ000063,0.010439673438668251,EXP_LinearModel_Alpha158_csi300_custom_step0_s_20260530_14,76f9b6238f3543b2b28aa30f9ef8d78f,0.102,,,
112,2026-05-29,SZ000002,0.057849712669849396,EXP_LinearModel_Alpha158_csi300_custom_step0_s_20260530_14,76f9b6238f3543b2b28aa30f9ef8d78f,0.102,,,
113,2026-05-29,SZ000001,0.03782312572002411,EXP_LinearModel_Alpha158_csi300_custom_step0_s_20260530_14,76f9b6238f3543b2b28aa30f9ef8d78f,0.102,,,
114,2026-05-29,SH688981,0.010733385570347309,EXP_LinearModel_Alpha158_csi300_custom_step0_s_20260530_14,76f9b6238f3543b2b28aa30f9ef8d78f,0.102,,,
115,2026-05-29,SH688506,0.0049488237127661705,EXP_LinearModel_Alpha158_csi300_custom_step0_s_20260530_14,76f9b6238f3543b2b28aa30f9ef8d78f,0.102,,,
116,2026-05-29,SZ000166,0.03631499782204628,EXP_LinearModel_Alpha158_csi300_custom_step0_s_20260530_14,76f9b6238f3543b2b28aa30f9ef8d78f,0.102,,,
117,2026-05-29,SH600482,-0.007344764191657305,EXP_LinearModel_Alpha158_csi300_custom_step0_s_20260530_14,76f9b6238f3543b2b28aa30f9ef8d78f,0.102,,,
118,2026-05-29,SH603893,0.06406048685312271,EXP_LinearModel_Alpha158_csi300_custom_step0_s_20260530_14,76f9b6238f3543b2b28aa30f9ef8d78f,0.102,,,
119,2026-05-29,SH603501,0.03362368047237396,EXP_LinearModel_Alpha158_csi300_custom_step0_s_20260530_14,76f9b6238f3543b2b28aa30f9ef8d78f,0.102,,,
120,2026-05-29,SH601878,0.03946694731712341,EXP_LinearModel_Alpha158_csi300_custom_step0_s_20260530_14,76f9b6238f3543b2b28aa30f9ef8d78f,0.102,,,
121,2026-05-29,SH601877,-0.08700210601091385,EXP_LinearModel_Alpha158_csi300_custom_step0_s_20260530_14,76f9b6238f3543b2b28aa30f9ef8d78f,0.102,,,
122,2026-05-29,SH601872,-0.08543933928012848,EXP_LinearModel_Alpha158_csi300_custom_step0_s_20260530_14,76f9b6238f3543b2b28aa30f9ef8d78f,0.102,,,
123,2026-05-29,SH601868,-0.007341721095144749,EXP_LinearModel_Alpha158_csi300_custom_step0_s_20260530_14,76f9b6238f3543b2b28aa30f9ef8d78f,0.102,,,
124,2026-05-29,SH601857,0.028605148196220398,EXP_LinearModel_Alpha158_csi300_custom_step0_s_20260530_14,76f9b6238f3543b2b28aa30f9ef8d78f,0.102,,,
125,2026-05-29,SH601838,0.0690760463476181,EXP_LinearModel_Alpha158_csi300_custom_step0_s_20260530_14,76f9b6238f3543b2b28aa30f9ef8d78f,0.102,,,
126,2026-05-29,SH601825,-0.014632096514105797,EXP_LinearModel_Alpha158_csi300_custom_step0_s_20260530_14,76f9b6238f3543b2b28aa30f9ef8d78f,0.102,,,
127,2026-05-29,SH601881,0.0005486801965162158,EXP_LinearModel_Alpha158_csi300_custom_step0_s_20260530_14,76f9b6238f3543b2b28aa30f9ef8d78f,0.102,,,
128,2026-05-29,SH601818,0.07481776922941208,EXP_LinearModel_Alpha158_csi300_custom_step0_s_20260530_14,76f9b6238f3543b2b28aa30f9ef8d78f,0.102,,,
129,2026-05-29,SH601808,-0.10274755209684372,EXP_LinearModel_Alpha158_csi300_custom_step0_s_20260530_14,76f9b6238f3543b2b28aa30f9ef8d78f,0.102,,,
130,2026-05-29,SH601800,0.01444750465452671,EXP_LinearModel_Alpha158_csi300_custom_step0_s_20260530_14,76f9b6238f3543b2b28aa30f9ef8d78f,0.102,,,
131,2026-05-29,SH601788,-0.013047957792878151,EXP_LinearModel_Alpha158_csi300_custom_step0_s_20260530_14,76f9b6238f3543b2b28aa30f9ef8d78f,0.102,,,
132,2026-05-29,SH601766,-0.04263588413596153,EXP_LinearModel_Alpha158_csi300_custom_step0_s_20260530_14,76f9b6238f3543b2b28aa30f9ef8d78f,0.102,,,
133,2026-05-29,SH601728,-0.12742583453655243,EXP_LinearModel_Alpha158_csi300_custom_step0_s_20260530_14,76f9b6238f3543b2b28aa30f9ef8d78f,0.102,,,
134,2026-05-29,SH601698,-0.09015665203332901,EXP_LinearModel_Alpha158_csi300_custom_step0_s_20260530_14,76f9b6238f3543b2b28aa30f9ef8d78f,0.102,,,
135,2026-05-29,SH601689,0.016926037147641182,EXP_LinearModel_Alpha158_csi300_custom_step0_s_20260530_14,76f9b6238f3543b2b28aa30f9ef8d78f,0.102,,,
136,2026-05-29,SH601816,0.0030958973802626133,EXP_LinearModel_Alpha158_csi300_custom_step0_s_20260530_14,76f9b6238f3543b2b28aa30f9ef8d78f,0.102,,,
137,2026-05-29,SH603799,-0.04360628500580788,EXP_LinearModel_Alpha158_csi300_custom_step0_s_20260530_14,76f9b6238f3543b2b28aa30f9ef8d78f,0.102,,,
138,2026-05-29,SH601888,0.09273990243673325,EXP_LinearModel_Alpha158_csi300_custom_step0_s_20260530_14,76f9b6238f3543b2b28aa30f9ef8d78f,0.102,,,
139,2026-05-29,SH601899,-0.029121819883584976,EXP_LinearModel_Alpha158_csi300_custom_step0_s_20260530_14,76f9b6238f3543b2b28aa30f9ef8d78f,0.102,,,
140,2026-05-29,SH603392,-0.18809369206428528,EXP_LinearModel_Alpha158_csi300_custom_step0_s_20260530_14,76f9b6238f3543b2b28aa30f9ef8d78f,0.102,,,
141,2026-05-29,SH603369,-0.050005361437797546,EXP_LinearModel_Alpha158_csi300_custom_step0_s_20260530_14,76f9b6238f3543b2b28aa30f9ef8d78f,0.102,,,
142,2026-05-29,SH603296,-0.004929124843329191,EXP_LinearModel_Alpha158_csi300_custom_step0_s_20260530_14,76f9b6238f3543b2b28aa30f9ef8d78f,0.102,,,
143,2026-05-29,SH603288,-0.05508088320493698,EXP_LinearModel_Alpha158_csi300_custom_step0_s_20260530_14,76f9b6238f3543b2b28aa30f9ef8d78f,0.102,,,
144,2026-05-29,SH603260,-0.06644980609416962,EXP_LinearModel_Alpha158_csi300_custom_step0_s_20260530_14,76f9b6238f3543b2b28aa30f9ef8d78f,0.102,,,
145,2026-05-29,SH603259,0.06060319393873215,EXP_LinearModel_Alpha158_csi300_custom_step0_s_20260530_14,76f9b6238f3543b2b28aa30f9ef8d78f,0.102,,,
146,2026-05-29,SH603195,-0.058146048337221146,EXP_LinearModel_Alpha158_csi300_custom_step0_s_20260530_14,76f9b6238f3543b2b28aa30f9ef8d78f,0.102,,,
147,2026-05-29,SH601898,0.009906736202538013,EXP_LinearModel_Alpha158_csi300_custom_step0_s_20260530_14,76f9b6238f3543b2b28aa30f9ef8d78f,0.102,,,
148,2026-05-29,SH603019,0.002278963103890419,EXP_LinearModel_Alpha158_csi300_custom_step0_s_20260530_14,76f9b6238f3543b2b28aa30f9ef8d78f,0.102,,,
149,2026-05-29,SH601995,0.03782691806554794,EXP_LinearModel_Alpha158_csi300_custom_step0_s_20260530_14,76f9b6238f3543b2b28aa30f9ef8d78f,0.102,,,
150,2026-05-29,SH601988,0.043186165392398834,EXP_LinearModel_Alpha158_csi300_custom_step0_s_20260530_14,76f9b6238f3543b2b28aa30f9ef8d78f,0.102,,,
151,2026-05-29,SH601985,0.03636493906378746,EXP_LinearModel_Alpha158_csi300_custom_step0_s_20260530_14,76f9b6238f3543b2b28aa30f9ef8d78f,0.102,,,
152,2026-05-29,SH601939,0.03351202979683876,EXP_LinearModel_Alpha158_csi300_custom_step0_s_20260530_14,76f9b6238f3543b2b28aa30f9ef8d78f,0.102,,,
153,2026-05-29,SH601919,-0.006418133154511452,EXP_LinearModel_Alpha158_csi300_custom_step0_s_20260530_14,76f9b6238f3543b2b28aa30f9ef8d78f,0.102,,,
154,2026-05-29,SH601916,0.1030166745185852,EXP_LinearModel_Alpha158_csi300_custom_step0_s_20260530_14,76f9b6238f3543b2b28aa30f9ef8d78f,0.102,,,
155,2026-05-29,SH601901,0.017641380429267883,EXP_LinearModel_Alpha158_csi300_custom_step0_s_20260530_14,76f9b6238f3543b2b28aa30f9ef8d78f,0.102,,,
156,2026-05-29,SH601998,-0.09432117640972137,EXP_LinearModel_Alpha158_csi300_custom_step0_s_20260530_14,76f9b6238f3543b2b28aa30f9ef8d78f,0.102,,,
157,2026-05-29,SZ000617,-0.05749204754829407,EXP_LinearModel_Alpha158_csi300_custom_step0_s_20260530_14,76f9b6238f3543b2b28aa30f9ef8d78f,0.102,,,
158,2026-05-29,SH600460,-0.004984905943274498,EXP_LinearModel_Alpha158_csi300_custom_step0_s_20260530_14,76f9b6238f3543b2b28aa30f9ef8d78f,0.102,,,
159,2026-05-29,SH600436,0.038925204426050186,EXP_LinearModel_Alpha158_csi300_custom_step0_s_20260530_14,76f9b6238f3543b2b28aa30f9ef8d78f,0.102,,,
160,2026-05-29,SZ002384,-0.037136755883693695,EXP_LinearModel_Alpha158_csi300_custom_step0_s_20260530_14,d8b3655f49ab40a684aef6722cc7c6fc,0.11,,,
161,2026-05-29,SZ002371,-0.005209021735936403,EXP_LinearModel_Alpha158_csi300_custom_step0_s_20260530_14,d8b3655f49ab40a684aef6722cc7c6fc,0.11,,,
162,2026-05-29,SZ002352,-0.021506793797016144,EXP_LinearModel_Alpha158_csi300_custom_step0_s_20260530_14,d8b3655f49ab40a684aef6722cc7c6fc,0.11,,,
163,2026-05-29,SZ002311,-0.0663784071803093,EXP_LinearModel_Alpha158_csi300_custom_step0_s_20260530_14,d8b3655f49ab40a684aef6722cc7c6fc,0.11,,,
164,2026-05-29,SZ002304,-0.023009998723864555,EXP_LinearModel_Alpha158_csi300_custom_step0_s_20260530_14,d8b3655f49ab40a684aef6722cc7c6fc,0.11,,,
165,2026-05-29,SZ002252,-0.022493045777082443,EXP_LinearModel_Alpha158_csi300_custom_step0_s_20260530_14,d8b3655f49ab40a684aef6722cc7c6fc,0.11,,,
166,2026-05-29,SZ002241,-0.03446880728006363,EXP_LinearModel_Alpha158_csi300_custom_step0_s_20260530_14,d8b3655f49ab40a684aef6722cc7c6fc,0.11,,,
167,2026-05-29,SZ002236,0.002480125054717064,EXP_LinearModel_Alpha158_csi300_custom_step0_s_20260530_14,d8b3655f49ab40a684aef6722cc7c6fc,0.11,,,
168,2026-05-29,SZ002230,-0.015305873937904835,EXP_LinearModel_Alpha158_csi300_custom_step0_s_20260530_14,d8b3655f49ab40a684aef6722cc7c6fc,0.11,,,
169,2026-05-29,SZ002179,0.03834782913327217,EXP_LinearModel_Alpha158_csi300_custom_step0_s_20260530_14,d8b3655f49ab40a684aef6722cc7c6fc,0.11,,,
170,2026-05-29,SZ002142,-0.021662810817360878,EXP_LinearModel_Alpha158_csi300_custom_step0_s_20260530_14,d8b3655f49ab40a684aef6722cc7c6fc,0.11,,,
171,2026-05-29,SZ002074,-0.0208304263651371,EXP_LinearModel_Alpha158_csi300_custom_step0_s_20260530_14,d8b3655f49ab40a684aef6722cc7c6fc,0.11,,,
172,2026-05-29,SZ002050,-0.02412419579923153,EXP_LinearModel_Alpha158_csi300_custom_step0_s_20260530_14,d8b3655f49ab40a684aef6722cc7c6fc,0.11,,,
173,2026-05-29,SZ002049,0.017261795699596405,EXP_LinearModel_Alpha158_csi300_custom_step0_s_20260530_14,d8b3655f49ab40a684aef6722cc7c6fc,0.11,,,
174,2026-05-29,SZ002028,-0.04091209918260574,EXP_LinearModel_Alpha158_csi300_custom_step0_s_20260530_14,d8b3655f49ab40a684aef6722cc7c6fc,0.11,,,
175,2026-05-29,SZ002415,0.011421729810535908,EXP_LinearModel_Alpha158_csi300_custom_step0_s_20260530_14,d8b3655f49ab40a684aef6722cc7c6fc,0.11,,,
176,2026-05-29,SZ002422,0.011717858724296093,EXP_LinearModel_Alpha158_csi300_custom_step0_s_20260530_14,d8b3655f49ab40a684aef6722cc7c6fc,0.11,,,
177,2026-05-29,SZ002459,0.047604527324438095,EXP_LinearModel_Alpha158_csi300_custom_step0_s_20260530_14,d8b3655f49ab40a684aef6722cc7c6fc,0.11,,,
178,2026-05-29,SZ002460,0.0002701386692933738,EXP_LinearModel_Alpha158_csi300_custom_step0_s_20260530_14,d8b3655f49ab40a684aef6722cc7c6fc,0.11,,,
179,2026-05-29,SZ003816,0.023032791912555695,EXP_LinearModel_Alpha158_csi300_custom_step0_s_20260530_14,d8b3655f49ab40a684aef6722cc7c6fc,0.11,,,
180,2026-05-29,SZ002938,-0.06865328550338745,EXP_LinearModel_Alpha158_csi300_custom_step0_s_20260530_14,d8b3655f49ab40a684aef6722cc7c6fc,0.11,,,
181,2026-05-29,SZ002920,0.009667810052633286,EXP_LinearModel_Alpha158_csi300_custom_step0_s_20260530_14,d8b3655f49ab40a684aef6722cc7c6fc,0.11,,,
182,2026-05-29,SZ002916,-0.0699438825249672,EXP_LinearModel_Alpha158_csi300_custom_step0_s_20260530_14,d8b3655f49ab40a684aef6722cc7c6fc,0.11,,,
183,2026-05-29,SZ002736,1.5336525393649936e-05,EXP_LinearModel_Alpha158_csi300_custom_step0_s_20260530_14,d8b3655f49ab40a684aef6722cc7c6fc,0.11,,,
184,2026-05-29,SZ002714,-0.019499339163303375,EXP_LinearModel_Alpha158_csi300_custom_step0_s_20260530_14,d8b3655f49ab40a684aef6722cc7c6fc,0.11,,,
185,2026-05-29,SZ002709,0.003178405575454235,EXP_LinearModel_Alpha158_csi300_custom_step0_s_20260530_14,d8b3655f49ab40a684aef6722cc7c6fc,0.11,,,
186,2026-05-29,SZ002027,-0.038937151432037354,EXP_LinearModel_Alpha158_csi300_custom_step0_s_20260530_14,d8b3655f49ab40a684aef6722cc7c6fc,0.11,,,
187,2026-05-29,SZ002648,0.022597499191761017,EXP_LinearModel_Alpha158_csi300_custom_step0_s_20260530_14,d8b3655f49ab40a684aef6722cc7c6fc,0.11,,,
188,2026-05-29,SZ002601,0.019578557461500168,EXP_LinearModel_Alpha158_csi300_custom_step0_s_20260530_14,d8b3655f49ab40a684aef6722cc7c6fc,0.11,,,
189,2026-05-29,SZ002600,0.02876603603363037,EXP_LinearModel_Alpha158_csi300_custom_step0_s_20260530_14,d8b3655f49ab40a684aef6722cc7c6fc,0.11,,,
190,2026-05-29,SZ002594,-0.03797903284430504,EXP_LinearModel_Alpha158_csi300_custom_step0_s_20260530_14,d8b3655f49ab40a684aef6722cc7c6fc,0.11,,,
191,2026-05-29,SZ002493,-0.003258258104324341,EXP_LinearModel_Alpha158_csi300_custom_step0_s_20260530_14,d8b3655f49ab40a684aef6722cc7c6fc,0.11,,,
192,2026-05-29,SZ002475,-0.009089488536119461,EXP_LinearModel_Alpha158_csi300_custom_step0_s_20260530_14,d8b3655f49ab40a684aef6722cc7c6fc,0.11,,,
193,2026-05-29,SZ002466,-0.02533876523375511,EXP_LinearModel_Alpha158_csi300_custom_step0_s_20260530_14,d8b3655f49ab40a684aef6722cc7c6fc,0.11,,,
194,2026-05-29,SZ002463,-0.09765125811100006,EXP_LinearModel_Alpha158_csi300_custom_step0_s_20260530_14,d8b3655f49ab40a684aef6722cc7c6fc,0.11,,,
195,2026-05-29,SZ002625,-0.009458377957344055,EXP_LinearModel_Alpha158_csi300_custom_step0_s_20260530_14,d8b3655f49ab40a684aef6722cc7c6fc,0.11,,,
196,2026-05-29,SZ002001,0.05516659468412399,EXP_LinearModel_Alpha158_csi300_custom_step0_s_20260530_14,d8b3655f49ab40a684aef6722cc7c6fc,0.11,,,
197,2026-05-29,SZ001979,-0.04456218332052231,EXP_LinearModel_Alpha158_csi300_custom_step0_s_20260530_14,d8b3655f49ab40a684aef6722cc7c6fc,0.11,,,
198,2026-05-29,SZ001965,0.027155889198184013,EXP_LinearModel_Alpha158_csi300_custom_step0_s_20260530_14,d8b3655f49ab40a684aef6722cc7c6fc,0.11,,,
199,2026-05-29,SZ000625,-0.037263400852680206,EXP_LinearModel_Alpha158_csi300_custom_step0_s_20260530_14,d8b3655f49ab40a684aef6722cc7c6fc,0.11,,,
200,2026-05-29,SZ000617,0.03445840999484062,EXP_LinearModel_Alpha158_csi300_custom_step0_s_20260530_14,d8b3655f49ab40a684aef6722cc7c6fc,0.11,,,
201,2026-05-29,SZ000596,-0.04931912571191788,EXP_LinearModel_Alpha158_csi300_custom_step0_s_20260530_14,d8b3655f49ab40a684aef6722cc7c6fc,0.11,,,
202,2026-05-29,SZ000568,-0.034970395267009735,EXP_LinearModel_Alpha158_csi300_custom_step0_s_20260530_14,d8b3655f49ab40a684aef6722cc7c6fc,0.11,,,
203,2026-05-29,SZ000538,0.005953378044068813,EXP_LinearModel_Alpha158_csi300_custom_step0_s_20260530_14,d8b3655f49ab40a684aef6722cc7c6fc,0.11,,,
204,2026-05-29,SZ000425,0.008714533410966396,EXP_LinearModel_Alpha158_csi300_custom_step0_s_20260530_14,d8b3655f49ab40a684aef6722cc7c6fc,0.11,,,
205,2026-05-29,SZ000408,-0.05577358230948448,EXP_LinearModel_Alpha158_csi300_custom_step0_s_20260530_14,d8b3655f49ab40a684aef6722cc7c6fc,0.11,,,
206,2026-05-29,SZ000630,-0.1168583333492279,EXP_LinearModel_Alpha158_csi300_custom_step0_s_20260530_14,d8b3655f49ab40a684aef6722cc7c6fc,0.11,,,
207,2026-05-29,SZ000338,-0.06526067852973938,EXP_LinearModel_Alpha158_csi300_custom_step0_s_20260530_14,d8b3655f49ab40a684aef6722cc7c6fc,0.11,,,
208,2026-05-29,SZ000301,-0.026835203170776367,EXP_LinearModel_Alpha158_csi300_custom_step0_s_20260530_14,d8b3655f49ab40a684aef6722cc7c6fc,0.11,,,
209,2026-05-29,SZ000166,-0.019831959158182144,EXP_LinearModel_Alpha158_csi300_custom_step0_s_20260530_14,d8b3655f49ab40a684aef6722cc7c6fc,0.11,,,
210,2026-05-29,SZ000157,0.0526917427778244,EXP_LinearModel_Alpha158_csi300_custom_step0_s_20260530_14,d8b3655f49ab40a684aef6722cc7c6fc,0.11,,,
211,2026-05-29,SZ000100,-0.035803020000457764,EXP_LinearModel_Alpha158_csi300_custom_step0_s_20260530_14,d8b3655f49ab40a684aef6722cc7c6fc,0.11,,,
212,2026-05-29,SZ000063,0.04428430646657944,EXP_LinearModel_Alpha158_csi300_custom_step0_s_20260530_14,d8b3655f49ab40a684aef6722cc7c6fc,0.11,,,
213,2026-05-29,SZ000002,0.03191957622766495,EXP_LinearModel_Alpha158_csi300_custom_step0_s_20260530_14,d8b3655f49ab40a684aef6722cc7c6fc,0.11,,,
214,2026-05-29,SZ000001,0.03949051722884178,EXP_LinearModel_Alpha158_csi300_custom_step0_s_20260530_14,d8b3655f49ab40a684aef6722cc7c6fc,0.11,,,
215,2026-05-29,SZ000333,0.0042853327468037605,EXP_LinearModel_Alpha158_csi300_custom_step0_s_20260530_14,d8b3655f49ab40a684aef6722cc7c6fc,0.11,,,
216,2026-05-29,SZ300014,0.01369741652160883,EXP_LinearModel_Alpha158_csi300_custom_step0_s_20260530_14,d8b3655f49ab40a684aef6722cc7c6fc,0.11,,,
217,2026-05-29,SZ000651,0.04236438125371933,EXP_LinearModel_Alpha158_csi300_custom_step0_s_20260530_14,d8b3655f49ab40a684aef6722cc7c6fc,0.11,,,
218,2026-05-29,SZ000708,-0.007013529539108276,EXP_LinearModel_Alpha158_csi300_custom_step0_s_20260530_14,d8b3655f49ab40a684aef6722cc7c6fc,0.11,,,
219,2026-05-29,SZ001391,-0.044579993933439255,EXP_LinearModel_Alpha158_csi300_custom_step0_s_20260530_14,d8b3655f49ab40a684aef6722cc7c6fc,0.11,,,
220,2026-05-29,SZ000999,0.02604829892516136,EXP_LinearModel_Alpha158_csi300_custom_step0_s_20260530_14,d8b3655f49ab40a684aef6722cc7c6fc,0.11,,,
221,2026-05-29,SZ000983,-0.0070420834235847,EXP_LinearModel_Alpha158_csi300_custom_step0_s_20260530_14,d8b3655f49ab40a684aef6722cc7c6fc,0.11,,,
222,2026-05-29,SZ000977,0.07190349698066711,EXP_LinearModel_Alpha158_csi300_custom_step0_s_20260530_14,d8b3655f49ab40a684aef6722cc7c6fc,0.11,,,
223,2026-05-29,SZ000975,0.030101722106337547,EXP_LinearModel_Alpha158_csi300_custom_step0_s_20260530_14,d8b3655f49ab40a684aef6722cc7c6fc,0.11,,,
224,2026-05-29,SZ000963,-0.00501927500590682,EXP_LinearModel_Alpha158_csi300_custom_step0_s_20260530_14,d8b3655f49ab40a684aef6722cc7c6fc,0.11,,,
225,2026-05-29,SZ000938,-0.024312056601047516,EXP_LinearModel_Alpha158_csi300_custom_step0_s_20260530_14,d8b3655f49ab40a684aef6722cc7c6fc,0.11,,,
226,2026-05-29,SZ000661,-0.07609669119119644,EXP_LinearModel_Alpha158_csi300_custom_step0_s_20260530_14,d8b3655f49ab40a684aef6722cc7c6fc,0.11,,,
227,2026-05-29,SZ000895,-0.021341856569051743,EXP_LinearModel_Alpha158_csi300_custom_step0_s_20260530_14,d8b3655f49ab40a684aef6722cc7c6fc,0.11,,,
228,2026-05-29,SZ000858,0.0015155421569943428,EXP_LinearModel_Alpha158_csi300_custom_step0_s_20260530_14,d8b3655f49ab40a684aef6722cc7c6fc,0.11,,,
229,2026-05-29,SZ000807,-0.015046576038002968,EXP_LinearModel_Alpha158_csi300_custom_step0_s_20260530_14,d8b3655f49ab40a684aef6722cc7c6fc,0.11,,,
230,2026-05-29,SZ000792,0.015792038291692734,EXP_LinearModel_Alpha158_csi300_custom_step0_s_20260530_14,d8b3655f49ab40a684aef6722cc7c6fc,0.11,,,
231,2026-05-29,SZ000786,-0.05503532290458679,EXP_LinearModel_Alpha158_csi300_custom_step0_s_20260530_14,d8b3655f49ab40a684aef6722cc7c6fc,0.11,,,
232,2026-05-29,SZ000776,-0.020594801753759384,EXP_LinearModel_Alpha158_csi300_custom_step0_s_20260530_14,d8b3655f49ab40a684aef6722cc7c6fc,0.11,,,
233,2026-05-29,SZ000768,-0.08751661330461502,EXP_LinearModel_Alpha158_csi300_custom_step0_s_20260530_14,d8b3655f49ab40a684aef6722cc7c6fc,0.11,,,
234,2026-05-29,SZ000725,0.10631289333105087,EXP_LinearModel_Alpha158_csi300_custom_step0_s_20260530_14,d8b3655f49ab40a684aef6722cc7c6fc,0.11,,,
235,2026-05-29,SZ000876,-0.05353793874382973,EXP_LinearModel_Alpha158_csi300_custom_step0_s_20260530_14,d8b3655f49ab40a684aef6722cc7c6fc,0.11,,,
236,2026-05-29,SZ300015,-0.04630459472537041,EXP_LinearModel_Alpha158_csi300_custom_step0_s_20260530_14,d8b3655f49ab40a684aef6722cc7c6fc,0.11,,,
237,2026-05-29,SZ300033,-0.021936189383268356,EXP_LinearModel_Alpha158_csi300_custom_step0_s_20260530_14,d8b3655f49ab40a684aef6722cc7c6fc,0.11,,,
238,2026-05-29,SZ300059,-0.03424859791994095,EXP_LinearModel_Alpha158_csi300_custom_step0_s_20260530_14,d8b3655f49ab40a684aef6722cc7c6fc,0.11,,,
239,2026-05-29,SH600104,0.009995609521865845,EXP_LinearModel_Alpha158_csi300_custom_step0_s_20260530_14,76f9b6238f3543b2b28aa30f9ef8d78f,0.102,,,
240,2026-05-29,SH600089,-0.0685967206954956,EXP_LinearModel_Alpha158_csi300_custom_step0_s_20260530_14,76f9b6238f3543b2b28aa30f9ef8d78f,0.102,,,
241,2026-05-29,SH600085,0.05393606424331665,EXP_LinearModel_Alpha158_csi300_custom_step0_s_20260530_14,76f9b6238f3543b2b28aa30f9ef8d78f,0.102,,,
242,2026-05-29,SH600066,-0.004477365408092737,EXP_LinearModel_Alpha158_csi300_custom_step0_s_20260530_14,76f9b6238f3543b2b28aa30f9ef8d78f,0.102,,,
243,2026-05-29,SH600061,0.02411830611526966,EXP_LinearModel_Alpha158_csi300_custom_step0_s_20260530_14,76f9b6238f3543b2b28aa30f9ef8d78f,0.102,,,
244,2026-05-29,SH600050,-0.08438099920749664,EXP_LinearModel_Alpha158_csi300_custom_step0_s_20260530_14,76f9b6238f3543b2b28aa30f9ef8d78f,0.102,,,
245,2026-05-29,SH600048,-0.007038593292236328,EXP_LinearModel_Alpha158_csi300_custom_step0_s_20260530_14,76f9b6238f3543b2b28aa30f9ef8d78f,0.102,,,
246,2026-05-29,SH600111,-0.03682776913046837,EXP_LinearModel_Alpha158_csi300_custom_step0_s_20260530_14,76f9b6238f3543b2b28aa30f9ef8d78f,0.102,,,
247,2026-05-29,SH600039,0.05064135789871216,EXP_LinearModel_Alpha158_csi300_custom_step0_s_20260530_14,76f9b6238f3543b2b28aa30f9ef8d78f,0.102,,,
248,2026-05-29,SH600031,-0.010609595105051994,EXP_LinearModel_Alpha158_csi300_custom_step0_s_20260530_14,76f9b6238f3543b2b28aa30f9ef8d78f,0.102,,,
249,2026-05-29,SH600030,-0.0069483807310462,EXP_LinearModel_Alpha158_csi300_custom_step0_s_20260530_14,76f9b6238f3543b2b28aa30f9ef8d78f,0.102,,,
250,2026-05-29,SH600029,-0.09180223941802979,EXP_LinearModel_Alpha158_csi300_custom_step0_s_20260530_14,76f9b6238f3543b2b28aa30f9ef8d78f,0.102,,,
251,2026-05-29,SH600028,-0.23056647181510925,EXP_LinearModel_Alpha158_csi300_custom_step0_s_20260530_14,76f9b6238f3543b2b28aa30f9ef8d78f,0.102,,,
252,2026-05-29,SH600027,0.05257321894168854,EXP_LinearModel_Alpha158_csi300_custom_step0_s_20260530_14,76f9b6238f3543b2b28aa30f9ef8d78f,0.102,,,
253,2026-05-29,SH600026,-0.044540200382471085,EXP_LinearModel_Alpha158_csi300_custom_step0_s_20260530_14,76f9b6238f3543b2b28aa30f9ef8d78f,0.102,,,
254,2026-05-29,SH600025,0.0671892985701561,EXP_LinearModel_Alpha158_csi300_custom_step0_s_20260530_14,76f9b6238f3543b2b28aa30f9ef8d78f,0.102,,,
255,2026-05-29,SH600036,0.014744311571121216,EXP_LinearModel_Alpha158_csi300_custom_step0_s_20260530_14,76f9b6238f3543b2b28aa30f9ef8d78f,0.102,,,
256,2026-05-29,SH600023,0.04568857699632645,EXP_LinearModel_Alpha158_csi300_custom_step0_s_20260530_14,76f9b6238f3543b2b28aa30f9ef8d78f,0.102,,,
257,2026-05-29,SH600115,-0.09627338498830795,EXP_LinearModel_Alpha158_csi300_custom_step0_s_20260530_14,76f9b6238f3543b2b28aa30f9ef8d78f,0.102,,,
258,2026-05-29,SH600160,-0.010048385709524155,EXP_LinearModel_Alpha158_csi300_custom_step0_s_20260530_14,76f9b6238f3543b2b28aa30f9ef8d78f,0.102,,,
259,2026-05-29,SH600426,0.06848660856485367,EXP_LinearModel_Alpha158_csi300_custom_step0_s_20260530_14,76f9b6238f3543b2b28aa30f9ef8d78f,0.102,,,
260,2026-05-29,SH600415,-0.0505017526447773,EXP_LinearModel_Alpha158_csi300_custom_step0_s_20260530_14,76f9b6238f3543b2b28aa30f9ef8d78f,0.102,,,
261,2026-05-29,SH600406,-0.0770435705780983,EXP_LinearModel_Alpha158_csi300_custom_step0_s_20260530_14,76f9b6238f3543b2b28aa30f9ef8d78f,0.102,,,
262,2026-05-29,SH600377,0.0038946170825511217,EXP_LinearModel_Alpha158_csi300_custom_step0_s_20260530_14,76f9b6238f3543b2b28aa30f9ef8d78f,0.102,,,
263,2026-05-29,SH600372,-0.04572289437055588,EXP_LinearModel_Alpha158_csi300_custom_step0_s_20260530_14,76f9b6238f3543b2b28aa30f9ef8d78f,0.102,,,
264,2026-05-29,SH600362,-0.09413783252239227,EXP_LinearModel_Alpha158_csi300_custom_step0_s_20260530_14,76f9b6238f3543b2b28aa30f9ef8d78f,0.102,,,
265,2026-05-29,SH600346,-0.028280658647418022,EXP_LinearModel_Alpha158_csi300_custom_step0_s_20260530_14,76f9b6238f3543b2b28aa30f9ef8d78f,0.102,,,
266,2026-05-29,SH600150,0.06313283741474152,EXP_LinearModel_Alpha158_csi300_custom_step0_s_20260530_14,76f9b6238f3543b2b28aa30f9ef8d78f,0.102,,,
267,2026-05-29,SH600309,0.030642114579677582,EXP_LinearModel_Alpha158_csi300_custom_step0_s_20260530_14,76f9b6238f3543b2b28aa30f9ef8d78f,0.102,,,
268,2026-05-29,SH600233,0.04176899045705795,EXP_LinearModel_Alpha158_csi300_custom_step0_s_20260530_14,76f9b6238f3543b2b28aa30f9ef8d78f,0.102,,,
269,2026-05-29,SH600219,-0.04522271826863289,EXP_LinearModel_Alpha158_csi300_custom_step0_s_20260530_14,76f9b6238f3543b2b28aa30f9ef8d78f,0.102,,,
270,2026-05-29,SH600196,-0.08199801295995712,EXP_LinearModel_Alpha158_csi300_custom_step0_s_20260530_14,76f9b6238f3543b2b28aa30f9ef8d78f,0.102,,,
271,2026-05-29,SH600188,-0.024693071842193604,EXP_LinearModel_Alpha158_csi300_custom_step0_s_20260530_14,76f9b6238f3543b2b28aa30f9ef8d78f,0.102,,,
272,2026-05-29,SH600183,-0.11853243410587311,EXP_LinearModel_Alpha158_csi300_custom_step0_s_20260530_14,76f9b6238f3543b2b28aa30f9ef8d78f,0.102,,,
273,2026-05-29,SH600176,-0.09589901566505432,EXP_LinearModel_Alpha158_csi300_custom_step0_s_20260530_14,76f9b6238f3543b2b28aa30f9ef8d78f,0.102,,,
274,2026-05-29,SH600161,0.02884066291153431,EXP_LinearModel_Alpha158_csi300_custom_step0_s_20260530_14,76f9b6238f3543b2b28aa30f9ef8d78f,0.102,,,
275,2026-05-29,SH600276,-0.012423831969499588,EXP_LinearModel_Alpha158_csi300_custom_step0_s_20260530_14,76f9b6238f3543b2b28aa30f9ef8d78f,0.102,,,
276,2026-05-29,SH600438,,EXP_LinearModel_Alpha158_csi300_custom_step0_s_20260530_14,76f9b6238f3543b2b28aa30f9ef8d78f,0.102,,,
277,2026-05-29,SH600019,0.04233482852578163,EXP_LinearModel_Alpha158_csi300_custom_step0_s_20260530_14,76f9b6238f3543b2b28aa30f9ef8d78f,0.102,,,
278,2026-05-29,SH600016,0.04271955043077469,EXP_LinearModel_Alpha158_csi300_custom_step0_s_20260530_14,76f9b6238f3543b2b28aa30f9ef8d78f,0.102,,,
279,2026-05-29,SZ300502,-0.1556326299905777,EXP_LinearModel_Alpha158_csi300_custom_step0_s_20260530_14,d8b3655f49ab40a684aef6722cc7c6fc,0.11,,,
280,2026-05-29,SZ300498,-0.012863212265074253,EXP_LinearModel_Alpha158_csi300_custom_step0_s_20260530_14,d8b3655f49ab40a684aef6722cc7c6fc,0.11,,,
281,2026-05-29,SZ300476,-0.05393199250102043,EXP_LinearModel_Alpha158_csi300_custom_step0_s_20260530_14,d8b3655f49ab40a684aef6722cc7c6fc,0.11,,,
282,2026-05-29,SZ300442,-0.08659596741199493,EXP_LinearModel_Alpha158_csi300_custom_step0_s_20260530_14,d8b3655f49ab40a684aef6722cc7c6fc,0.11,,,
283,2026-05-29,SZ300433,-0.010612728074193,EXP_LinearModel_Alpha158_csi300_custom_step0_s_20260530_14,d8b3655f49ab40a684aef6722cc7c6fc,0.11,,,
284,2026-05-29,SZ300418,-0.06494779884815216,EXP_LinearModel_Alpha158_csi300_custom_step0_s_20260530_14,d8b3655f49ab40a684aef6722cc7c6fc,0.11,,,
285,2026-05-29,SZ300413,-0.03121115267276764,EXP_LinearModel_Alpha158_csi300_custom_step0_s_20260530_14,d8b3655f49ab40a684aef6722cc7c6fc,0.11,,,
286,2026-05-29,SZ300628,0.04182487726211548,EXP_LinearModel_Alpha158_csi300_custom_step0_s_20260530_14,d8b3655f49ab40a684aef6722cc7c6fc,0.11,,,
287,2026-05-29,SZ300408,-0.01664700359106064,EXP_LinearModel_Alpha158_csi300_custom_step0_s_20260530_14,d8b3655f49ab40a684aef6722cc7c6fc,0.11,,,
288,2026-05-29,SZ300347,0.0458601713180542,EXP_LinearModel_Alpha158_csi300_custom_step0_s_20260530_14,d8b3655f49ab40a684aef6722cc7c6fc,0.11,,,
289,2026-05-29,SZ300316,-0.03403913229703903,EXP_LinearModel_Alpha158_csi300_custom_step0_s_20260530_14,d8b3655f49ab40a684aef6722cc7c6fc,0.11,,,
290,2026-05-29,SZ300308,-0.20491303503513336,EXP_LinearModel_Alpha158_csi300_custom_step0_s_20260530_14,d8b3655f49ab40a684aef6722cc7c6fc,0.11,,,
291,2026-05-29,SZ300274,-0.057230640202760696,EXP_LinearModel_Alpha158_csi300_custom_step0_s_20260530_14,d8b3655f49ab40a684aef6722cc7c6fc,0.11,,,
292,2026-05-29,SZ300251,0.0017139539122581482,EXP_LinearModel_Alpha158_csi300_custom_step0_s_20260530_14,d8b3655f49ab40a684aef6722cc7c6fc,0.11,,,
293,2026-05-29,SZ300124,-0.020023735240101814,EXP_LinearModel_Alpha158_csi300_custom_step0_s_20260530_14,d8b3655f49ab40a684aef6722cc7c6fc,0.11,,,
294,2026-05-29,SZ300122,-0.020234515890479088,EXP_LinearModel_Alpha158_csi300_custom_step0_s_20260530_14,d8b3655f49ab40a684aef6722cc7c6fc,0.11,,,
295,2026-05-29,SZ300394,-0.12042970955371857,EXP_LinearModel_Alpha158_csi300_custom_step0_s_20260530_14,d8b3655f49ab40a684aef6722cc7c6fc,0.11,,,
296,2026-05-29,SH600018,0.04027702659368515,EXP_LinearModel_Alpha158_csi300_custom_step0_s_20260530_14,76f9b6238f3543b2b28aa30f9ef8d78f,0.102,,,
297,2026-05-29,SZ300661,-0.07448362559080124,EXP_LinearModel_Alpha158_csi300_custom_step0_s_20260530_14,d8b3655f49ab40a684aef6722cc7c6fc,0.11,,,
298,2026-05-29,SZ300759,-0.01777743548154831,EXP_LinearModel_Alpha158_csi300_custom_step0_s_20260530_14,d8b3655f49ab40a684aef6722cc7c6fc,0.11,,,
299,2026-05-29,SH600015,0.03159481659531593,EXP_LinearModel_Alpha158_csi300_custom_step0_s_20260530_14,76f9b6238f3543b2b28aa30f9ef8d78f,0.102,,,
300,2026-05-29,SH600011,0.06627350300550461,EXP_LinearModel_Alpha158_csi300_custom_step0_s_20260530_14,76f9b6238f3543b2b28aa30f9ef8d78f,0.102,,,
301,2026-05-29,SH600010,-0.07427613437175751,EXP_LinearModel_Alpha158_csi300_custom_step0_s_20260530_14,76f9b6238f3543b2b28aa30f9ef8d78f,0.102,,,
302,2026-05-29,SH600009,-0.007010751403868198,EXP_LinearModel_Alpha158_csi300_custom_step0_s_20260530_14,76f9b6238f3543b2b28aa30f9ef8d78f,0.102,,,
303,2026-05-29,SH600000,-0.01875307224690914,EXP_LinearModel_Alpha158_csi300_custom_step0_s_20260530_14,76f9b6238f3543b2b28aa30f9ef8d78f,0.102,,,
304,2026-05-29,SZ302132,-0.0895204171538353,EXP_LinearModel_Alpha158_csi300_custom_step0_s_20260530_14,d8b3655f49ab40a684aef6722cc7c6fc,0.11,,,
305,2026-05-29,SZ301269,-0.06914685666561127,EXP_LinearModel_Alpha158_csi300_custom_step0_s_20260530_14,d8b3655f49ab40a684aef6722cc7c6fc,0.11,,,
306,2026-05-29,SZ300750,0.01513133104890585,EXP_LinearModel_Alpha158_csi300_custom_step0_s_20260530_14,d8b3655f49ab40a684aef6722cc7c6fc,0.11,,,
307,2026-05-29,SZ301236,-0.02453005313873291,EXP_LinearModel_Alpha158_csi300_custom_step0_s_20260530_14,d8b3655f49ab40a684aef6722cc7c6fc,0.11,,,
308,2026-05-29,SZ300979,0.002727838698774576,EXP_LinearModel_Alpha158_csi300_custom_step0_s_20260530_14,d8b3655f49ab40a684aef6722cc7c6fc,0.11,,,
309,2026-05-29,SZ300896,-0.027975670993328094,EXP_LinearModel_Alpha158_csi300_custom_step0_s_20260530_14,d8b3655f49ab40a684aef6722cc7c6fc,0.11,,,
310,2026-05-29,SZ300866,-0.006384046282619238,EXP_LinearModel_Alpha158_csi300_custom_step0_s_20260530_14,d8b3655f49ab40a684aef6722cc7c6fc,0.11,,,
311,2026-05-29,SZ300832,-0.05502592399716377,EXP_LinearModel_Alpha158_csi300_custom_step0_s_20260530_14,d8b3655f49ab40a684aef6722cc7c6fc,0.11,,,
312,2026-05-29,SZ300803,-0.08020675182342529,EXP_LinearModel_Alpha158_csi300_custom_step0_s_20260530_14,d8b3655f49ab40a684aef6722cc7c6fc,0.11,,,
313,2026-05-29,SZ300782,0.08728282898664474,EXP_LinearModel_Alpha158_csi300_custom_step0_s_20260530_14,d8b3655f49ab40a684aef6722cc7c6fc,0.11,,,
314,2026-05-29,SZ300760,-0.05060473084449768,EXP_LinearModel_Alpha158_csi300_custom_step0_s_20260530_14,d8b3655f49ab40a684aef6722cc7c6fc,0.11,,,
315,2026-05-29,SZ300999,-0.03517823666334152,EXP_LinearModel_Alpha158_csi300_custom_step0_s_20260530_14,d8b3655f49ab40a684aef6722cc7c6fc,0.11,,,
316,2026-05-29,SZ000625,0.0479825921356678,EXP_LinearModel_Alpha158_csi300_custom_step0_s_20260530_14,76f9b6238f3543b2b28aa30f9ef8d78f,0.102,,,
317,2026-05-29,SZ000630,-0.17485307157039642,EXP_LinearModel_Alpha158_csi300_custom_step0_s_20260530_14,76f9b6238f3543b2b28aa30f9ef8d78f,0.102,,,
318,2026-05-29,SZ000651,0.06437285244464874,EXP_LinearModel_Alpha158_csi300_custom_step0_s_20260530_14,76f9b6238f3543b2b28aa30f9ef8d78f,0.102,,,
319,2026-05-29,SH601628,-0.06052694097161293,EXP_LinearModel_Alpha158_csi300_custom_step0_s_20260530_14,2ebf0cd778a64a00b1d5cee4e2c7de16,0.03,,,
320,2026-05-29,SH601618,-0.012632244266569614,EXP_LinearModel_Alpha158_csi300_custom_step0_s_20260530_14,2ebf0cd778a64a00b1d5cee4e2c7de16,0.03,,,
321,2026-05-29,SH601607,-0.0558585599064827,EXP_LinearModel_Alpha158_csi300_custom_step0_s_20260530_14,2ebf0cd778a64a00b1d5cee4e2c7de16,0.03,,,
322,2026-05-29,SH601601,-0.013694518245756626,EXP_LinearModel_Alpha158_csi300_custom_step0_s_20260530_14,2ebf0cd778a64a00b1d5cee4e2c7de16,0.03,,,
323,2026-05-29,SH601600,-0.007088053971529007,EXP_LinearModel_Alpha158_csi300_custom_step0_s_20260530_14,2ebf0cd778a64a00b1d5cee4e2c7de16,0.03,,,
324,2026-05-29,SH601456,0.006749606225639582,EXP_LinearModel_Alpha158_csi300_custom_step0_s_20260530_14,2ebf0cd778a64a00b1d5cee4e2c7de16,0.03,,,
325,2026-05-29,SH601398,0.016122477129101753,EXP_LinearModel_Alpha158_csi300_custom_step0_s_20260530_14,2ebf0cd778a64a00b1d5cee4e2c7de16,0.03,,,
326,2026-05-29,SH601390,-0.004999591037631035,EXP_LinearModel_Alpha158_csi300_custom_step0_s_20260530_14,2ebf0cd778a64a00b1d5cee4e2c7de16,0.03,,,
327,2026-05-29,SH601377,0.07326941192150116,EXP_LinearModel_Alpha158_csi300_custom_step0_s_20260530_14,2ebf0cd778a64a00b1d5cee4e2c7de16,0.03,,,
328,2026-05-29,SH601360,-0.08386135846376419,EXP_LinearModel_Alpha158_csi300_custom_step0_s_20260530_14,2ebf0cd778a64a00b1d5cee4e2c7de16,0.03,,,
329,2026-05-29,SH601336,0.013321383856236935,EXP_LinearModel_Alpha158_csi300_custom_step0_s_20260530_14,2ebf0cd778a64a00b1d5cee4e2c7de16,0.03,,,
330,2026-05-29,SH601328,-0.04521175101399422,EXP_LinearModel_Alpha158_csi300_custom_step0_s_20260530_14,2ebf0cd778a64a00b1d5cee4e2c7de16,0.03,,,
331,2026-05-29,SH601319,0.030377604067325592,EXP_LinearModel_Alpha158_csi300_custom_step0_s_20260530_14,2ebf0cd778a64a00b1d5cee4e2c7de16,0.03,,,
332,2026-05-29,SH601318,0.0014576343819499016,EXP_LinearModel_Alpha158_csi300_custom_step0_s_20260530_14,2ebf0cd778a64a00b1d5cee4e2c7de16,0.03,,,
333,2026-05-29,SH601298,0.05026889219880104,EXP_LinearModel_Alpha158_csi300_custom_step0_s_20260530_14,2ebf0cd778a64a00b1d5cee4e2c7de16,0.03,,,
334,2026-05-29,SH601633,-0.07875115424394608,EXP_LinearModel_Alpha158_csi300_custom_step0_s_20260530_14,2ebf0cd778a64a00b1d5cee4e2c7de16,0.03,,,
335,2026-05-29,SH601658,0.002914674114435911,EXP_LinearModel_Alpha158_csi300_custom_step0_s_20260530_14,2ebf0cd778a64a00b1d5cee4e2c7de16,0.03,,,
336,2026-05-29,SH601668,-0.044625118374824524,EXP_LinearModel_Alpha158_csi300_custom_step0_s_20260530_14,2ebf0cd778a64a00b1d5cee4e2c7de16,0.03,,,
337,2026-05-29,SH601669,-0.021579140797257423,EXP_LinearModel_Alpha158_csi300_custom_step0_s_20260530_14,2ebf0cd778a64a00b1d5cee4e2c7de16,0.03,,,
338,2026-05-29,SH601877,-0.0533154234290123,EXP_LinearModel_Alpha158_csi300_custom_step0_s_20260530_14,2ebf0cd778a64a00b1d5cee4e2c7de16,0.03,,,
339,2026-05-29,SH601872,0.07843200862407684,EXP_LinearModel_Alpha158_csi300_custom_step0_s_20260530_14,2ebf0cd778a64a00b1d5cee4e2c7de16,0.03,,,
340,2026-05-29,SH601868,0.039686419069767,EXP_LinearModel_Alpha158_csi300_custom_step0_s_20260530_14,2ebf0cd778a64a00b1d5cee4e2c7de16,0.03,,,
341,2026-05-29,SH601857,0.013288985937833786,EXP_LinearModel_Alpha158_csi300_custom_step0_s_20260530_14,2ebf0cd778a64a00b1d5cee4e2c7de16,0.03,,,
342,2026-05-29,SH601838,0.0035720113664865494,EXP_LinearModel_Alpha158_csi300_custom_step0_s_20260530_14,2ebf0cd778a64a00b1d5cee4e2c7de16,0.03,,,
343,2026-05-29,SH601825,-0.056802622973918915,EXP_LinearModel_Alpha158_csi300_custom_step0_s_20260530_14,2ebf0cd778a64a00b1d5cee4e2c7de16,0.03,,,
344,2026-05-29,SH601818,-0.012508654035627842,EXP_LinearModel_Alpha158_csi300_custom_step0_s_20260530_14,2ebf0cd778a64a00b1d5cee4e2c7de16,0.03,,,
345,2026-05-29,SH601288,-0.0798993855714798,EXP_LinearModel_Alpha158_csi300_custom_step0_s_20260530_14,2ebf0cd778a64a00b1d5cee4e2c7de16,0.03,,,
346,2026-05-29,SH601816,-0.07364127784967422,EXP_LinearModel_Alpha158_csi300_custom_step0_s_20260530_14,2ebf0cd778a64a00b1d5cee4e2c7de16,0.03,,,
347,2026-05-29,SH601800,-0.018804408609867096,EXP_LinearModel_Alpha158_csi300_custom_step0_s_20260530_14,2ebf0cd778a64a00b1d5cee4e2c7de16,0.03,,,
348,2026-05-29,SH601788,0.0005772032309323549,EXP_LinearModel_Alpha158_csi300_custom_step0_s_20260530_14,2ebf0cd778a64a00b1d5cee4e2c7de16,0.03,,,
349,2026-05-29,SH601766,-0.1333969086408615,EXP_LinearModel_Alpha158_csi300_custom_step0_s_20260530_14,2ebf0cd778a64a00b1d5cee4e2c7de16,0.03,,,
350,2026-05-29,SH601728,-0.1413574367761612,EXP_LinearModel_Alpha158_csi300_custom_step0_s_20260530_14,2ebf0cd778a64a00b1d5cee4e2c7de16,0.03,,,
351,2026-05-29,SH601698,0.0032625235617160797,EXP_LinearModel_Alpha158_csi300_custom_step0_s_20260530_14,2ebf0cd778a64a00b1d5cee4e2c7de16,0.03,,,
352,2026-05-29,SH601689,0.15759311616420746,EXP_LinearModel_Alpha158_csi300_custom_step0_s_20260530_14,2ebf0cd778a64a00b1d5cee4e2c7de16,0.03,,,
353,2026-05-29,SH601688,0.030891457572579384,EXP_LinearModel_Alpha158_csi300_custom_step0_s_20260530_14,2ebf0cd778a64a00b1d5cee4e2c7de16,0.03,,,
354,2026-05-29,SH601808,-0.11612503230571747,EXP_LinearModel_Alpha158_csi300_custom_step0_s_20260530_14,2ebf0cd778a64a00b1d5cee4e2c7de16,0.03,,,
355,2026-05-29,SH601238,0.020667800679802895,EXP_LinearModel_Alpha158_csi300_custom_step0_s_20260530_14,2ebf0cd778a64a00b1d5cee4e2c7de16,0.03,,,
356,2026-05-29,SH601236,-0.0270874984562397,EXP_LinearModel_Alpha158_csi300_custom_step0_s_20260530_14,2ebf0cd778a64a00b1d5cee4e2c7de16,0.03,,,
357,2026-05-29,SH601229,-0.012086647562682629,EXP_LinearModel_Alpha158_csi300_custom_step0_s_20260530_14,2ebf0cd778a64a00b1d5cee4e2c7de16,0.03,,,
358,2026-05-29,SH601006,-0.009606444276869297,EXP_LinearModel_Alpha158_csi300_custom_step0_s_20260530_14,2ebf0cd778a64a00b1d5cee4e2c7de16,0.03,,,
359,2026-05-29,SH600999,0.04935958608984947,EXP_LinearModel_Alpha158_csi300_custom_step0_s_20260530_14,2ebf0cd778a64a00b1d5cee4e2c7de16,0.03,,,
360,2026-05-29,SH600989,0.05387850105762482,EXP_LinearModel_Alpha158_csi300_custom_step0_s_20260530_14,2ebf0cd778a64a00b1d5cee4e2c7de16,0.03,,,
361,2026-05-29,SH600958,,EXP_LinearModel_Alpha158_csi300_custom_step0_s_20260530_14,2ebf0cd778a64a00b1d5cee4e2c7de16,0.03,,,
362,2026-05-29,SH600941,0.037115100771188736,EXP_LinearModel_Alpha158_csi300_custom_step0_s_20260530_14,2ebf0cd778a64a00b1d5cee4e2c7de16,0.03,,,
363,2026-05-29,SH600938,-0.0074366554617881775,EXP_LinearModel_Alpha158_csi300_custom_step0_s_20260530_14,2ebf0cd778a64a00b1d5cee4e2c7de16,0.03,,,
364,2026-05-29,SH600930,-0.061288051307201385,EXP_LinearModel_Alpha158_csi300_custom_step0_s_20260530_14,2ebf0cd778a64a00b1d5cee4e2c7de16,0.03,,,
365,2026-05-29,SH601009,-0.08103172481060028,EXP_LinearModel_Alpha158_csi300_custom_step0_s_20260530_14,2ebf0cd778a64a00b1d5cee4e2c7de16,0.03,,,
366,2026-05-29,SH600926,-0.06423173099756241,EXP_LinearModel_Alpha158_csi300_custom_step0_s_20260530_14,2ebf0cd778a64a00b1d5cee4e2c7de16,0.03,,,
367,2026-05-29,SH600918,-0.05422457307577133,EXP_LinearModel_Alpha158_csi300_custom_step0_s_20260530_14,2ebf0cd778a64a00b1d5cee4e2c7de16,0.03,,,
368,2026-05-29,SH600905,0.0022527955006808043,EXP_LinearModel_Alpha158_csi300_custom_step0_s_20260530_14,2ebf0cd778a64a00b1d5cee4e2c7de16,0.03,,,
369,2026-05-29,SH600900,0.0162652675062418,EXP_LinearModel_Alpha158_csi300_custom_step0_s_20260530_14,2ebf0cd778a64a00b1d5cee4e2c7de16,0.03,,,
370,2026-05-29,SH600893,-0.08173820376396179,EXP_LinearModel_Alpha158_csi300_custom_step0_s_20260530_14,2ebf0cd778a64a00b1d5cee4e2c7de16,0.03,,,
371,2026-05-29,SH600887,0.054247356951236725,EXP_LinearModel_Alpha158_csi300_custom_step0_s_20260530_14,2ebf0cd778a64a00b1d5cee4e2c7de16,0.03,,,
372,2026-05-29,SH600886,-0.007850829511880875,EXP_LinearModel_Alpha158_csi300_custom_step0_s_20260530_14,2ebf0cd778a64a00b1d5cee4e2c7de16,0.03,,,
373,2026-05-29,SH600875,0.07068061083555222,EXP_LinearModel_Alpha158_csi300_custom_step0_s_20260530_14,2ebf0cd778a64a00b1d5cee4e2c7de16,0.03,,,
374,2026-05-29,SH600919,0.047810398042201996,EXP_LinearModel_Alpha158_csi300_custom_step0_s_20260530_14,2ebf0cd778a64a00b1d5cee4e2c7de16,0.03,,,
375,2026-05-29,SH601878,0.08813157677650452,EXP_LinearModel_Alpha158_csi300_custom_step0_s_20260530_14,2ebf0cd778a64a00b1d5cee4e2c7de16,0.03,,,
376,2026-05-29,SH601012,0.039663925766944885,EXP_LinearModel_Alpha158_csi300_custom_step0_s_20260530_14,2ebf0cd778a64a00b1d5cee4e2c7de16,0.03,,,
377,2026-05-29,SH601021,-0.05886271223425865,EXP_LinearModel_Alpha158_csi300_custom_step0_s_20260530_14,2ebf0cd778a64a00b1d5cee4e2c7de16,0.03,,,
378,2026-05-29,SH601225,0.02806130051612854,EXP_LinearModel_Alpha158_csi300_custom_step0_s_20260530_14,2ebf0cd778a64a00b1d5cee4e2c7de16,0.03,,,
379,2026-05-29,SH601211,-0.04040944203734398,EXP_LinearModel_Alpha158_csi300_custom_step0_s_20260530_14,2ebf0cd778a64a00b1d5cee4e2c7de16,0.03,,,
380,2026-05-29,SH601186,-0.02564934827387333,EXP_LinearModel_Alpha158_csi300_custom_step0_s_20260530_14,2ebf0cd778a64a00b1d5cee4e2c7de16,0.03,,,
381,2026-05-29,SH601169,-0.07037903368473053,EXP_LinearModel_Alpha158_csi300_custom_step0_s_20260530_14,2ebf0cd778a64a00b1d5cee4e2c7de16,0.03,,,
382,2026-05-29,SH601166,0.003974755294620991,EXP_LinearModel_Alpha158_csi300_custom_step0_s_20260530_14,2ebf0cd778a64a00b1d5cee4e2c7de16,0.03,,,
383,2026-05-29,SH601138,-0.05083712190389633,EXP_LinearModel_Alpha158_csi300_custom_step0_s_20260530_14,2ebf0cd778a64a00b1d5cee4e2c7de16,0.03,,,
384,2026-05-29,SH601136,-0.07235847413539886,EXP_LinearModel_Alpha158_csi300_custom_step0_s_20260530_14,2ebf0cd778a64a00b1d5cee4e2c7de16,0.03,,,
385,2026-05-29,SH601018,-0.016590505838394165,EXP_LinearModel_Alpha158_csi300_custom_step0_s_20260530_14,2ebf0cd778a64a00b1d5cee4e2c7de16,0.03,,,
386,2026-05-29,SH601127,0.0014728241367265582,EXP_LinearModel_Alpha158_csi300_custom_step0_s_20260530_14,2ebf0cd778a64a00b1d5cee4e2c7de16,0.03,,,
387,2026-05-29,SH601111,-0.017597658559679985,EXP_LinearModel_Alpha158_csi300_custom_step0_s_20260530_14,2ebf0cd778a64a00b1d5cee4e2c7de16,0.03,,,
388,2026-05-29,SH601100,0.18288426101207733,EXP_LinearModel_Alpha158_csi300_custom_step0_s_20260530_14,2ebf0cd778a64a00b1d5cee4e2c7de16,0.03,,,
389,2026-05-29,SH601088,0.07673757523298264,EXP_LinearModel_Alpha158_csi300_custom_step0_s_20260530_14,2ebf0cd778a64a00b1d5cee4e2c7de16,0.03,,,
390,2026-05-29,SH601077,-0.07828431576490402,EXP_LinearModel_Alpha158_csi300_custom_step0_s_20260530_14,2ebf0cd778a64a00b1d5cee4e2c7de16,0.03,,,
391,2026-05-29,SH601066,-0.003748161718249321,EXP_LinearModel_Alpha158_csi300_custom_step0_s_20260530_14,2ebf0cd778a64a00b1d5cee4e2c7de16,0.03,,,
392,2026-05-29,SH601059,0.03232303261756897,EXP_LinearModel_Alpha158_csi300_custom_step0_s_20260530_14,2ebf0cd778a64a00b1d5cee4e2c7de16,0.03,,,
393,2026-05-29,SH601058,0.06266182661056519,EXP_LinearModel_Alpha158_csi300_custom_step0_s_20260530_14,2ebf0cd778a64a00b1d5cee4e2c7de16,0.03,,,
394,2026-05-29,SH601117,0.01445638295263052,EXP_LinearModel_Alpha158_csi300_custom_step0_s_20260530_14,2ebf0cd778a64a00b1d5cee4e2c7de16,0.03,,,
395,2026-05-29,SH601881,0.06649649888277054,EXP_LinearModel_Alpha158_csi300_custom_step0_s_20260530_14,2ebf0cd778a64a00b1d5cee4e2c7de16,0.03,,,
396,2026-05-29,SH601888,0.02759431302547455,EXP_LinearModel_Alpha158_csi300_custom_step0_s_20260530_14,2ebf0cd778a64a00b1d5cee4e2c7de16,0.03,,,
397,2026-05-29,SH601898,0.01985863223671913,EXP_LinearModel_Alpha158_csi300_custom_step0_s_20260530_14,2ebf0cd778a64a00b1d5cee4e2c7de16,0.03,,,
398,2026-05-29,SZ000568,0.031364552676677704,EXP_LinearModel_Alpha158_csi300_custom_step0_s_20260530_14,2ebf0cd778a64a00b1d5cee4e2c7de16,0.03,,,
399,2026-05-29,SZ000538,-0.09043183922767639,EXP_LinearModel_Alpha158_csi300_custom_step0_s_20260530_14,2ebf0cd778a64a00b1d5cee4e2c7de16,0.03,,,
400,2026-05-29,SZ000425,0.028450217097997665,EXP_LinearModel_Alpha158_csi300_custom_step0_s_20260530_14,2ebf0cd778a64a00b1d5cee4e2c7de16,0.03,,,
401,2026-05-29,SZ000408,0.12078159302473068,EXP_LinearModel_Alpha158_csi300_custom_step0_s_20260530_14,2ebf0cd778a64a00b1d5cee4e2c7de16,0.03,,,
402,2026-05-29,SZ000338,0.07898140698671341,EXP_LinearModel_Alpha158_csi300_custom_step0_s_20260530_14,2ebf0cd778a64a00b1d5cee4e2c7de16,0.03,,,
403,2026-05-29,SZ000333,-0.04506377875804901,EXP_LinearModel_Alpha158_csi300_custom_step0_s_20260530_14,2ebf0cd778a64a00b1d5cee4e2c7de16,0.03,,,
404,2026-05-29,SZ000301,-0.009076970629394054,EXP_LinearModel_Alpha158_csi300_custom_step0_s_20260530_14,2ebf0cd778a64a00b1d5cee4e2c7de16,0.03,,,
405,2026-05-29,SZ000596,0.012699841521680355,EXP_LinearModel_Alpha158_csi300_custom_step0_s_20260530_14,2ebf0cd778a64a00b1d5cee4e2c7de16,0.03,,,
406,2026-05-29,SZ000166,0.04605735093355179,EXP_LinearModel_Alpha158_csi300_custom_step0_s_20260530_14,2ebf0cd778a64a00b1d5cee4e2c7de16,0.03,,,
407,2026-05-29,SZ000100,0.007064553909003735,EXP_LinearModel_Alpha158_csi300_custom_step0_s_20260530_14,2ebf0cd778a64a00b1d5cee4e2c7de16,0.03,,,
408,2026-05-29,SZ000063,0.0029411185532808304,EXP_LinearModel_Alpha158_csi300_custom_step0_s_20260530_14,2ebf0cd778a64a00b1d5cee4e2c7de16,0.03,,,
409,2026-05-29,SZ000002,0.05371268466114998,EXP_LinearModel_Alpha158_csi300_custom_step0_s_20260530_14,2ebf0cd778a64a00b1d5cee4e2c7de16,0.03,,,
410,2026-05-29,SZ000001,0.0029457283671945333,EXP_LinearModel_Alpha158_csi300_custom_step0_s_20260530_14,2ebf0cd778a64a00b1d5cee4e2c7de16,0.03,,,
411,2026-05-29,SH688981,-0.07626113295555115,EXP_LinearModel_Alpha158_csi300_custom_step0_s_20260530_14,2ebf0cd778a64a00b1d5cee4e2c7de16,0.03,,,
412,2026-05-29,SH688506,0.0003252793103456497,EXP_LinearModel_Alpha158_csi300_custom_step0_s_20260530_14,2ebf0cd778a64a00b1d5cee4e2c7de16,0.03,,,
413,2026-05-29,SH688472,0.15543250739574432,EXP_LinearModel_Alpha158_csi300_custom_step0_s_20260530_14,2ebf0cd778a64a00b1d5cee4e2c7de16,0.03,,,
414,2026-05-29,SZ000157,-0.017179438844323158,EXP_LinearModel_Alpha158_csi300_custom_step0_s_20260530_14,2ebf0cd778a64a00b1d5cee4e2c7de16,0.03,,,
415,2026-05-29,SH688396,0.043414127081632614,EXP_LinearModel_Alpha158_csi300_custom_step0_s_20260530_14,2ebf0cd778a64a00b1d5cee4e2c7de16,0.03,,,
416,2026-05-29,SZ000617,-0.08683140575885773,EXP_LinearModel_Alpha158_csi300_custom_step0_s_20260530_14,2ebf0cd778a64a00b1d5cee4e2c7de16,0.03,,,
417,2026-05-29,SZ000630,-0.13432413339614868,EXP_LinearModel_Alpha158_csi300_custom_step0_s_20260530_14,2ebf0cd778a64a00b1d5cee4e2c7de16,0.03,,,
418,2026-05-29,SZ000977,0.015277666971087456,EXP_LinearModel_Alpha158_csi300_custom_step0_s_20260530_14,2ebf0cd778a64a00b1d5cee4e2c7de16,0.03,,,
419,2026-05-29,SZ000975,0.1611916720867157,EXP_LinearModel_Alpha158_csi300_custom_step0_s_20260530_14,2ebf0cd778a64a00b1d5cee4e2c7de16,0.03,,,
420,2026-05-29,SZ000963,-0.03452366963028908,EXP_LinearModel_Alpha158_csi300_custom_step0_s_20260530_14,2ebf0cd778a64a00b1d5cee4e2c7de16,0.03,,,
421,2026-05-29,SZ000938,0.03372839465737343,EXP_LinearModel_Alpha158_csi300_custom_step0_s_20260530_14,2ebf0cd778a64a00b1d5cee4e2c7de16,0.03,,,
422,2026-05-29,SZ000895,-0.04436391592025757,EXP_LinearModel_Alpha158_csi300_custom_step0_s_20260530_14,2ebf0cd778a64a00b1d5cee4e2c7de16,0.03,,,
423,2026-05-29,SZ000876,-0.07644537091255188,EXP_LinearModel_Alpha158_csi300_custom_step0_s_20260530_14,2ebf0cd778a64a00b1d5cee4e2c7de16,0.03,,,
424,2026-05-29,SZ000858,0.021061722189188004,EXP_LinearModel_Alpha158_csi300_custom_step0_s_20260530_14,2ebf0cd778a64a00b1d5cee4e2c7de16,0.03,,,
425,2026-05-29,SZ000625,0.06047363206744194,EXP_LinearModel_Alpha158_csi300_custom_step0_s_20260530_14,2ebf0cd778a64a00b1d5cee4e2c7de16,0.03,,,
426,2026-05-29,SZ000807,0.1558547168970108,EXP_LinearModel_Alpha158_csi300_custom_step0_s_20260530_14,2ebf0cd778a64a00b1d5cee4e2c7de16,0.03,,,
427,2026-05-29,SZ000786,-0.0022708000615239143,EXP_LinearModel_Alpha158_csi300_custom_step0_s_20260530_14,2ebf0cd778a64a00b1d5cee4e2c7de16,0.03,,,
428,2026-05-29,SZ000776,0.02918872982263565,EXP_LinearModel_Alpha158_csi300_custom_step0_s_20260530_14,2ebf0cd778a64a00b1d5cee4e2c7de16,0.03,,,
429,2026-05-29,SZ000768,-0.12450429797172546,EXP_LinearModel_Alpha158_csi300_custom_step0_s_20260530_14,2ebf0cd778a64a00b1d5cee4e2c7de16,0.03,,,
430,2026-05-29,SZ000725,0.053119055926799774,EXP_LinearModel_Alpha158_csi300_custom_step0_s_20260530_14,2ebf0cd778a64a00b1d5cee4e2c7de16,0.03,,,
431,2026-05-29,SZ000708,0.023693574592471123,EXP_LinearModel_Alpha158_csi300_custom_step0_s_20260530_14,2ebf0cd778a64a00b1d5cee4e2c7de16,0.03,,,
432,2026-05-29,SZ000661,-0.04336455091834068,EXP_LinearModel_Alpha158_csi300_custom_step0_s_20260530_14,2ebf0cd778a64a00b1d5cee4e2c7de16,0.03,,,
433,2026-05-29,SZ000651,0.035954032093286514,EXP_LinearModel_Alpha158_csi300_custom_step0_s_20260530_14,2ebf0cd778a64a00b1d5cee4e2c7de16,0.03,,,
434,2026-05-29,SZ000792,0.06662066280841827,EXP_LinearModel_Alpha158_csi300_custom_step0_s_20260530_14,2ebf0cd778a64a00b1d5cee4e2c7de16,0.03,,,
435,2026-05-29,SH600845,-0.015970584005117416,EXP_LinearModel_Alpha158_csi300_custom_step0_s_20260530_14,2ebf0cd778a64a00b1d5cee4e2c7de16,0.03,,,
436,2026-05-29,SH688303,-0.08086448907852173,EXP_LinearModel_Alpha158_csi300_custom_step0_s_20260530_14,2ebf0cd778a64a00b1d5cee4e2c7de16,0.03,,,
437,2026-05-29,SH688256,0.04217981919646263,EXP_LinearModel_Alpha158_csi300_custom_step0_s_20260530_14,2ebf0cd778a64a00b1d5cee4e2c7de16,0.03,,,
438,2026-05-29,SH603369,-0.026065805926918983,EXP_LinearModel_Alpha158_csi300_custom_step0_s_20260530_14,2ebf0cd778a64a00b1d5cee4e2c7de16,0.03,,,
439,2026-05-29,SH603296,-0.01875072345137596,EXP_LinearModel_Alpha158_csi300_custom_step0_s_20260530_14,2ebf0cd778a64a00b1d5cee4e2c7de16,0.03,,,
440,2026-05-29,SH603288,-0.04148112237453461,EXP_LinearModel_Alpha158_csi300_custom_step0_s_20260530_14,2ebf0cd778a64a00b1d5cee4e2c7de16,0.03,,,
441,2026-05-29,SH603260,0.028884032741189003,EXP_LinearModel_Alpha158_csi300_custom_step0_s_20260530_14,2ebf0cd778a64a00b1d5cee4e2c7de16,0.03,,,
442,2026-05-29,SH603259,0.024776343256235123,EXP_LinearModel_Alpha158_csi300_custom_step0_s_20260530_14,2ebf0cd778a64a00b1d5cee4e2c7de16,0.03,,,
443,2026-05-29,SH603195,0.04928647354245186,EXP_LinearModel_Alpha158_csi300_custom_step0_s_20260530_14,2ebf0cd778a64a00b1d5cee4e2c7de16,0.03,,,
444,2026-05-29,SH603019,-0.028022736310958862,EXP_LinearModel_Alpha158_csi300_custom_step0_s_20260530_14,2ebf0cd778a64a00b1d5cee4e2c7de16,0.03,,,
445,2026-05-29,SH603392,-0.17849700152873993,EXP_LinearModel_Alpha158_csi300_custom_step0_s_20260530_14,2ebf0cd778a64a00b1d5cee4e2c7de16,0.03,,,
446,2026-05-29,SH601998,-0.1010626032948494,EXP_LinearModel_Alpha158_csi300_custom_step0_s_20260530_14,2ebf0cd778a64a00b1d5cee4e2c7de16,0.03,,,
447,2026-05-29,SH601988,0.05365755409002304,EXP_LinearModel_Alpha158_csi300_custom_step0_s_20260530_14,2ebf0cd778a64a00b1d5cee4e2c7de16,0.03,,,
448,2026-05-29,SH601985,0.017062552273273468,EXP_LinearModel_Alpha158_csi300_custom_step0_s_20260530_14,2ebf0cd778a64a00b1d5cee4e2c7de16,0.03,,,
449,2026-05-29,SH601939,0.01164302695542574,EXP_LinearModel_Alpha158_csi300_custom_step0_s_20260530_14,2ebf0cd778a64a00b1d5cee4e2c7de16,0.03,,,
450,2026-05-29,SH601919,-0.004661856219172478,EXP_LinearModel_Alpha158_csi300_custom_step0_s_20260530_14,2ebf0cd778a64a00b1d5cee4e2c7de16,0.03,,,
451,2026-05-29,SH601916,0.023740652948617935,EXP_LinearModel_Alpha158_csi300_custom_step0_s_20260530_14,2ebf0cd778a64a00b1d5cee4e2c7de16,0.03,,,
452,2026-05-29,SH601901,0.053039196878671646,EXP_LinearModel_Alpha158_csi300_custom_step0_s_20260530_14,2ebf0cd778a64a00b1d5cee4e2c7de16,0.03,,,
453,2026-05-29,SH601899,0.04532478004693985,EXP_LinearModel_Alpha158_csi300_custom_step0_s_20260530_14,2ebf0cd778a64a00b1d5cee4e2c7de16,0.03,,,
454,2026-05-29,SH601995,0.03465493395924568,EXP_LinearModel_Alpha158_csi300_custom_step0_s_20260530_14,2ebf0cd778a64a00b1d5cee4e2c7de16,0.03,,,
455,2026-05-29,SH688271,-0.06021870672702789,EXP_LinearModel_Alpha158_csi300_custom_step0_s_20260530_14,2ebf0cd778a64a00b1d5cee4e2c7de16,0.03,,,
456,2026-05-29,SH603501,0.12619583308696747,EXP_LinearModel_Alpha158_csi300_custom_step0_s_20260530_14,2ebf0cd778a64a00b1d5cee4e2c7de16,0.03,,,
457,2026-05-29,SH603893,0.11417438089847565,EXP_LinearModel_Alpha158_csi300_custom_step0_s_20260530_14,2ebf0cd778a64a00b1d5cee4e2c7de16,0.03,,,
458,2026-05-29,SH688223,0.1265045553445816,EXP_LinearModel_Alpha158_csi300_custom_step0_s_20260530_14,2ebf0cd778a64a00b1d5cee4e2c7de16,0.03,,,
459,2026-05-29,SH688187,-0.03084667958319187,EXP_LinearModel_Alpha158_csi300_custom_step0_s_20260530_14,2ebf0cd778a64a00b1d5cee4e2c7de16,0.03,,,
460,2026-05-29,SH688169,0.12282675504684448,EXP_LinearModel_Alpha158_csi300_custom_step0_s_20260530_14,2ebf0cd778a64a00b1d5cee4e2c7de16,0.03,,,
461,2026-05-29,SH688126,-0.026392197236418724,EXP_LinearModel_Alpha158_csi300_custom_step0_s_20260530_14,2ebf0cd778a64a00b1d5cee4e2c7de16,0.03,,,
462,2026-05-29,SH688111,-0.07987980544567108,EXP_LinearModel_Alpha158_csi300_custom_step0_s_20260530_14,2ebf0cd778a64a00b1d5cee4e2c7de16,0.03,,,
463,2026-05-29,SH688082,-0.16157300770282745,EXP_LinearModel_Alpha158_csi300_custom_step0_s_20260530_14,2ebf0cd778a64a00b1d5cee4e2c7de16,0.03,,,
464,2026-05-29,SH688047,0.13778287172317505,EXP_LinearModel_Alpha158_csi300_custom_step0_s_20260530_14,2ebf0cd778a64a00b1d5cee4e2c7de16,0.03,,,
465,2026-05-29,SH603799,0.06488111615180969,EXP_LinearModel_Alpha158_csi300_custom_step0_s_20260530_14,2ebf0cd778a64a00b1d5cee4e2c7de16,0.03,,,
466,2026-05-29,SH688041,0.1963619440793991,EXP_LinearModel_Alpha158_csi300_custom_step0_s_20260530_14,2ebf0cd778a64a00b1d5cee4e2c7de16,0.03,,,
467,2026-05-29,SH688012,0.12611109018325806,EXP_LinearModel_Alpha158_csi300_custom_step0_s_20260530_14,2ebf0cd778a64a00b1d5cee4e2c7de16,0.03,,,
468,2026-05-29,SH688009,-0.03286959230899811,EXP_LinearModel_Alpha158_csi300_custom_step0_s_20260530_14,2ebf0cd778a64a00b1d5cee4e2c7de16,0.03,,,
469,2026-05-29,SH688008,0.14496882259845734,EXP_LinearModel_Alpha158_csi300_custom_step0_s_20260530_14,2ebf0cd778a64a00b1d5cee4e2c7de16,0.03,,,
470,2026-05-29,SH605499,-0.05330176651477814,EXP_LinearModel_Alpha158_csi300_custom_step0_s_20260530_14,2ebf0cd778a64a00b1d5cee4e2c7de16,0.03,,,
471,2026-05-29,SH605117,0.02212621457874775,EXP_LinearModel_Alpha158_csi300_custom_step0_s_20260530_14,2ebf0cd778a64a00b1d5cee4e2c7de16,0.03,,,
472,2026-05-29,SH603993,-0.01221364177763462,EXP_LinearModel_Alpha158_csi300_custom_step0_s_20260530_14,2ebf0cd778a64a00b1d5cee4e2c7de16,0.03,,,
473,2026-05-29,SH603986,-0.00021736230701208115,EXP_LinearModel_Alpha158_csi300_custom_step0_s_20260530_14,2ebf0cd778a64a00b1d5cee4e2c7de16,0.03,,,
474,2026-05-29,SH688036,0.04732419177889824,EXP_LinearModel_Alpha158_csi300_custom_step0_s_20260530_14,2ebf0cd778a64a00b1d5cee4e2c7de16,0.03,,,
475,2026-05-29,SH600809,0.038489438593387604,EXP_LinearModel_Alpha158_csi300_custom_step0_s_20260530_14,2ebf0cd778a64a00b1d5cee4e2c7de16,0.03,,,
476,2026-05-29,SH600803,-0.08354336768388748,EXP_LinearModel_Alpha158_csi300_custom_step0_s_20260530_14,2ebf0cd778a64a00b1d5cee4e2c7de16,0.03,,,
477,2026-05-29,SH600795,0.06026685610413551,EXP_LinearModel_Alpha158_csi300_custom_step0_s_20260530_14,2ebf0cd778a64a00b1d5cee4e2c7de16,0.03,,,
478,2026-05-29,SZ002938,-0.0038330000825226307,EXP_LinearModel_Alpha158_csi300_custom_step0_s_20260530_14,76f9b6238f3543b2b28aa30f9ef8d78f,0.102,,,
479,2026-05-29,SZ002920,0.007899345830082893,EXP_LinearModel_Alpha158_csi300_custom_step0_s_20260530_14,76f9b6238f3543b2b28aa30f9ef8d78f,0.102,,,
480,2026-05-29,SZ002916,-0.07735084742307663,EXP_LinearModel_Alpha158_csi300_custom_step0_s_20260530_14,76f9b6238f3543b2b28aa30f9ef8d78f,0.102,,,
481,2026-05-29,SZ002736,0.016512373462319374,EXP_LinearModel_Alpha158_csi300_custom_step0_s_20260530_14,76f9b6238f3543b2b28aa30f9ef8d78f,0.102,,,
482,2026-05-29,SZ002714,0.03546568378806114,EXP_LinearModel_Alpha158_csi300_custom_step0_s_20260530_14,76f9b6238f3543b2b28aa30f9ef8d78f,0.102,,,
483,2026-05-29,SZ002709,0.05232394486665726,EXP_LinearModel_Alpha158_csi300_custom_step0_s_20260530_14,76f9b6238f3543b2b28aa30f9ef8d78f,0.102,,,
484,2026-05-29,SZ002648,0.005858296994119883,EXP_LinearModel_Alpha158_csi300_custom_step0_s_20260530_14,76f9b6238f3543b2b28aa30f9ef8d78f,0.102,,,
485,2026-05-29,SZ003816,0.08997917920351028,EXP_LinearModel_Alpha158_csi300_custom_step0_s_20260530_14,76f9b6238f3543b2b28aa30f9ef8d78f,0.102,,,
486,2026-05-29,SZ002625,-0.020602155476808548,EXP_LinearModel_Alpha158_csi300_custom_step0_s_20260530_14,76f9b6238f3543b2b28aa30f9ef8d78f,0.102,,,
487,2026-05-29,SZ002600,0.10825569182634354,EXP_LinearModel_Alpha158_csi300_custom_step0_s_20260530_14,76f9b6238f3543b2b28aa30f9ef8d78f,0.102,,,
488,2026-05-29,SZ002594,-0.06945381313562393,EXP_LinearModel_Alpha158_csi300_custom_step0_s_20260530_14,76f9b6238f3543b2b28aa30f9ef8d78f,0.102,,,
489,2026-05-29,SZ002493,-0.037839166820049286,EXP_LinearModel_Alpha158_csi300_custom_step0_s_20260530_14,76f9b6238f3543b2b28aa30f9ef8d78f,0.102,,,
490,2026-05-29,SZ002475,-0.011479735374450684,EXP_LinearModel_Alpha158_csi300_custom_step0_s_20260530_14,76f9b6238f3543b2b28aa30f9ef8d78f,0.102,,,
491,2026-05-29,SZ002466,-0.02557162567973137,EXP_LinearModel_Alpha158_csi300_custom_step0_s_20260530_14,76f9b6238f3543b2b28aa30f9ef8d78f,0.102,,,
492,2026-05-29,SZ002463,-0.12093765288591385,EXP_LinearModel_Alpha158_csi300_custom_step0_s_20260530_14,76f9b6238f3543b2b28aa30f9ef8d78f,0.102,,,
493,2026-05-29,SZ002460,-0.006186934188008308,EXP_LinearModel_Alpha158_csi300_custom_step0_s_20260530_14,76f9b6238f3543b2b28aa30f9ef8d78f,0.102,,,
494,2026-05-29,SZ002601,-0.057290226221084595,EXP_LinearModel_Alpha158_csi300_custom_step0_s_20260530_14,76f9b6238f3543b2b28aa30f9ef8d78f,0.102,,,
495,2026-05-29,SZ002459,-0.016579408198595047,EXP_LinearModel_Alpha158_csi300_custom_step0_s_20260530_14,76f9b6238f3543b2b28aa30f9ef8d78f,0.102,,,
496,2026-05-29,SZ300014,0.033959873020648956,EXP_LinearModel_Alpha158_csi300_custom_step0_s_20260530_14,76f9b6238f3543b2b28aa30f9ef8d78f,0.102,,,
497,2026-05-29,SZ300033,-0.006801233626902103,EXP_LinearModel_Alpha158_csi300_custom_step0_s_20260530_14,76f9b6238f3543b2b28aa30f9ef8d78f,0.102,,,
498,2026-05-29,SZ300498,0.0393190011382103,EXP_LinearModel_Alpha158_csi300_custom_step0_s_20260530_14,76f9b6238f3543b2b28aa30f9ef8d78f,0.102,,,
499,2026-05-29,SZ300476,-0.06093963235616684,EXP_LinearModel_Alpha158_csi300_custom_step0_s_20260530_14,76f9b6238f3543b2b28aa30f9ef8d78f,0.102,,,
500,2026-05-29,SZ300442,-0.06608420610427856,EXP_LinearModel_Alpha158_csi300_custom_step0_s_20260530_14,76f9b6238f3543b2b28aa30f9ef8d78f,0.102,,,
501,2026-05-29,SZ300433,0.0003819162957370281,EXP_LinearModel_Alpha158_csi300_custom_step0_s_20260530_14,76f9b6238f3543b2b28aa30f9ef8d78f,0.102,,,
502,2026-05-29,SZ300418,-0.08022916316986084,EXP_LinearModel_Alpha158_csi300_custom_step0_s_20260530_14,76f9b6238f3543b2b28aa30f9ef8d78f,0.102,,,
503,2026-05-29,SZ300413,-0.0014672111719846725,EXP_LinearModel_Alpha158_csi300_custom_step0_s_20260530_14,76f9b6238f3543b2b28aa30f9ef8d78f,0.102,,,
504,2026-05-29,SZ300408,-0.019872358068823814,EXP_LinearModel_Alpha158_csi300_custom_step0_s_20260530_14,76f9b6238f3543b2b28aa30f9ef8d78f,0.102,,,
505,2026-05-29,SZ300015,0.0441250205039978,EXP_LinearModel_Alpha158_csi300_custom_step0_s_20260530_14,76f9b6238f3543b2b28aa30f9ef8d78f,0.102,,,
506,2026-05-29,SZ300394,-0.07922530919313431,EXP_LinearModel_Alpha158_csi300_custom_step0_s_20260530_14,76f9b6238f3543b2b28aa30f9ef8d78f,0.102,,,
507,2026-05-29,SZ300316,0.03578697144985199,EXP_LinearModel_Alpha158_csi300_custom_step0_s_20260530_14,76f9b6238f3543b2b28aa30f9ef8d78f,0.102,,,
508,2026-05-29,SZ300308,-0.14299476146697998,EXP_LinearModel_Alpha158_csi300_custom_step0_s_20260530_14,76f9b6238f3543b2b28aa30f9ef8d78f,0.102,,,
509,2026-05-29,SZ300274,0.015036835335195065,EXP_LinearModel_Alpha158_csi300_custom_step0_s_20260530_14,76f9b6238f3543b2b28aa30f9ef8d78f,0.102,,,
510,2026-05-29,SZ300251,0.03629206493496895,EXP_LinearModel_Alpha158_csi300_custom_step0_s_20260530_14,76f9b6238f3543b2b28aa30f9ef8d78f,0.102,,,
511,2026-05-29,SZ300124,0.019377004355192184,EXP_LinearModel_Alpha158_csi300_custom_step0_s_20260530_14,76f9b6238f3543b2b28aa30f9ef8d78f,0.102,,,
512,2026-05-29,SZ300122,-0.04748893529176712,EXP_LinearModel_Alpha158_csi300_custom_step0_s_20260530_14,76f9b6238f3543b2b28aa30f9ef8d78f,0.102,,,
513,2026-05-29,SZ300059,-0.032368745654821396,EXP_LinearModel_Alpha158_csi300_custom_step0_s_20260530_14,76f9b6238f3543b2b28aa30f9ef8d78f,0.102,,,
514,2026-05-29,SZ300347,0.035874053835868835,EXP_LinearModel_Alpha158_csi300_custom_step0_s_20260530_14,76f9b6238f3543b2b28aa30f9ef8d78f,0.102,,,
515,2026-05-29,SZ300502,-0.12545233964920044,EXP_LinearModel_Alpha158_csi300_custom_step0_s_20260530_14,76f9b6238f3543b2b28aa30f9ef8d78f,0.102,,,
516,2026-05-29,SZ002422,0.021207015961408615,EXP_LinearModel_Alpha158_csi300_custom_step0_s_20260530_14,76f9b6238f3543b2b28aa30f9ef8d78f,0.102,,,
517,2026-05-29,SZ002384,-0.00846136175096035,EXP_LinearModel_Alpha158_csi300_custom_step0_s_20260530_14,76f9b6238f3543b2b28aa30f9ef8d78f,0.102,,,
518,2026-05-29,SZ000983,-3.264867700636387e-05,EXP_LinearModel_Alpha158_csi300_custom_step0_s_20260530_14,76f9b6238f3543b2b28aa30f9ef8d78f,0.102,,,
519,2026-05-29,SZ000977,0.036221493035554886,EXP_LinearModel_Alpha158_csi300_custom_step0_s_20260530_14,76f9b6238f3543b2b28aa30f9ef8d78f,0.102,,,
520,2026-05-29,SZ000975,0.026861879974603653,EXP_LinearModel_Alpha158_csi300_custom_step0_s_20260530_14,76f9b6238f3543b2b28aa30f9ef8d78f,0.102,,,
521,2026-05-29,SZ000963,0.035035859793424606,EXP_LinearModel_Alpha158_csi300_custom_step0_s_20260530_14,76f9b6238f3543b2b28aa30f9ef8d78f,0.102,,,
522,2026-05-29,SZ000938,0.005536307580769062,EXP_LinearModel_Alpha158_csi300_custom_step0_s_20260530_14,76f9b6238f3543b2b28aa30f9ef8d78f,0.102,,,
523,2026-05-29,SZ000895,-0.023439493030309677,EXP_LinearModel_Alpha158_csi300_custom_step0_s_20260530_14,76f9b6238f3543b2b28aa30f9ef8d78f,0.102,,,
524,2026-05-29,SZ000876,-0.06500230729579926,EXP_LinearModel_Alpha158_csi300_custom_step0_s_20260530_14,76f9b6238f3543b2b28aa30f9ef8d78f,0.102,,,
525,2026-05-29,SZ000999,0.02704056166112423,EXP_LinearModel_Alpha158_csi300_custom_step0_s_20260530_14,76f9b6238f3543b2b28aa30f9ef8d78f,0.102,,,
526,2026-05-29,SZ000858,0.04332970082759857,EXP_LinearModel_Alpha158_csi300_custom_step0_s_20260530_14,76f9b6238f3543b2b28aa30f9ef8d78f,0.102,,,
527,2026-05-29,SZ000792,0.014009461738169193,EXP_LinearModel_Alpha158_csi300_custom_step0_s_20260530_14,76f9b6238f3543b2b28aa30f9ef8d78f,0.102,,,
528,2026-05-29,SZ000786,-0.05090523138642311,EXP_LinearModel_Alpha158_csi300_custom_step0_s_20260530_14,76f9b6238f3543b2b28aa30f9ef8d78f,0.102,,,
529,2026-05-29,SZ000776,-0.008072485215961933,EXP_LinearModel_Alpha158_csi300_custom_step0_s_20260530_14,76f9b6238f3543b2b28aa30f9ef8d78f,0.102,,,
530,2026-05-29,SZ000768,-0.10245473682880402,EXP_LinearModel_Alpha158_csi300_custom_step0_s_20260530_14,76f9b6238f3543b2b28aa30f9ef8d78f,0.102,,,
531,2026-05-29,SZ000725,0.08180934935808182,EXP_LinearModel_Alpha158_csi300_custom_step0_s_20260530_14,76f9b6238f3543b2b28aa30f9ef8d78f,0.102,,,
532,2026-05-29,SZ000708,0.03585042059421539,EXP_LinearModel_Alpha158_csi300_custom_step0_s_20260530_14,76f9b6238f3543b2b28aa30f9ef8d78f,0.102,,,
533,2026-05-29,SZ000661,-0.06416671723127365,EXP_LinearModel_Alpha158_csi300_custom_step0_s_20260530_14,76f9b6238f3543b2b28aa30f9ef8d78f,0.102,,,
534,2026-05-29,SZ000807,0.038351595401763916,EXP_LinearModel_Alpha158_csi300_custom_step0_s_20260530_14,76f9b6238f3543b2b28aa30f9ef8d78f,0.102,,,
535,2026-05-29,SZ002415,-0.00844934955239296,EXP_LinearModel_Alpha158_csi300_custom_step0_s_20260530_14,76f9b6238f3543b2b28aa30f9ef8d78f,0.102,,,
536,2026-05-29,SZ001391,-0.01426837407052517,EXP_LinearModel_Alpha158_csi300_custom_step0_s_20260530_14,76f9b6238f3543b2b28aa30f9ef8d78f,0.102,,,
537,2026-05-29,SZ001979,-0.024082541465759277,EXP_LinearModel_Alpha158_csi300_custom_step0_s_20260530_14,76f9b6238f3543b2b28aa30f9ef8d78f,0.102,,,
538,2026-05-29,SZ002371,0.08100681751966476,EXP_LinearModel_Alpha158_csi300_custom_step0_s_20260530_14,76f9b6238f3543b2b28aa30f9ef8d78f,0.102,,,
539,2026-05-29,SZ002352,-0.00874113105237484,EXP_LinearModel_Alpha158_csi300_custom_step0_s_20260530_14,76f9b6238f3543b2b28aa30f9ef8d78f,0.102,,,
540,2026-05-29,SZ002311,-0.00608458835631609,EXP_LinearModel_Alpha158_csi300_custom_step0_s_20260530_14,76f9b6238f3543b2b28aa30f9ef8d78f,0.102,,,
541,2026-05-29,SZ002304,0.03993929177522659,EXP_LinearModel_Alpha158_csi300_custom_step0_s_20260530_14,76f9b6238f3543b2b28aa30f9ef8d78f,0.102,,,
542,2026-05-29,SZ002252,0.0023919781669974327,EXP_LinearModel_Alpha158_csi300_custom_step0_s_20260530_14,76f9b6238f3543b2b28aa30f9ef8d78f,0.102,,,
543,2026-05-29,SZ002241,-0.04484039172530174,EXP_LinearModel_Alpha158_csi300_custom_step0_s_20260530_14,76f9b6238f3543b2b28aa30f9ef8d78f,0.102,,,
544,2026-05-29,SZ002236,-0.002562167588621378,EXP_LinearModel_Alpha158_csi300_custom_step0_s_20260530_14,76f9b6238f3543b2b28aa30f9ef8d78f,0.102,,,
545,2026-05-29,SZ001965,0.05412064492702484,EXP_LinearModel_Alpha158_csi300_custom_step0_s_20260530_14,76f9b6238f3543b2b28aa30f9ef8d78f,0.102,,,
546,2026-05-29,SZ002230,0.023753011599183083,EXP_LinearModel_Alpha158_csi300_custom_step0_s_20260530_14,76f9b6238f3543b2b28aa30f9ef8d78f,0.102,,,
547,2026-05-29,SZ002142,0.026691094040870667,EXP_LinearModel_Alpha158_csi300_custom_step0_s_20260530_14,76f9b6238f3543b2b28aa30f9ef8d78f,0.102,,,
548,2026-05-29,SZ002074,-0.03332250565290451,EXP_LinearModel_Alpha158_csi300_custom_step0_s_20260530_14,76f9b6238f3543b2b28aa30f9ef8d78f,0.102,,,
549,2026-05-29,SZ002050,0.0034115291200578213,EXP_LinearModel_Alpha158_csi300_custom_step0_s_20260530_14,76f9b6238f3543b2b28aa30f9ef8d78f,0.102,,,
550,2026-05-29,SZ002049,0.049959614872932434,EXP_LinearModel_Alpha158_csi300_custom_step0_s_20260530_14,76f9b6238f3543b2b28aa30f9ef8d78f,0.102,,,
551,2026-05-29,SZ002028,-0.034457821398973465,EXP_LinearModel_Alpha158_csi300_custom_step0_s_20260530_14,76f9b6238f3543b2b28aa30f9ef8d78f,0.102,,,
552,2026-05-29,SZ002027,0.03778376802802086,EXP_LinearModel_Alpha158_csi300_custom_step0_s_20260530_14,76f9b6238f3543b2b28aa30f9ef8d78f,0.102,,,
553,2026-05-29,SZ002001,0.055505603551864624,EXP_LinearModel_Alpha158_csi300_custom_step0_s_20260530_14,76f9b6238f3543b2b28aa30f9ef8d78f,0.102,,,
554,2026-05-29,SZ002179,0.04420417174696922,EXP_LinearModel_Alpha158_csi300_custom_step0_s_20260530_14,76f9b6238f3543b2b28aa30f9ef8d78f,0.102,,,
555,2026-05-29,SH688981,-0.03765473887324333,EXP_LinearModel_Alpha158_csi300_custom_step0_s_20260530_14,d8b3655f49ab40a684aef6722cc7c6fc,0.11,,,
556,2026-05-29,SZ300628,0.025329986587166786,EXP_LinearModel_Alpha158_csi300_custom_step0_s_20260530_14,76f9b6238f3543b2b28aa30f9ef8d78f,0.102,,,
557,2026-05-29,SZ300750,0.044536709785461426,EXP_LinearModel_Alpha158_csi300_custom_step0_s_20260530_14,76f9b6238f3543b2b28aa30f9ef8d78f,0.102,,,
558,2026-05-29,SH600415,0.017170660197734833,EXP_LinearModel_Alpha158_csi300_custom_step0_s_20260530_14,2ebf0cd778a64a00b1d5cee4e2c7de16,0.03,,,
559,2026-05-29,SH600406,-0.04741173982620239,EXP_LinearModel_Alpha158_csi300_custom_step0_s_20260530_14,2ebf0cd778a64a00b1d5cee4e2c7de16,0.03,,,
560,2026-05-29,SH600377,-0.01779465191066265,EXP_LinearModel_Alpha158_csi300_custom_step0_s_20260530_14,2ebf0cd778a64a00b1d5cee4e2c7de16,0.03,,,
561,2026-05-29,SH600372,-0.039291881024837494,EXP_LinearModel_Alpha158_csi300_custom_step0_s_20260530_14,2ebf0cd778a64a00b1d5cee4e2c7de16,0.03,,,
562,2026-05-29,SH600362,-0.01971132680773735,EXP_LinearModel_Alpha158_csi300_custom_step0_s_20260530_14,2ebf0cd778a64a00b1d5cee4e2c7de16,0.03,,,
563,2026-05-29,SH600346,0.05115624517202377,EXP_LinearModel_Alpha158_csi300_custom_step0_s_20260530_14,2ebf0cd778a64a00b1d5cee4e2c7de16,0.03,,,
564,2026-05-29,SH600309,0.052316635847091675,EXP_LinearModel_Alpha158_csi300_custom_step0_s_20260530_14,2ebf0cd778a64a00b1d5cee4e2c7de16,0.03,,,
565,2026-05-29,SH600426,0.1099415123462677,EXP_LinearModel_Alpha158_csi300_custom_step0_s_20260530_14,2ebf0cd778a64a00b1d5cee4e2c7de16,0.03,,,
566,2026-05-29,SH600276,-0.02983483299612999,EXP_LinearModel_Alpha158_csi300_custom_step0_s_20260530_14,2ebf0cd778a64a00b1d5cee4e2c7de16,0.03,,,
567,2026-05-29,SH600219,0.06136375293135643,EXP_LinearModel_Alpha158_csi300_custom_step0_s_20260530_14,2ebf0cd778a64a00b1d5cee4e2c7de16,0.03,,,
568,2026-05-29,SH600196,-0.10289891064167023,EXP_LinearModel_Alpha158_csi300_custom_step0_s_20260530_14,2ebf0cd778a64a00b1d5cee4e2c7de16,0.03,,,
569,2026-05-29,SH600188,-0.047573693096637726,EXP_LinearModel_Alpha158_csi300_custom_step0_s_20260530_14,2ebf0cd778a64a00b1d5cee4e2c7de16,0.03,,,
570,2026-05-29,SH600183,-0.294987291097641,EXP_LinearModel_Alpha158_csi300_custom_step0_s_20260530_14,2ebf0cd778a64a00b1d5cee4e2c7de16,0.03,,,
571,2026-05-29,SH600176,-0.12193392217159271,EXP_LinearModel_Alpha158_csi300_custom_step0_s_20260530_14,2ebf0cd778a64a00b1d5cee4e2c7de16,0.03,,,
572,2026-05-29,SH600161,-0.009219644591212273,EXP_LinearModel_Alpha158_csi300_custom_step0_s_20260530_14,2ebf0cd778a64a00b1d5cee4e2c7de16,0.03,,,
573,2026-05-29,SH600160,0.10299010574817657,EXP_LinearModel_Alpha158_csi300_custom_step0_s_20260530_14,2ebf0cd778a64a00b1d5cee4e2c7de16,0.03,,,
574,2026-05-29,SH600233,0.05085396394133568,EXP_LinearModel_Alpha158_csi300_custom_step0_s_20260530_14,2ebf0cd778a64a00b1d5cee4e2c7de16,0.03,,,
575,2026-05-29,SH600150,0.1279163807630539,EXP_LinearModel_Alpha158_csi300_custom_step0_s_20260530_14,2ebf0cd778a64a00b1d5cee4e2c7de16,0.03,,,
576,2026-05-29,SH600436,-0.010190394707024097,EXP_LinearModel_Alpha158_csi300_custom_step0_s_20260530_14,2ebf0cd778a64a00b1d5cee4e2c7de16,0.03,,,
577,2026-05-29,SH600460,0.03486080467700958,EXP_LinearModel_Alpha158_csi300_custom_step0_s_20260530_14,2ebf0cd778a64a00b1d5cee4e2c7de16,0.03,,,
578,2026-05-29,SH600760,-0.13278746604919434,EXP_LinearModel_Alpha158_csi300_custom_step0_s_20260530_14,2ebf0cd778a64a00b1d5cee4e2c7de16,0.03,,,
579,2026-05-29,SH600741,-0.04893141984939575,EXP_LinearModel_Alpha158_csi300_custom_step0_s_20260530_14,2ebf0cd778a64a00b1d5cee4e2c7de16,0.03,,,
580,2026-05-29,SH600690,0.02118970826268196,EXP_LinearModel_Alpha158_csi300_custom_step0_s_20260530_14,2ebf0cd778a64a00b1d5cee4e2c7de16,0.03,,,
581,2026-05-29,SH600674,0.009164213202893734,EXP_LinearModel_Alpha158_csi300_custom_step0_s_20260530_14,2ebf0cd778a64a00b1d5cee4e2c7de16,0.03,,,
582,2026-05-29,SH600660,-0.07384967058897018,EXP_LinearModel_Alpha158_csi300_custom_step0_s_20260530_14,2ebf0cd778a64a00b1d5cee4e2c7de16,0.03,,,
583,2026-05-29,SH600600,-0.053503092378377914,EXP_LinearModel_Alpha158_csi300_custom_step0_s_20260530_14,2ebf0cd778a64a00b1d5cee4e2c7de16,0.03,,,
584,2026-05-29,SH600588,-0.1052929013967514,EXP_LinearModel_Alpha158_csi300_custom_step0_s_20260530_14,2ebf0cd778a64a00b1d5cee4e2c7de16,0.03,,,
585,2026-05-29,SH600438,,EXP_LinearModel_Alpha158_csi300_custom_step0_s_20260530_14,2ebf0cd778a64a00b1d5cee4e2c7de16,0.03,,,
586,2026-05-29,SH600585,-0.060079749673604965,EXP_LinearModel_Alpha158_csi300_custom_step0_s_20260530_14,2ebf0cd778a64a00b1d5cee4e2c7de16,0.03,,,
587,2026-05-29,SH600570,-0.06069637089967728,EXP_LinearModel_Alpha158_csi300_custom_step0_s_20260530_14,2ebf0cd778a64a00b1d5cee4e2c7de16,0.03,,,
588,2026-05-29,SH600547,0.021709799766540527,EXP_LinearModel_Alpha158_csi300_custom_step0_s_20260530_14,2ebf0cd778a64a00b1d5cee4e2c7de16,0.03,,,
589,2026-05-29,SH600522,0.006447897292673588,EXP_LinearModel_Alpha158_csi300_custom_step0_s_20260530_14,2ebf0cd778a64a00b1d5cee4e2c7de16,0.03,,,
590,2026-05-29,SH600519,-0.0452369824051857,EXP_LinearModel_Alpha158_csi300_custom_step0_s_20260530_14,2ebf0cd778a64a00b1d5cee4e2c7de16,0.03,,,
591,2026-05-29,SH600515,-0.038258396089076996,EXP_LinearModel_Alpha158_csi300_custom_step0_s_20260530_14,2ebf0cd778a64a00b1d5cee4e2c7de16,0.03,,,
592,2026-05-29,SH600489,0.05451760068535805,EXP_LinearModel_Alpha158_csi300_custom_step0_s_20260530_14,2ebf0cd778a64a00b1d5cee4e2c7de16,0.03,,,
593,2026-05-29,SH600482,0.047471173107624054,EXP_LinearModel_Alpha158_csi300_custom_step0_s_20260530_14,2ebf0cd778a64a00b1d5cee4e2c7de16,0.03,,,
594,2026-05-29,SH600584,-0.07296627759933472,EXP_LinearModel_Alpha158_csi300_custom_step0_s_20260530_14,2ebf0cd778a64a00b1d5cee4e2c7de16,0.03,,,
595,2026-05-29,SZ300661,-0.01469462737441063,EXP_LinearModel_Alpha158_csi300_custom_step0_s_20260530_14,76f9b6238f3543b2b28aa30f9ef8d78f,0.102,,,
596,2026-05-29,SH600115,-0.10710964351892471,EXP_LinearModel_Alpha158_csi300_custom_step0_s_20260530_14,2ebf0cd778a64a00b1d5cee4e2c7de16,0.03,,,
597,2026-05-29,SH600104,-0.014178715646266937,EXP_LinearModel_Alpha158_csi300_custom_step0_s_20260530_14,2ebf0cd778a64a00b1d5cee4e2c7de16,0.03,,,
598,2026-05-29,SH600011,0.09803140163421631,EXP_LinearModel_Alpha158_csi300_custom_step0_s_20260530_14,2ebf0cd778a64a00b1d5cee4e2c7de16,0.03,,,
599,2026-05-29,SH600010,0.0043464768677949905,EXP_LinearModel_Alpha158_csi300_custom_step0_s_20260530_14,2ebf0cd778a64a00b1d5cee4e2c7de16,0.03,,,
600,2026-05-29,SH600009,-0.001386341406032443,EXP_LinearModel_Alpha158_csi300_custom_step0_s_20260530_14,2ebf0cd778a64a00b1d5cee4e2c7de16,0.03,,,
601,2026-05-29,SH600000,0.011718482710421085,EXP_LinearModel_Alpha158_csi300_custom_step0_s_20260530_14,2ebf0cd778a64a00b1d5cee4e2c7de16,0.03,,,
602,2026-05-29,SZ302132,-0.07913926243782043,EXP_LinearModel_Alpha158_csi300_custom_step0_s_20260530_14,76f9b6238f3543b2b28aa30f9ef8d78f,0.102,,,
603,2026-05-29,SZ301269,0.022216815501451492,EXP_LinearModel_Alpha158_csi300_custom_step0_s_20260530_14,76f9b6238f3543b2b28aa30f9ef8d78f,0.102,,,
604,2026-05-29,SZ301236,-0.08602399379014969,EXP_LinearModel_Alpha158_csi300_custom_step0_s_20260530_14,76f9b6238f3543b2b28aa30f9ef8d78f,0.102,,,
605,2026-05-29,SH600015,0.004447232931852341,EXP_LinearModel_Alpha158_csi300_custom_step0_s_20260530_14,2ebf0cd778a64a00b1d5cee4e2c7de16,0.03,,,
606,2026-05-29,SZ300999,-0.01599031127989292,EXP_LinearModel_Alpha158_csi300_custom_step0_s_20260530_14,76f9b6238f3543b2b28aa30f9ef8d78f,0.102,,,
607,2026-05-29,SZ300896,0.012511166743934155,EXP_LinearModel_Alpha158_csi300_custom_step0_s_20260530_14,76f9b6238f3543b2b28aa30f9ef8d78f,0.102,,,
608,2026-05-29,SZ300866,0.007303163874894381,EXP_LinearModel_Alpha158_csi300_custom_step0_s_20260530_14,76f9b6238f3543b2b28aa30f9ef8d78f,0.102,,,
609,2026-05-29,SZ300832,0.0018774955533444881,EXP_LinearModel_Alpha158_csi300_custom_step0_s_20260530_14,76f9b6238f3543b2b28aa30f9ef8d78f,0.102,,,
610,2026-05-29,SZ300803,-0.08780910074710846,EXP_LinearModel_Alpha158_csi300_custom_step0_s_20260530_14,76f9b6238f3543b2b28aa30f9ef8d78f,0.102,,,
611,2026-05-29,SZ300782,0.15398742258548737,EXP_LinearModel_Alpha158_csi300_custom_step0_s_20260530_14,76f9b6238f3543b2b28aa30f9ef8d78f,0.102,,,
612,2026-05-29,SZ300760,0.0013682348653674126,EXP_LinearModel_Alpha158_csi300_custom_step0_s_20260530_14,76f9b6238f3543b2b28aa30f9ef8d78f,0.102,,,
613,2026-05-29,SZ300759,-0.042707860469818115,EXP_LinearModel_Alpha158_csi300_custom_step0_s_20260530_14,76f9b6238f3543b2b28aa30f9ef8d78f,0.102,,,
614,2026-05-29,SZ300979,-0.003939780872315168,EXP_LinearModel_Alpha158_csi300_custom_step0_s_20260530_14,76f9b6238f3543b2b28aa30f9ef8d78f,0.102,,,
615,2026-05-29,SH600111,0.1288253515958786,EXP_LinearModel_Alpha158_csi300_custom_step0_s_20260530_14,2ebf0cd778a64a00b1d5cee4e2c7de16,0.03,,,
616,2026-05-29,SH600016,-0.07020436227321625,EXP_LinearModel_Alpha158_csi300_custom_step0_s_20260530_14,2ebf0cd778a64a00b1d5cee4e2c7de16,0.03,,,
617,2026-05-29,SH600019,-0.013310547918081284,EXP_LinearModel_Alpha158_csi300_custom_step0_s_20260530_14,2ebf0cd778a64a00b1d5cee4e2c7de16,0.03,,,
618,2026-05-29,SH600089,-0.07345589995384216,EXP_LinearModel_Alpha158_csi300_custom_step0_s_20260530_14,2ebf0cd778a64a00b1d5cee4e2c7de16,0.03,,,
619,2026-05-29,SH600085,-0.020306766033172607,EXP_LinearModel_Alpha158_csi300_custom_step0_s_20260530_14,2ebf0cd778a64a00b1d5cee4e2c7de16,0.03,,,
620,2026-05-29,SH600066,-0.04292059689760208,EXP_LinearModel_Alpha158_csi300_custom_step0_s_20260530_14,2ebf0cd778a64a00b1d5cee4e2c7de16,0.03,,,
621,2026-05-29,SH600061,0.04144676774740219,EXP_LinearModel_Alpha158_csi300_custom_step0_s_20260530_14,2ebf0cd778a64a00b1d5cee4e2c7de16,0.03,,,
622,2026-05-29,SH600050,-0.11084672063589096,EXP_LinearModel_Alpha158_csi300_custom_step0_s_20260530_14,2ebf0cd778a64a00b1d5cee4e2c7de16,0.03,,,
623,2026-05-29,SH600048,-0.009407605044543743,EXP_LinearModel_Alpha158_csi300_custom_step0_s_20260530_14,2ebf0cd778a64a00b1d5cee4e2c7de16,0.03,,,
624,2026-05-29,SH600039,0.07654548436403275,EXP_LinearModel_Alpha158_csi300_custom_step0_s_20260530_14,2ebf0cd778a64a00b1d5cee4e2c7de16,0.03,,,
625,2026-05-29,SH600018,0.04221236705780029,EXP_LinearModel_Alpha158_csi300_custom_step0_s_20260530_14,2ebf0cd778a64a00b1d5cee4e2c7de16,0.03,,,
626,2026-05-29,SH600036,-0.04197889566421509,EXP_LinearModel_Alpha158_csi300_custom_step0_s_20260530_14,2ebf0cd778a64a00b1d5cee4e2c7de16,0.03,,,
627,2026-05-29,SH600030,0.0212885532528162,EXP_LinearModel_Alpha158_csi300_custom_step0_s_20260530_14,2ebf0cd778a64a00b1d5cee4e2c7de16,0.03,,,
628,2026-05-29,SH600029,-0.07449761778116226,EXP_LinearModel_Alpha158_csi300_custom_step0_s_20260530_14,2ebf0cd778a64a00b1d5cee4e2c7de16,0.03,,,
629,2026-05-29,SH600028,-0.17137570679187775,EXP_LinearModel_Alpha158_csi300_custom_step0_s_20260530_14,2ebf0cd778a64a00b1d5cee4e2c7de16,0.03,,,
630,2026-05-29,SH600027,0.08353544026613235,EXP_LinearModel_Alpha158_csi300_custom_step0_s_20260530_14,2ebf0cd778a64a00b1d5cee4e2c7de16,0.03,,,
631,2026-05-29,SH600026,0.11481305211782455,EXP_LinearModel_Alpha158_csi300_custom_step0_s_20260530_14,2ebf0cd778a64a00b1d5cee4e2c7de16,0.03,,,
632,2026-05-29,SH600025,0.06414812058210373,EXP_LinearModel_Alpha158_csi300_custom_step0_s_20260530_14,2ebf0cd778a64a00b1d5cee4e2c7de16,0.03,,,
633,2026-05-29,SH600023,-0.030135801061987877,EXP_LinearModel_Alpha158_csi300_custom_step0_s_20260530_14,2ebf0cd778a64a00b1d5cee4e2c7de16,0.03,,,
634,2026-05-29,SH600031,0.05026986822485924,EXP_LinearModel_Alpha158_csi300_custom_step0_s_20260530_14,2ebf0cd778a64a00b1d5cee4e2c7de16,0.03,,,
635,2026-05-29,SH688506,-0.037323880940675735,EXP_LinearModel_Alpha158_csi300_custom_step0_s_20260530_14,d8b3655f49ab40a684aef6722cc7c6fc,0.11,,,
636,2026-05-29,SH688472,0.050599731504917145,EXP_LinearModel_Alpha158_csi300_custom_step0_s_20260530_14,d8b3655f49ab40a684aef6722cc7c6fc,0.11,,,
637,2026-05-29,SH688396,-0.02799462527036667,EXP_LinearModel_Alpha158_csi300_custom_step0_s_20260530_14,d8b3655f49ab40a684aef6722cc7c6fc,0.11,,,
638,2026-05-29,SH600809,0.014218525933189488,EXP_DEnsembleModel_Alpha158_csi300_custom_step0_s_20260530_14,7eca48294c6a411985f9194ff5a92a6c,0.1,,,
639,2026-05-29,SH600803,-0.0874995673923171,EXP_DEnsembleModel_Alpha158_csi300_custom_step0_s_20260530_14,7eca48294c6a411985f9194ff5a92a6c,0.1,,,
640,2026-05-29,SH600795,-0.009025915951505209,EXP_DEnsembleModel_Alpha158_csi300_custom_step0_s_20260530_14,7eca48294c6a411985f9194ff5a92a6c,0.1,,,
641,2026-05-29,SH600760,-0.035775467163563814,EXP_DEnsembleModel_Alpha158_csi300_custom_step0_s_20260530_14,7eca48294c6a411985f9194ff5a92a6c,0.1,,,
642,2026-05-29,SH600741,-0.061004595819228555,EXP_DEnsembleModel_Alpha158_csi300_custom_step0_s_20260530_14,7eca48294c6a411985f9194ff5a92a6c,0.1,,,
643,2026-05-29,SH600690,0.014624467957079584,EXP_DEnsembleModel_Alpha158_csi300_custom_step0_s_20260530_14,7eca48294c6a411985f9194ff5a92a6c,0.1,,,
644,2026-05-29,SH600674,0.010802829040415834,EXP_DEnsembleModel_Alpha158_csi300_custom_step0_s_20260530_14,7eca48294c6a411985f9194ff5a92a6c,0.1,,,
645,2026-05-29,SH600660,-0.07820761286518149,EXP_DEnsembleModel_Alpha158_csi300_custom_step0_s_20260530_14,7eca48294c6a411985f9194ff5a92a6c,0.1,,,
646,2026-05-29,SH600600,0.007843869261095133,EXP_DEnsembleModel_Alpha158_csi300_custom_step0_s_20260530_14,7eca48294c6a411985f9194ff5a92a6c,0.1,,,
647,2026-05-29,SH600588,0.14788868214778728,EXP_DEnsembleModel_Alpha158_csi300_custom_step0_s_20260530_14,7eca48294c6a411985f9194ff5a92a6c,0.1,,,
648,2026-05-29,SH600585,0.010873323424765559,EXP_DEnsembleModel_Alpha158_csi300_custom_step0_s_20260530_14,7eca48294c6a411985f9194ff5a92a6c,0.1,,,
649,2026-05-29,SH600584,-0.048063387726925054,EXP_DEnsembleModel_Alpha158_csi300_custom_step0_s_20260530_14,7eca48294c6a411985f9194ff5a92a6c,0.1,,,
650,2026-05-29,SH600570,-0.13055973345958383,EXP_DEnsembleModel_Alpha158_csi300_custom_step0_s_20260530_14,7eca48294c6a411985f9194ff5a92a6c,0.1,,,
651,2026-05-29,SH600547,0.07578595977940042,EXP_DEnsembleModel_Alpha158_csi300_custom_step0_s_20260530_14,7eca48294c6a411985f9194ff5a92a6c,0.1,,,
652,2026-05-29,SH600522,0.009120516254950448,EXP_DEnsembleModel_Alpha158_csi300_custom_step0_s_20260530_14,7eca48294c6a411985f9194ff5a92a6c,0.1,,,
653,2026-05-29,SH600845,-0.17811356657839192,EXP_DEnsembleModel_Alpha158_csi300_custom_step0_s_20260530_14,7eca48294c6a411985f9194ff5a92a6c,0.1,,,
654,2026-05-29,SH600875,-0.18490987807588602,EXP_DEnsembleModel_Alpha158_csi300_custom_step0_s_20260530_14,7eca48294c6a411985f9194ff5a92a6c,0.1,,,
655,2026-05-29,SH600886,0.08379022644705117,EXP_DEnsembleModel_Alpha158_csi300_custom_step0_s_20260530_14,7eca48294c6a411985f9194ff5a92a6c,0.1,,,
656,2026-05-29,SH600887,-0.045654442231226895,EXP_DEnsembleModel_Alpha158_csi300_custom_step0_s_20260530_14,7eca48294c6a411985f9194ff5a92a6c,0.1,,,
657,2026-05-29,SH601018,-0.04461902792637409,EXP_DEnsembleModel_Alpha158_csi300_custom_step0_s_20260530_14,7eca48294c6a411985f9194ff5a92a6c,0.1,,,
658,2026-05-29,SH601012,0.0226169778781514,EXP_DEnsembleModel_Alpha158_csi300_custom_step0_s_20260530_14,7eca48294c6a411985f9194ff5a92a6c,0.1,,,
659,2026-05-29,SH601009,-0.06846321110789333,EXP_DEnsembleModel_Alpha158_csi300_custom_step0_s_20260530_14,7eca48294c6a411985f9194ff5a92a6c,0.1,,,
660,2026-05-29,SH601006,-0.03949019904806826,EXP_DEnsembleModel_Alpha158_csi300_custom_step0_s_20260530_14,7eca48294c6a411985f9194ff5a92a6c,0.1,,,
661,2026-05-29,SH600999,0.06717847136825927,EXP_DEnsembleModel_Alpha158_csi300_custom_step0_s_20260530_14,7eca48294c6a411985f9194ff5a92a6c,0.1,,,
662,2026-05-29,SH600989,-0.0896928931347866,EXP_DEnsembleModel_Alpha158_csi300_custom_step0_s_20260530_14,7eca48294c6a411985f9194ff5a92a6c,0.1,,,
663,2026-05-29,SH600958,-0.09118500620453017,EXP_DEnsembleModel_Alpha158_csi300_custom_step0_s_20260530_14,7eca48294c6a411985f9194ff5a92a6c,0.1,,,
664,2026-05-29,SH600519,-0.015281937011550806,EXP_DEnsembleModel_Alpha158_csi300_custom_step0_s_20260530_14,7eca48294c6a411985f9194ff5a92a6c,0.1,,,
665,2026-05-29,SH600941,0.007881460545155752,EXP_DEnsembleModel_Alpha158_csi300_custom_step0_s_20260530_14,7eca48294c6a411985f9194ff5a92a6c,0.1,,,
666,2026-05-29,SH600930,0.00894411808267558,EXP_DEnsembleModel_Alpha158_csi300_custom_step0_s_20260530_14,7eca48294c6a411985f9194ff5a92a6c,0.1,,,
667,2026-05-29,SH600926,-0.029869175078423998,EXP_DEnsembleModel_Alpha158_csi300_custom_step0_s_20260530_14,7eca48294c6a411985f9194ff5a92a6c,0.1,,,
668,2026-05-29,SH600919,0.09887040304197785,EXP_DEnsembleModel_Alpha158_csi300_custom_step0_s_20260530_14,7eca48294c6a411985f9194ff5a92a6c,0.1,,,
669,2026-05-29,SH600918,0.029599286724738175,EXP_DEnsembleModel_Alpha158_csi300_custom_step0_s_20260530_14,7eca48294c6a411985f9194ff5a92a6c,0.1,,,
670,2026-05-29,SH600905,0.010753779347400067,EXP_DEnsembleModel_Alpha158_csi300_custom_step0_s_20260530_14,7eca48294c6a411985f9194ff5a92a6c,0.1,,,
671,2026-05-29,SH600900,0.06283140007105421,EXP_DEnsembleModel_Alpha158_csi300_custom_step0_s_20260530_14,7eca48294c6a411985f9194ff5a92a6c,0.1,,,
672,2026-05-29,SH600893,-0.0940705632731377,EXP_DEnsembleModel_Alpha158_csi300_custom_step0_s_20260530_14,7eca48294c6a411985f9194ff5a92a6c,0.1,,,
673,2026-05-29,SH600938,-0.04167415043195805,EXP_DEnsembleModel_Alpha158_csi300_custom_step0_s_20260530_14,7eca48294c6a411985f9194ff5a92a6c,0.1,,,
674,2026-05-29,SH600515,-0.04752627583407788,EXP_DEnsembleModel_Alpha158_csi300_custom_step0_s_20260530_14,7eca48294c6a411985f9194ff5a92a6c,0.1,,,
675,2026-05-29,SH600489,-0.028504579517134126,EXP_DEnsembleModel_Alpha158_csi300_custom_step0_s_20260530_14,7eca48294c6a411985f9194ff5a92a6c,0.1,,,
676,2026-05-29,SH600482,-0.13346609893949984,EXP_DEnsembleModel_Alpha158_csi300_custom_step0_s_20260530_14,7eca48294c6a411985f9194ff5a92a6c,0.1,,,
677,2026-05-29,SH600150,0.06895381311637903,EXP_DEnsembleModel_Alpha158_csi300_custom_step0_s_20260530_14,7eca48294c6a411985f9194ff5a92a6c,0.1,,,
678,2026-05-29,SH600115,-0.1308795251188694,EXP_DEnsembleModel_Alpha158_csi300_custom_step0_s_20260530_14,7eca48294c6a411985f9194ff5a92a6c,0.1,,,
679,2026-05-29,SH600111,-0.15703911025501507,EXP_DEnsembleModel_Alpha158_csi300_custom_step0_s_20260530_14,7eca48294c6a411985f9194ff5a92a6c,0.1,,,
680,2026-05-29,SH600104,-0.11999403197825298,EXP_DEnsembleModel_Alpha158_csi300_custom_step0_s_20260530_14,7eca48294c6a411985f9194ff5a92a6c,0.1,,,
681,2026-05-29,SH600089,-0.13117899529792723,EXP_DEnsembleModel_Alpha158_csi300_custom_step0_s_20260530_14,7eca48294c6a411985f9194ff5a92a6c,0.1,,,
682,2026-05-29,SH600085,0.015193106595248789,EXP_DEnsembleModel_Alpha158_csi300_custom_step0_s_20260530_14,7eca48294c6a411985f9194ff5a92a6c,0.1,,,
683,2026-05-29,SH600066,0.01718097033656474,EXP_DEnsembleModel_Alpha158_csi300_custom_step0_s_20260530_14,7eca48294c6a411985f9194ff5a92a6c,0.1,,,
684,2026-05-29,SH600160,-0.07707315740848165,EXP_DEnsembleModel_Alpha158_csi300_custom_step0_s_20260530_14,7eca48294c6a411985f9194ff5a92a6c,0.1,,,
685,2026-05-29,SH600061,0.04496614712725156,EXP_DEnsembleModel_Alpha158_csi300_custom_step0_s_20260530_14,7eca48294c6a411985f9194ff5a92a6c,0.1,,,
686,2026-05-29,SH600048,-0.03865097618649789,EXP_DEnsembleModel_Alpha158_csi300_custom_step0_s_20260530_14,7eca48294c6a411985f9194ff5a92a6c,0.1,,,
687,2026-05-29,SH600039,-0.07058684450415793,EXP_DEnsembleModel_Alpha158_csi300_custom_step0_s_20260530_14,7eca48294c6a411985f9194ff5a92a6c,0.1,,,
688,2026-05-29,SH600036,0.0010918012807850802,EXP_DEnsembleModel_Alpha158_csi300_custom_step0_s_20260530_14,7eca48294c6a411985f9194ff5a92a6c,0.1,,,
689,2026-05-29,SH600031,-0.10389176835333996,EXP_DEnsembleModel_Alpha158_csi300_custom_step0_s_20260530_14,7eca48294c6a411985f9194ff5a92a6c,0.1,,,
690,2026-05-29,SH600030,0.0024634026407111416,EXP_DEnsembleModel_Alpha158_csi300_custom_step0_s_20260530_14,7eca48294c6a411985f9194ff5a92a6c,0.1,,,
691,2026-05-29,SH600029,-0.0898502871984857,EXP_DEnsembleModel_Alpha158_csi300_custom_step0_s_20260530_14,7eca48294c6a411985f9194ff5a92a6c,0.1,,,
692,2026-05-29,SH600028,-0.10633925655980854,EXP_DEnsembleModel_Alpha158_csi300_custom_step0_s_20260530_14,7eca48294c6a411985f9194ff5a92a6c,0.1,,,
693,2026-05-29,SH600050,-0.08427819886393037,EXP_DEnsembleModel_Alpha158_csi300_custom_step0_s_20260530_14,7eca48294c6a411985f9194ff5a92a6c,0.1,,,
694,2026-05-29,SH601021,-0.023611018676066197,EXP_DEnsembleModel_Alpha158_csi300_custom_step0_s_20260530_14,7eca48294c6a411985f9194ff5a92a6c,0.1,,,
695,2026-05-29,SH600161,0.030540873671222196,EXP_DEnsembleModel_Alpha158_csi300_custom_step0_s_20260530_14,7eca48294c6a411985f9194ff5a92a6c,0.1,,,
696,2026-05-29,SH600183,-0.1759042890634042,EXP_DEnsembleModel_Alpha158_csi300_custom_step0_s_20260530_14,7eca48294c6a411985f9194ff5a92a6c,0.1,,,
697,2026-05-29,SH600460,-0.09826721362103587,EXP_DEnsembleModel_Alpha158_csi300_custom_step0_s_20260530_14,7eca48294c6a411985f9194ff5a92a6c,0.1,,,
698,2026-05-29,SH600438,-0.10373831825161585,EXP_DEnsembleModel_Alpha158_csi300_custom_step0_s_20260530_14,7eca48294c6a411985f9194ff5a92a6c,0.1,,,
699,2026-05-29,SH600436,-0.03416049875020396,EXP_DEnsembleModel_Alpha158_csi300_custom_step0_s_20260530_14,7eca48294c6a411985f9194ff5a92a6c,0.1,,,
700,2026-05-29,SH600426,0.08699474902645746,EXP_DEnsembleModel_Alpha158_csi300_custom_step0_s_20260530_14,7eca48294c6a411985f9194ff5a92a6c,0.1,,,
701,2026-05-29,SH600415,-0.1800486948293891,EXP_DEnsembleModel_Alpha158_csi300_custom_step0_s_20260530_14,7eca48294c6a411985f9194ff5a92a6c,0.1,,,
702,2026-05-29,SH600406,-0.11951661963144858,EXP_DEnsembleModel_Alpha158_csi300_custom_step0_s_20260530_14,7eca48294c6a411985f9194ff5a92a6c,0.1,,,
703,2026-05-29,SH600377,0.07349574066848119,EXP_DEnsembleModel_Alpha158_csi300_custom_step0_s_20260530_14,7eca48294c6a411985f9194ff5a92a6c,0.1,,,
704,2026-05-29,SH600176,-0.05201543008777155,EXP_DEnsembleModel_Alpha158_csi300_custom_step0_s_20260530_14,7eca48294c6a411985f9194ff5a92a6c,0.1,,,
705,2026-05-29,SH600372,-0.06872860652121078,EXP_DEnsembleModel_Alpha158_csi300_custom_step0_s_20260530_14,7eca48294c6a411985f9194ff5a92a6c,0.1,,,
706,2026-05-29,SH600346,-0.0381220720543671,EXP_DEnsembleModel_Alpha158_csi300_custom_step0_s_20260530_14,7eca48294c6a411985f9194ff5a92a6c,0.1,,,
707,2026-05-29,SH600309,-0.0086075714444103,EXP_DEnsembleModel_Alpha158_csi300_custom_step0_s_20260530_14,7eca48294c6a411985f9194ff5a92a6c,0.1,,,
708,2026-05-29,SH600276,-0.05453829626131194,EXP_DEnsembleModel_Alpha158_csi300_custom_step0_s_20260530_14,7eca48294c6a411985f9194ff5a92a6c,0.1,,,
709,2026-05-29,SH600233,-0.0922896111271525,EXP_DEnsembleModel_Alpha158_csi300_custom_step0_s_20260530_14,7eca48294c6a411985f9194ff5a92a6c,0.1,,,
710,2026-05-29,SH600219,-0.04885962020397755,EXP_DEnsembleModel_Alpha158_csi300_custom_step0_s_20260530_14,7eca48294c6a411985f9194ff5a92a6c,0.1,,,
711,2026-05-29,SH600196,-0.13757145209227326,EXP_DEnsembleModel_Alpha158_csi300_custom_step0_s_20260530_14,7eca48294c6a411985f9194ff5a92a6c,0.1,,,
712,2026-05-29,SH600188,-0.1001852240122639,EXP_DEnsembleModel_Alpha158_csi300_custom_step0_s_20260530_14,7eca48294c6a411985f9194ff5a92a6c,0.1,,,
713,2026-05-29,SH600362,-0.09787771705726635,EXP_DEnsembleModel_Alpha158_csi300_custom_step0_s_20260530_14,7eca48294c6a411985f9194ff5a92a6c,0.1,,,
714,2026-05-29,SH601058,-0.05441372383592038,EXP_DEnsembleModel_Alpha158_csi300_custom_step0_s_20260530_14,7eca48294c6a411985f9194ff5a92a6c,0.1,,,
715,2026-05-29,SH601059,0.1337614624269204,EXP_DEnsembleModel_Alpha158_csi300_custom_step0_s_20260530_14,7eca48294c6a411985f9194ff5a92a6c,0.1,,,
716,2026-05-29,SH601066,0.020353210337261892,EXP_DEnsembleModel_Alpha158_csi300_custom_step0_s_20260530_14,7eca48294c6a411985f9194ff5a92a6c,0.1,,,
717,2026-05-29,SH601898,-0.14335019779630215,EXP_DEnsembleModel_Alpha158_csi300_custom_step0_s_20260530_14,7eca48294c6a411985f9194ff5a92a6c,0.1,,,
718,2026-05-29,SH601888,-0.005834484615686228,EXP_DEnsembleModel_Alpha158_csi300_custom_step0_s_20260530_14,7eca48294c6a411985f9194ff5a92a6c,0.1,,,
719,2026-05-29,SH601881,0.04495935651505603,EXP_DEnsembleModel_Alpha158_csi300_custom_step0_s_20260530_14,7eca48294c6a411985f9194ff5a92a6c,0.1,,,
720,2026-05-29,SH601878,0.03975849736776291,EXP_DEnsembleModel_Alpha158_csi300_custom_step0_s_20260530_14,7eca48294c6a411985f9194ff5a92a6c,0.1,,,
721,2026-05-29,SH601877,-0.03888960096698701,EXP_DEnsembleModel_Alpha158_csi300_custom_step0_s_20260530_14,7eca48294c6a411985f9194ff5a92a6c,0.1,,,
722,2026-05-29,SH601872,-0.07521300766058098,EXP_DEnsembleModel_Alpha158_csi300_custom_step0_s_20260530_14,7eca48294c6a411985f9194ff5a92a6c,0.1,,,
723,2026-05-29,SH601868,-0.03485928328610788,EXP_DEnsembleModel_Alpha158_csi300_custom_step0_s_20260530_14,7eca48294c6a411985f9194ff5a92a6c,0.1,,,
724,2026-05-29,SH601899,-0.14574470156432978,EXP_DEnsembleModel_Alpha158_csi300_custom_step0_s_20260530_14,7eca48294c6a411985f9194ff5a92a6c,0.1,,,
725,2026-05-29,SH601857,-0.08804909102554176,EXP_DEnsembleModel_Alpha158_csi300_custom_step0_s_20260530_14,7eca48294c6a411985f9194ff5a92a6c,0.1,,,
726,2026-05-29,SH601825,-0.030671903600074407,EXP_DEnsembleModel_Alpha158_csi300_custom_step0_s_20260530_14,7eca48294c6a411985f9194ff5a92a6c,0.1,,,
727,2026-05-29,SH601818,0.0587965552730204,EXP_DEnsembleModel_Alpha158_csi300_custom_step0_s_20260530_14,7eca48294c6a411985f9194ff5a92a6c,0.1,,,
728,2026-05-29,SH601816,0.023046266639591678,EXP_DEnsembleModel_Alpha158_csi300_custom_step0_s_20260530_14,7eca48294c6a411985f9194ff5a92a6c,0.1,,,
729,2026-05-29,SH601808,-0.00835446523769147,EXP_DEnsembleModel_Alpha158_csi300_custom_step0_s_20260530_14,7eca48294c6a411985f9194ff5a92a6c,0.1,,,
730,2026-05-29,SH601800,-0.04981422292545319,EXP_DEnsembleModel_Alpha158_csi300_custom_step0_s_20260530_14,7eca48294c6a411985f9194ff5a92a6c,0.1,,,
731,2026-05-29,SH601788,-0.06856844708794028,EXP_DEnsembleModel_Alpha158_csi300_custom_step0_s_20260530_14,7eca48294c6a411985f9194ff5a92a6c,0.1,,,
732,2026-05-29,SH601766,0.07933423745022397,EXP_DEnsembleModel_Alpha158_csi300_custom_step0_s_20260530_14,7eca48294c6a411985f9194ff5a92a6c,0.1,,,
733,2026-05-29,SH601838,0.12054767731866688,EXP_DEnsembleModel_Alpha158_csi300_custom_step0_s_20260530_14,7eca48294c6a411985f9194ff5a92a6c,0.1,,,
734,2026-05-29,SH601728,-0.12709222909344256,EXP_DEnsembleModel_Alpha158_csi300_custom_step0_s_20260530_14,7eca48294c6a411985f9194ff5a92a6c,0.1,,,
735,2026-05-29,SH601901,0.01049149471013047,EXP_DEnsembleModel_Alpha158_csi300_custom_step0_s_20260530_14,7eca48294c6a411985f9194ff5a92a6c,0.1,,,
736,2026-05-29,SH601919,-0.030744315520822,EXP_DEnsembleModel_Alpha158_csi300_custom_step0_s_20260530_14,7eca48294c6a411985f9194ff5a92a6c,0.1,,,
737,2026-05-29,SH603893,0.032260543854667104,EXP_DEnsembleModel_Alpha158_csi300_custom_step0_s_20260530_14,7eca48294c6a411985f9194ff5a92a6c,0.1,,,
738,2026-05-29,SH603799,-0.20619466996496968,EXP_DEnsembleModel_Alpha158_csi300_custom_step0_s_20260530_14,7eca48294c6a411985f9194ff5a92a6c,0.1,,,
739,2026-05-29,SH603501,-0.17252705960483897,EXP_DEnsembleModel_Alpha158_csi300_custom_step0_s_20260530_14,7eca48294c6a411985f9194ff5a92a6c,0.1,,,
740,2026-05-29,SH603392,-0.16259395353980172,EXP_DEnsembleModel_Alpha158_csi300_custom_step0_s_20260530_14,7eca48294c6a411985f9194ff5a92a6c,0.1,,,
741,2026-05-29,SH603369,0.06360589825135946,EXP_DEnsembleModel_Alpha158_csi300_custom_step0_s_20260530_14,7eca48294c6a411985f9194ff5a92a6c,0.1,,,
742,2026-05-29,SH603296,0.12817667088741116,EXP_DEnsembleModel_Alpha158_csi300_custom_step0_s_20260530_14,7eca48294c6a411985f9194ff5a92a6c,0.1,,,
743,2026-05-29,SH603288,-0.0255962222804202,EXP_DEnsembleModel_Alpha158_csi300_custom_step0_s_20260530_14,7eca48294c6a411985f9194ff5a92a6c,0.1,,,
744,2026-05-29,SH601916,0.11483852174596695,EXP_DEnsembleModel_Alpha158_csi300_custom_step0_s_20260530_14,7eca48294c6a411985f9194ff5a92a6c,0.1,,,
745,2026-05-29,SH603260,-0.14133856129324712,EXP_DEnsembleModel_Alpha158_csi300_custom_step0_s_20260530_14,7eca48294c6a411985f9194ff5a92a6c,0.1,,,
746,2026-05-29,SH603195,-0.0572563138796575,EXP_DEnsembleModel_Alpha158_csi300_custom_step0_s_20260530_14,7eca48294c6a411985f9194ff5a92a6c,0.1,,,
747,2026-05-29,SH603019,-0.10485475115355793,EXP_DEnsembleModel_Alpha158_csi300_custom_step0_s_20260530_14,7eca48294c6a411985f9194ff5a92a6c,0.1,,,
748,2026-05-29,SH601998,-0.028296194875749525,EXP_DEnsembleModel_Alpha158_csi300_custom_step0_s_20260530_14,7eca48294c6a411985f9194ff5a92a6c,0.1,,,
749,2026-05-29,SH601995,0.11095611168193029,EXP_DEnsembleModel_Alpha158_csi300_custom_step0_s_20260530_14,7eca48294c6a411985f9194ff5a92a6c,0.1,,,
750,2026-05-29,SH601988,0.08887950168672341,EXP_DEnsembleModel_Alpha158_csi300_custom_step0_s_20260530_14,7eca48294c6a411985f9194ff5a92a6c,0.1,,,
751,2026-05-29,SH601985,0.005199732158638067,EXP_DEnsembleModel_Alpha158_csi300_custom_step0_s_20260530_14,7eca48294c6a411985f9194ff5a92a6c,0.1,,,
752,2026-05-29,SH601939,0.10628942581380948,EXP_DEnsembleModel_Alpha158_csi300_custom_step0_s_20260530_14,7eca48294c6a411985f9194ff5a92a6c,0.1,,,
753,2026-05-29,SH603259,0.08632030143892369,EXP_DEnsembleModel_Alpha158_csi300_custom_step0_s_20260530_14,7eca48294c6a411985f9194ff5a92a6c,0.1,,,
754,2026-05-29,SH600027,0.0997710533453779,EXP_DEnsembleModel_Alpha158_csi300_custom_step0_s_20260530_14,7eca48294c6a411985f9194ff5a92a6c,0.1,,,
755,2026-05-29,SH601698,-0.0713716152872482,EXP_DEnsembleModel_Alpha158_csi300_custom_step0_s_20260530_14,7eca48294c6a411985f9194ff5a92a6c,0.1,,,
756,2026-05-29,SH601688,0.027064610428277566,EXP_DEnsembleModel_Alpha158_csi300_custom_step0_s_20260530_14,7eca48294c6a411985f9194ff5a92a6c,0.1,,,
757,2026-05-29,SH601238,0.03122841166048704,EXP_DEnsembleModel_Alpha158_csi300_custom_step0_s_20260530_14,7eca48294c6a411985f9194ff5a92a6c,0.1,,,
758,2026-05-29,SH601236,-0.009812404506343216,EXP_DEnsembleModel_Alpha158_csi300_custom_step0_s_20260530_14,7eca48294c6a411985f9194ff5a92a6c,0.1,,,
759,2026-05-29,SH601229,-0.005306507943570147,EXP_DEnsembleModel_Alpha158_csi300_custom_step0_s_20260530_14,7eca48294c6a411985f9194ff5a92a6c,0.1,,,
760,2026-05-29,SH601225,-0.08785241415742574,EXP_DEnsembleModel_Alpha158_csi300_custom_step0_s_20260530_14,7eca48294c6a411985f9194ff5a92a6c,0.1,,,
761,2026-05-29,SH601211,-0.020743663719411824,EXP_DEnsembleModel_Alpha158_csi300_custom_step0_s_20260530_14,7eca48294c6a411985f9194ff5a92a6c,0.1,,,
762,2026-05-29,SH601186,-0.02813978147732526,EXP_DEnsembleModel_Alpha158_csi300_custom_step0_s_20260530_14,7eca48294c6a411985f9194ff5a92a6c,0.1,,,
763,2026-05-29,SH601169,-0.02761058080290274,EXP_DEnsembleModel_Alpha158_csi300_custom_step0_s_20260530_14,7eca48294c6a411985f9194ff5a92a6c,0.1,,,
764,2026-05-29,SH601288,-0.12776091573515583,EXP_DEnsembleModel_Alpha158_csi300_custom_step0_s_20260530_14,7eca48294c6a411985f9194ff5a92a6c,0.1,,,
765,2026-05-29,SH601166,0.02378930822695673,EXP_DEnsembleModel_Alpha158_csi300_custom_step0_s_20260530_14,7eca48294c6a411985f9194ff5a92a6c,0.1,,,
766,2026-05-29,SH601136,-0.1263078379649658,EXP_DEnsembleModel_Alpha158_csi300_custom_step0_s_20260530_14,7eca48294c6a411985f9194ff5a92a6c,0.1,,,
767,2026-05-29,SH601127,-0.09518385379881698,EXP_DEnsembleModel_Alpha158_csi300_custom_step0_s_20260530_14,7eca48294c6a411985f9194ff5a92a6c,0.1,,,
768,2026-05-29,SH601117,-0.017388116578437245,EXP_DEnsembleModel_Alpha158_csi300_custom_step0_s_20260530_14,7eca48294c6a411985f9194ff5a92a6c,0.1,,,
769,2026-05-29,SH601111,-0.06305364398396368,EXP_DEnsembleModel_Alpha158_csi300_custom_step0_s_20260530_14,7eca48294c6a411985f9194ff5a92a6c,0.1,,,
770,2026-05-29,SH601100,-0.028371557513048592,EXP_DEnsembleModel_Alpha158_csi300_custom_step0_s_20260530_14,7eca48294c6a411985f9194ff5a92a6c,0.1,,,
771,2026-05-29,SH601088,-0.03413576900956399,EXP_DEnsembleModel_Alpha158_csi300_custom_step0_s_20260530_14,7eca48294c6a411985f9194ff5a92a6c,0.1,,,
772,2026-05-29,SH601077,0.010380943945639508,EXP_DEnsembleModel_Alpha158_csi300_custom_step0_s_20260530_14,7eca48294c6a411985f9194ff5a92a6c,0.1,,,
773,2026-05-29,SH601138,-0.15414760085557494,EXP_DEnsembleModel_Alpha158_csi300_custom_step0_s_20260530_14,7eca48294c6a411985f9194ff5a92a6c,0.1,,,
774,2026-05-29,SH601689,-0.025244896169367613,EXP_DEnsembleModel_Alpha158_csi300_custom_step0_s_20260530_14,7eca48294c6a411985f9194ff5a92a6c,0.1,,,
775,2026-05-29,SH601298,0.031724804658544235,EXP_DEnsembleModel_Alpha158_csi300_custom_step0_s_20260530_14,7eca48294c6a411985f9194ff5a92a6c,0.1,,,
776,2026-05-29,SH601319,-0.09440085229321561,EXP_DEnsembleModel_Alpha158_csi300_custom_step0_s_20260530_14,7eca48294c6a411985f9194ff5a92a6c,0.1,,,
777,2026-05-29,SH601669,-0.1353788692426188,EXP_DEnsembleModel_Alpha158_csi300_custom_step0_s_20260530_14,7eca48294c6a411985f9194ff5a92a6c,0.1,,,
778,2026-05-29,SH601668,0.05187305809640756,EXP_DEnsembleModel_Alpha158_csi300_custom_step0_s_20260530_14,7eca48294c6a411985f9194ff5a92a6c,0.1,,,
779,2026-05-29,SH601658,0.045734739937394096,EXP_DEnsembleModel_Alpha158_csi300_custom_step0_s_20260530_14,7eca48294c6a411985f9194ff5a92a6c,0.1,,,
780,2026-05-29,SH601633,0.05053754373861897,EXP_DEnsembleModel_Alpha158_csi300_custom_step0_s_20260530_14,7eca48294c6a411985f9194ff5a92a6c,0.1,,,
781,2026-05-29,SH601628,-0.10229403246060537,EXP_DEnsembleModel_Alpha158_csi300_custom_step0_s_20260530_14,7eca48294c6a411985f9194ff5a92a6c,0.1,,,
782,2026-05-29,SH601618,0.04922148700839088,EXP_DEnsembleModel_Alpha158_csi300_custom_step0_s_20260530_14,7eca48294c6a411985f9194ff5a92a6c,0.1,,,
783,2026-05-29,SH601607,0.0821662302926804,EXP_DEnsembleModel_Alpha158_csi300_custom_step0_s_20260530_14,7eca48294c6a411985f9194ff5a92a6c,0.1,,,
784,2026-05-29,SH601318,-0.06679134931433738,EXP_DEnsembleModel_Alpha158_csi300_custom_step0_s_20260530_14,7eca48294c6a411985f9194ff5a92a6c,0.1,,,
785,2026-05-29,SH601601,-0.09047386347470245,EXP_DEnsembleModel_Alpha158_csi300_custom_step0_s_20260530_14,7eca48294c6a411985f9194ff5a92a6c,0.1,,,
786,2026-05-29,SH601456,-0.08258451972560407,EXP_DEnsembleModel_Alpha158_csi300_custom_step0_s_20260530_14,7eca48294c6a411985f9194ff5a92a6c,0.1,,,
787,2026-05-29,SH601398,0.036428045870589065,EXP_DEnsembleModel_Alpha158_csi300_custom_step0_s_20260530_14,7eca48294c6a411985f9194ff5a92a6c,0.1,,,
788,2026-05-29,SH601390,-0.08393244897119835,EXP_DEnsembleModel_Alpha158_csi300_custom_step0_s_20260530_14,7eca48294c6a411985f9194ff5a92a6c,0.1,,,
789,2026-05-29,SH601377,0.0517289876147423,EXP_DEnsembleModel_Alpha158_csi300_custom_step0_s_20260530_14,7eca48294c6a411985f9194ff5a92a6c,0.1,,,
790,2026-05-29,SH601360,-0.1345884662755332,EXP_DEnsembleModel_Alpha158_csi300_custom_step0_s_20260530_14,7eca48294c6a411985f9194ff5a92a6c,0.1,,,
791,2026-05-29,SH601336,-0.02234992407020699,EXP_DEnsembleModel_Alpha158_csi300_custom_step0_s_20260530_14,7eca48294c6a411985f9194ff5a92a6c,0.1,,,
792,2026-05-29,SH601328,0.04004049333879448,EXP_DEnsembleModel_Alpha158_csi300_custom_step0_s_20260530_14,7eca48294c6a411985f9194ff5a92a6c,0.1,,,
793,2026-05-29,SH601600,-0.16068119471635808,EXP_DEnsembleModel_Alpha158_csi300_custom_step0_s_20260530_14,7eca48294c6a411985f9194ff5a92a6c,0.1,,,
794,2026-05-29,SH600026,-0.11214187863593035,EXP_DEnsembleModel_Alpha158_csi300_custom_step0_s_20260530_14,7eca48294c6a411985f9194ff5a92a6c,0.1,,,
795,2026-05-29,SH600025,0.09190858874210123,EXP_DEnsembleModel_Alpha158_csi300_custom_step0_s_20260530_14,7eca48294c6a411985f9194ff5a92a6c,0.1,,,
796,2026-05-29,SH600023,0.06095285581991482,EXP_DEnsembleModel_Alpha158_csi300_custom_step0_s_20260530_14,7eca48294c6a411985f9194ff5a92a6c,0.1,,,
797,2026-05-29,SZ000651,0.021063611421278182,EXP_DEnsembleModel_Alpha158_csi300_custom_step0_s_20260530_14,1310739e01884cbf950d939194a8bab6,0.074,,,
798,2026-05-29,SZ000630,-0.0905600013633313,EXP_DEnsembleModel_Alpha158_csi300_custom_step0_s_20260530_14,1310739e01884cbf950d939194a8bab6,0.074,,,
799,2026-05-29,SZ000625,-0.02145214855938124,EXP_DEnsembleModel_Alpha158_csi300_custom_step0_s_20260530_14,1310739e01884cbf950d939194a8bab6,0.074,,,
800,2026-05-29,SZ000617,-0.0997650713675901,EXP_DEnsembleModel_Alpha158_csi300_custom_step0_s_20260530_14,1310739e01884cbf950d939194a8bab6,0.074,,,
801,2026-05-29,SZ000596,-0.07092252446479469,EXP_DEnsembleModel_Alpha158_csi300_custom_step0_s_20260530_14,1310739e01884cbf950d939194a8bab6,0.074,,,
802,2026-05-29,SZ000568,-0.04322388189929092,EXP_DEnsembleModel_Alpha158_csi300_custom_step0_s_20260530_14,1310739e01884cbf950d939194a8bab6,0.074,,,
803,2026-05-29,SZ000538,0.01266087336682229,EXP_DEnsembleModel_Alpha158_csi300_custom_step0_s_20260530_14,1310739e01884cbf950d939194a8bab6,0.074,,,
804,2026-05-29,SZ000661,-0.12349623596012836,EXP_DEnsembleModel_Alpha158_csi300_custom_step0_s_20260530_14,1310739e01884cbf950d939194a8bab6,0.074,,,
805,2026-05-29,SZ000425,0.03910464150438323,EXP_DEnsembleModel_Alpha158_csi300_custom_step0_s_20260530_14,1310739e01884cbf950d939194a8bab6,0.074,,,
806,2026-05-29,SZ000338,-0.13063114599637005,EXP_DEnsembleModel_Alpha158_csi300_custom_step0_s_20260530_14,1310739e01884cbf950d939194a8bab6,0.074,,,
807,2026-05-29,SZ000333,0.08344301616840641,EXP_DEnsembleModel_Alpha158_csi300_custom_step0_s_20260530_14,1310739e01884cbf950d939194a8bab6,0.074,,,
808,2026-05-29,SZ000301,0.02170845105086334,EXP_DEnsembleModel_Alpha158_csi300_custom_step0_s_20260530_14,1310739e01884cbf950d939194a8bab6,0.074,,,
809,2026-05-29,SZ000166,0.016294622805678793,EXP_DEnsembleModel_Alpha158_csi300_custom_step0_s_20260530_14,1310739e01884cbf950d939194a8bab6,0.074,,,
810,2026-05-29,SZ000157,0.006355273535035047,EXP_DEnsembleModel_Alpha158_csi300_custom_step0_s_20260530_14,1310739e01884cbf950d939194a8bab6,0.074,,,
811,2026-05-29,SZ000100,-0.09990298375501898,EXP_DEnsembleModel_Alpha158_csi300_custom_step0_s_20260530_14,1310739e01884cbf950d939194a8bab6,0.074,,,
812,2026-05-29,SZ000063,-0.011971972539540911,EXP_DEnsembleModel_Alpha158_csi300_custom_step0_s_20260530_14,1310739e01884cbf950d939194a8bab6,0.074,,,
813,2026-05-29,SZ000408,-0.08260088480599734,EXP_DEnsembleModel_Alpha158_csi300_custom_step0_s_20260530_14,1310739e01884cbf950d939194a8bab6,0.074,,,
814,2026-05-29,SZ000002,0.07785974861771129,EXP_DEnsembleModel_Alpha158_csi300_custom_step0_s_20260530_14,1310739e01884cbf950d939194a8bab6,0.074,,,
815,2026-05-29,SZ000708,0.04316489996059252,EXP_DEnsembleModel_Alpha158_csi300_custom_step0_s_20260530_14,1310739e01884cbf950d939194a8bab6,0.074,,,
816,2026-05-29,SZ000768,-0.027613509738319525,EXP_DEnsembleModel_Alpha158_csi300_custom_step0_s_20260530_14,1310739e01884cbf950d939194a8bab6,0.074,,,
817,2026-05-29,SZ001979,0.014360800897160925,EXP_DEnsembleModel_Alpha158_csi300_custom_step0_s_20260530_14,1310739e01884cbf950d939194a8bab6,0.074,,,
818,2026-05-29,SZ001965,0.05247351437331994,EXP_DEnsembleModel_Alpha158_csi300_custom_step0_s_20260530_14,1310739e01884cbf950d939194a8bab6,0.074,,,
819,2026-05-29,SZ001391,-0.02406980723615657,EXP_DEnsembleModel_Alpha158_csi300_custom_step0_s_20260530_14,1310739e01884cbf950d939194a8bab6,0.074,,,
820,2026-05-29,SZ000999,-0.015147234157197985,EXP_DEnsembleModel_Alpha158_csi300_custom_step0_s_20260530_14,1310739e01884cbf950d939194a8bab6,0.074,,,
821,2026-05-29,SZ000983,-0.15081167921898841,EXP_DEnsembleModel_Alpha158_csi300_custom_step0_s_20260530_14,1310739e01884cbf950d939194a8bab6,0.074,,,
822,2026-05-29,SZ000977,0.15984430890969756,EXP_DEnsembleModel_Alpha158_csi300_custom_step0_s_20260530_14,1310739e01884cbf950d939194a8bab6,0.074,,,
823,2026-05-29,SZ000975,0.11728743932049104,EXP_DEnsembleModel_Alpha158_csi300_custom_step0_s_20260530_14,1310739e01884cbf950d939194a8bab6,0.074,,,
824,2026-05-29,SZ000725,0.10443691656391547,EXP_DEnsembleModel_Alpha158_csi300_custom_step0_s_20260530_14,1310739e01884cbf950d939194a8bab6,0.074,,,
825,2026-05-29,SZ000963,-0.02250512636390265,EXP_DEnsembleModel_Alpha158_csi300_custom_step0_s_20260530_14,1310739e01884cbf950d939194a8bab6,0.074,,,
826,2026-05-29,SZ000895,-0.00864152191480495,EXP_DEnsembleModel_Alpha158_csi300_custom_step0_s_20260530_14,1310739e01884cbf950d939194a8bab6,0.074,,,
827,2026-05-29,SZ000876,-0.12652893892140543,EXP_DEnsembleModel_Alpha158_csi300_custom_step0_s_20260530_14,1310739e01884cbf950d939194a8bab6,0.074,,,
828,2026-05-29,SZ000858,-0.026632437836759466,EXP_DEnsembleModel_Alpha158_csi300_custom_step0_s_20260530_14,1310739e01884cbf950d939194a8bab6,0.074,,,
829,2026-05-29,SZ000807,-0.0904634917787724,EXP_DEnsembleModel_Alpha158_csi300_custom_step0_s_20260530_14,1310739e01884cbf950d939194a8bab6,0.074,,,
830,2026-05-29,SZ000792,0.0003872079040490712,EXP_DEnsembleModel_Alpha158_csi300_custom_step0_s_20260530_14,1310739e01884cbf950d939194a8bab6,0.074,,,
831,2026-05-29,SZ000786,-0.08632397210772087,EXP_DEnsembleModel_Alpha158_csi300_custom_step0_s_20260530_14,1310739e01884cbf950d939194a8bab6,0.074,,,
832,2026-05-29,SZ000776,-0.06659787334952881,EXP_DEnsembleModel_Alpha158_csi300_custom_step0_s_20260530_14,1310739e01884cbf950d939194a8bab6,0.074,,,
833,2026-05-29,SZ000938,0.20719016484897018,EXP_DEnsembleModel_Alpha158_csi300_custom_step0_s_20260530_14,1310739e01884cbf950d939194a8bab6,0.074,,,
834,2026-05-29,SZ002001,-0.015153018763040437,EXP_DEnsembleModel_Alpha158_csi300_custom_step0_s_20260530_14,1310739e01884cbf950d939194a8bab6,0.074,,,
835,2026-05-29,SZ000001,0.014645267473999926,EXP_DEnsembleModel_Alpha158_csi300_custom_step0_s_20260530_14,1310739e01884cbf950d939194a8bab6,0.074,,,
836,2026-05-29,SH688506,0.15728324463699825,EXP_DEnsembleModel_Alpha158_csi300_custom_step0_s_20260530_14,1310739e01884cbf950d939194a8bab6,0.074,,,
837,2026-05-29,SH603986,0.17116859787407687,EXP_DEnsembleModel_Alpha158_csi300_custom_step0_s_20260530_14,1310739e01884cbf950d939194a8bab6,0.074,,,
838,2026-05-29,SH603893,0.11178504914000148,EXP_DEnsembleModel_Alpha158_csi300_custom_step0_s_20260530_14,1310739e01884cbf950d939194a8bab6,0.074,,,
839,2026-05-29,SH603799,-0.0701499682242731,EXP_DEnsembleModel_Alpha158_csi300_custom_step0_s_20260530_14,1310739e01884cbf950d939194a8bab6,0.074,,,
840,2026-05-29,SH603501,-0.1743387039386688,EXP_DEnsembleModel_Alpha158_csi300_custom_step0_s_20260530_14,1310739e01884cbf950d939194a8bab6,0.074,,,
841,2026-05-29,SH603392,-0.17252511592044328,EXP_DEnsembleModel_Alpha158_csi300_custom_step0_s_20260530_14,1310739e01884cbf950d939194a8bab6,0.074,,,
842,2026-05-29,SH603369,0.013577288586844012,EXP_DEnsembleModel_Alpha158_csi300_custom_step0_s_20260530_14,1310739e01884cbf950d939194a8bab6,0.074,,,
843,2026-05-29,SH603296,0.10935144133858139,EXP_DEnsembleModel_Alpha158_csi300_custom_step0_s_20260530_14,1310739e01884cbf950d939194a8bab6,0.074,,,
844,2026-05-29,SH603993,-0.16952307402849012,EXP_DEnsembleModel_Alpha158_csi300_custom_step0_s_20260530_14,1310739e01884cbf950d939194a8bab6,0.074,,,
845,2026-05-29,SH603288,-0.07772056840151743,EXP_DEnsembleModel_Alpha158_csi300_custom_step0_s_20260530_14,1310739e01884cbf950d939194a8bab6,0.074,,,
846,2026-05-29,SH603259,-0.044904073037330315,EXP_DEnsembleModel_Alpha158_csi300_custom_step0_s_20260530_14,1310739e01884cbf950d939194a8bab6,0.074,,,
847,2026-05-29,SH603195,-0.04332388647863867,EXP_DEnsembleModel_Alpha158_csi300_custom_step0_s_20260530_14,1310739e01884cbf950d939194a8bab6,0.074,,,
848,2026-05-29,SH603019,-0.027366379049831656,EXP_DEnsembleModel_Alpha158_csi300_custom_step0_s_20260530_14,1310739e01884cbf950d939194a8bab6,0.074,,,
849,2026-05-29,SH601998,-0.04555058306948793,EXP_DEnsembleModel_Alpha158_csi300_custom_step0_s_20260530_14,1310739e01884cbf950d939194a8bab6,0.074,,,
850,2026-05-29,SH601995,0.11433202807606423,EXP_DEnsembleModel_Alpha158_csi300_custom_step0_s_20260530_14,1310739e01884cbf950d939194a8bab6,0.074,,,
851,2026-05-29,SH601988,0.09196812182046214,EXP_DEnsembleModel_Alpha158_csi300_custom_step0_s_20260530_14,1310739e01884cbf950d939194a8bab6,0.074,,,
852,2026-05-29,SH601985,0.05272396927095572,EXP_DEnsembleModel_Alpha158_csi300_custom_step0_s_20260530_14,1310739e01884cbf950d939194a8bab6,0.074,,,
853,2026-05-29,SH603260,-0.08666036012249964,EXP_DEnsembleModel_Alpha158_csi300_custom_step0_s_20260530_14,1310739e01884cbf950d939194a8bab6,0.074,,,
854,2026-05-29,SH688981,0.01248069014896948,EXP_DEnsembleModel_Alpha158_csi300_custom_step0_s_20260530_14,1310739e01884cbf950d939194a8bab6,0.074,,,
855,2026-05-29,SH605117,-0.1278901757894016,EXP_DEnsembleModel_Alpha158_csi300_custom_step0_s_20260530_14,1310739e01884cbf950d939194a8bab6,0.074,,,
856,2026-05-29,SH688008,0.26456291203583865,EXP_DEnsembleModel_Alpha158_csi300_custom_step0_s_20260530_14,1310739e01884cbf950d939194a8bab6,0.074,,,
857,2026-05-29,SH688472,-0.11264669582436802,EXP_DEnsembleModel_Alpha158_csi300_custom_step0_s_20260530_14,1310739e01884cbf950d939194a8bab6,0.074,,,
858,2026-05-29,SH688396,-0.05766081536915613,EXP_DEnsembleModel_Alpha158_csi300_custom_step0_s_20260530_14,1310739e01884cbf950d939194a8bab6,0.074,,,
859,2026-05-29,SH688303,0.12367026020192404,EXP_DEnsembleModel_Alpha158_csi300_custom_step0_s_20260530_14,1310739e01884cbf950d939194a8bab6,0.074,,,
860,2026-05-29,SH688271,-0.02588227984501996,EXP_DEnsembleModel_Alpha158_csi300_custom_step0_s_20260530_14,1310739e01884cbf950d939194a8bab6,0.074,,,
861,2026-05-29,SH688256,0.0677577543523482,EXP_DEnsembleModel_Alpha158_csi300_custom_step0_s_20260530_14,1310739e01884cbf950d939194a8bab6,0.074,,,
862,2026-05-29,SH688223,0.08615242542371285,EXP_DEnsembleModel_Alpha158_csi300_custom_step0_s_20260530_14,1310739e01884cbf950d939194a8bab6,0.074,,,
863,2026-05-29,SH688187,0.042040147478763,EXP_DEnsembleModel_Alpha158_csi300_custom_step0_s_20260530_14,1310739e01884cbf950d939194a8bab6,0.074,,,
864,2026-05-29,SH605499,-0.05909367084499512,EXP_DEnsembleModel_Alpha158_csi300_custom_step0_s_20260530_14,1310739e01884cbf950d939194a8bab6,0.074,,,
865,2026-05-29,SH688169,-0.1719491326136549,EXP_DEnsembleModel_Alpha158_csi300_custom_step0_s_20260530_14,1310739e01884cbf950d939194a8bab6,0.074,,,
866,2026-05-29,SH688111,-0.10192919695176587,EXP_DEnsembleModel_Alpha158_csi300_custom_step0_s_20260530_14,1310739e01884cbf950d939194a8bab6,0.074,,,
867,2026-05-29,SH688082,0.12287327029111976,EXP_DEnsembleModel_Alpha158_csi300_custom_step0_s_20260530_14,1310739e01884cbf950d939194a8bab6,0.074,,,
868,2026-05-29,SH688047,0.15004670594924063,EXP_DEnsembleModel_Alpha158_csi300_custom_step0_s_20260530_14,1310739e01884cbf950d939194a8bab6,0.074,,,
869,2026-05-29,SH688041,0.2950558954855301,EXP_DEnsembleModel_Alpha158_csi300_custom_step0_s_20260530_14,1310739e01884cbf950d939194a8bab6,0.074,,,
870,2026-05-29,SH688036,-0.06661671538286279,EXP_DEnsembleModel_Alpha158_csi300_custom_step0_s_20260530_14,1310739e01884cbf950d939194a8bab6,0.074,,,
871,2026-05-29,SH688012,0.2123186170098137,EXP_DEnsembleModel_Alpha158_csi300_custom_step0_s_20260530_14,1310739e01884cbf950d939194a8bab6,0.074,,,
872,2026-05-29,SH688009,0.007787346896177417,EXP_DEnsembleModel_Alpha158_csi300_custom_step0_s_20260530_14,1310739e01884cbf950d939194a8bab6,0.074,,,
873,2026-05-29,SH688126,0.09259235945492182,EXP_DEnsembleModel_Alpha158_csi300_custom_step0_s_20260530_14,1310739e01884cbf950d939194a8bab6,0.074,,,
874,2026-05-29,SH603986,0.12351258044003341,EXP_DEnsembleModel_Alpha158_csi300_custom_step0_s_20260530_14,7eca48294c6a411985f9194ff5a92a6c,0.1,,,
875,2026-05-29,SZ002027,-0.09012000451560383,EXP_DEnsembleModel_Alpha158_csi300_custom_step0_s_20260530_14,1310739e01884cbf950d939194a8bab6,0.074,,,
876,2026-05-29,SZ002049,0.05968391494353437,EXP_DEnsembleModel_Alpha158_csi300_custom_step0_s_20260530_14,1310739e01884cbf950d939194a8bab6,0.074,,,
877,2026-05-29,SZ300750,-0.016235652305537814,EXP_DEnsembleModel_Alpha158_csi300_custom_step0_s_20260530_14,1310739e01884cbf950d939194a8bab6,0.074,,,
878,2026-05-29,SZ300661,-0.17922388186286958,EXP_DEnsembleModel_Alpha158_csi300_custom_step0_s_20260530_14,1310739e01884cbf950d939194a8bab6,0.074,,,
879,2026-05-29,SZ300628,0.03284656938356029,EXP_DEnsembleModel_Alpha158_csi300_custom_step0_s_20260530_14,1310739e01884cbf950d939194a8bab6,0.074,,,
880,2026-05-29,SZ300502,-0.26494864497602166,EXP_DEnsembleModel_Alpha158_csi300_custom_step0_s_20260530_14,1310739e01884cbf950d939194a8bab6,0.074,,,
881,2026-05-29,SZ300498,0.004089582875831082,EXP_DEnsembleModel_Alpha158_csi300_custom_step0_s_20260530_14,1310739e01884cbf950d939194a8bab6,0.074,,,
882,2026-05-29,SZ300476,0.04453400797291959,EXP_DEnsembleModel_Alpha158_csi300_custom_step0_s_20260530_14,1310739e01884cbf950d939194a8bab6,0.074,,,
883,2026-05-29,SZ300442,0.048172738762409746,EXP_DEnsembleModel_Alpha158_csi300_custom_step0_s_20260530_14,1310739e01884cbf950d939194a8bab6,0.074,,,
884,2026-05-29,SZ300759,-0.004953138164625785,EXP_DEnsembleModel_Alpha158_csi300_custom_step0_s_20260530_14,1310739e01884cbf950d939194a8bab6,0.074,,,
885,2026-05-29,SZ300433,0.0017454368795849547,EXP_DEnsembleModel_Alpha158_csi300_custom_step0_s_20260530_14,1310739e01884cbf950d939194a8bab6,0.074,,,
886,2026-05-29,SZ300413,0.0043745789582152975,EXP_DEnsembleModel_Alpha158_csi300_custom_step0_s_20260530_14,1310739e01884cbf950d939194a8bab6,0.074,,,
887,2026-05-29,SZ300408,-0.0956400935745462,EXP_DEnsembleModel_Alpha158_csi300_custom_step0_s_20260530_14,1310739e01884cbf950d939194a8bab6,0.074,,,
888,2026-05-29,SZ300394,-0.08473673931284968,EXP_DEnsembleModel_Alpha158_csi300_custom_step0_s_20260530_14,1310739e01884cbf950d939194a8bab6,0.074,,,
889,2026-05-29,SZ300347,0.03032337855322329,EXP_DEnsembleModel_Alpha158_csi300_custom_step0_s_20260530_14,1310739e01884cbf950d939194a8bab6,0.074,,,
890,2026-05-29,SZ300316,0.11064413700669093,EXP_DEnsembleModel_Alpha158_csi300_custom_step0_s_20260530_14,1310739e01884cbf950d939194a8bab6,0.074,,,
891,2026-05-29,SZ300308,-0.23589955266670978,EXP_DEnsembleModel_Alpha158_csi300_custom_step0_s_20260530_14,1310739e01884cbf950d939194a8bab6,0.074,,,
892,2026-05-29,SZ300274,-0.0004236642312318352,EXP_DEnsembleModel_Alpha158_csi300_custom_step0_s_20260530_14,1310739e01884cbf950d939194a8bab6,0.074,,,
893,2026-05-29,SZ300418,-0.13576653143962925,EXP_DEnsembleModel_Alpha158_csi300_custom_step0_s_20260530_14,1310739e01884cbf950d939194a8bab6,0.074,,,
894,2026-05-29,SZ300251,0.010571765349482868,EXP_DEnsembleModel_Alpha158_csi300_custom_step0_s_20260530_14,1310739e01884cbf950d939194a8bab6,0.074,,,
895,2026-05-29,SZ300760,-0.031269283342899266,EXP_DEnsembleModel_Alpha158_csi300_custom_step0_s_20260530_14,1310739e01884cbf950d939194a8bab6,0.074,,,
896,2026-05-29,SZ300803,-0.14653867605422474,EXP_DEnsembleModel_Alpha158_csi300_custom_step0_s_20260530_14,1310739e01884cbf950d939194a8bab6,0.074,,,
897,2026-05-29,SH600019,0.09424270175995735,EXP_DEnsembleModel_Alpha158_csi300_custom_step0_s_20260530_14,7eca48294c6a411985f9194ff5a92a6c,0.1,,,
898,2026-05-29,SH600018,0.11907825001921536,EXP_DEnsembleModel_Alpha158_csi300_custom_step0_s_20260530_14,7eca48294c6a411985f9194ff5a92a6c,0.1,,,
899,2026-05-29,SH600016,-0.032751842272695585,EXP_DEnsembleModel_Alpha158_csi300_custom_step0_s_20260530_14,7eca48294c6a411985f9194ff5a92a6c,0.1,,,
900,2026-05-29,SH600015,-0.06861508778401668,EXP_DEnsembleModel_Alpha158_csi300_custom_step0_s_20260530_14,7eca48294c6a411985f9194ff5a92a6c,0.1,,,
901,2026-05-29,SH600011,0.10883958714588889,EXP_DEnsembleModel_Alpha158_csi300_custom_step0_s_20260530_14,7eca48294c6a411985f9194ff5a92a6c,0.1,,,
902,2026-05-29,SH600010,-0.16585317062878543,EXP_DEnsembleModel_Alpha158_csi300_custom_step0_s_20260530_14,7eca48294c6a411985f9194ff5a92a6c,0.1,,,
903,2026-05-29,SH600009,0.0004638152202451306,EXP_DEnsembleModel_Alpha158_csi300_custom_step0_s_20260530_14,7eca48294c6a411985f9194ff5a92a6c,0.1,,,
904,2026-05-29,SZ300782,0.2170315250699933,EXP_DEnsembleModel_Alpha158_csi300_custom_step0_s_20260530_14,1310739e01884cbf950d939194a8bab6,0.074,,,
905,2026-05-29,SH600000,-0.04226410029927756,EXP_DEnsembleModel_Alpha158_csi300_custom_step0_s_20260530_14,7eca48294c6a411985f9194ff5a92a6c,0.1,,,
906,2026-05-29,SZ301269,0.1747131640561629,EXP_DEnsembleModel_Alpha158_csi300_custom_step0_s_20260530_14,1310739e01884cbf950d939194a8bab6,0.074,,,
907,2026-05-29,SZ301236,-0.02616358265237756,EXP_DEnsembleModel_Alpha158_csi300_custom_step0_s_20260530_14,1310739e01884cbf950d939194a8bab6,0.074,,,
908,2026-05-29,SZ300999,-0.0432527325921441,EXP_DEnsembleModel_Alpha158_csi300_custom_step0_s_20260530_14,1310739e01884cbf950d939194a8bab6,0.074,,,
909,2026-05-29,SZ300979,-0.0503914688081547,EXP_DEnsembleModel_Alpha158_csi300_custom_step0_s_20260530_14,1310739e01884cbf950d939194a8bab6,0.074,,,
910,2026-05-29,SZ300896,0.030688367726771557,EXP_DEnsembleModel_Alpha158_csi300_custom_step0_s_20260530_14,1310739e01884cbf950d939194a8bab6,0.074,,,
911,2026-05-29,SZ300866,-0.1877943624071586,EXP_DEnsembleModel_Alpha158_csi300_custom_step0_s_20260530_14,1310739e01884cbf950d939194a8bab6,0.074,,,
912,2026-05-29,SZ300832,-0.13185804806705098,EXP_DEnsembleModel_Alpha158_csi300_custom_step0_s_20260530_14,1310739e01884cbf950d939194a8bab6,0.074,,,
913,2026-05-29,SZ302132,-0.14166196321377403,EXP_DEnsembleModel_Alpha158_csi300_custom_step0_s_20260530_14,1310739e01884cbf950d939194a8bab6,0.074,,,
914,2026-05-29,SZ002028,-0.10259898067370835,EXP_DEnsembleModel_Alpha158_csi300_custom_step0_s_20260530_14,1310739e01884cbf950d939194a8bab6,0.074,,,
915,2026-05-29,SZ300124,-0.0640838945496231,EXP_DEnsembleModel_Alpha158_csi300_custom_step0_s_20260530_14,1310739e01884cbf950d939194a8bab6,0.074,,,
916,2026-05-29,SZ300059,-0.08456301406076247,EXP_DEnsembleModel_Alpha158_csi300_custom_step0_s_20260530_14,1310739e01884cbf950d939194a8bab6,0.074,,,
917,2026-05-29,SZ002459,0.012611434253377329,EXP_DEnsembleModel_Alpha158_csi300_custom_step0_s_20260530_14,1310739e01884cbf950d939194a8bab6,0.074,,,
918,2026-05-29,SZ002422,-0.004185964355607816,EXP_DEnsembleModel_Alpha158_csi300_custom_step0_s_20260530_14,1310739e01884cbf950d939194a8bab6,0.074,,,
919,2026-05-29,SZ002415,0.111014365274704,EXP_DEnsembleModel_Alpha158_csi300_custom_step0_s_20260530_14,1310739e01884cbf950d939194a8bab6,0.074,,,
920,2026-05-29,SZ002384,0.054737925733127295,EXP_DEnsembleModel_Alpha158_csi300_custom_step0_s_20260530_14,1310739e01884cbf950d939194a8bab6,0.074,,,
921,2026-05-29,SZ002371,0.15647738240064785,EXP_DEnsembleModel_Alpha158_csi300_custom_step0_s_20260530_14,1310739e01884cbf950d939194a8bab6,0.074,,,
922,2026-05-29,SZ002352,0.056127476743701034,EXP_DEnsembleModel_Alpha158_csi300_custom_step0_s_20260530_14,1310739e01884cbf950d939194a8bab6,0.074,,,
923,2026-05-29,SZ002311,-0.04062254469049644,EXP_DEnsembleModel_Alpha158_csi300_custom_step0_s_20260530_14,1310739e01884cbf950d939194a8bab6,0.074,,,
924,2026-05-29,SZ002460,-0.03558664709829539,EXP_DEnsembleModel_Alpha158_csi300_custom_step0_s_20260530_14,1310739e01884cbf950d939194a8bab6,0.074,,,
925,2026-05-29,SZ002304,-0.015629612129142496,EXP_DEnsembleModel_Alpha158_csi300_custom_step0_s_20260530_14,1310739e01884cbf950d939194a8bab6,0.074,,,
926,2026-05-29,SZ002241,0.0026019639675987157,EXP_DEnsembleModel_Alpha158_csi300_custom_step0_s_20260530_14,1310739e01884cbf950d939194a8bab6,0.074,,,
927,2026-05-29,SZ002236,-0.023910706523178615,EXP_DEnsembleModel_Alpha158_csi300_custom_step0_s_20260530_14,1310739e01884cbf950d939194a8bab6,0.074,,,
928,2026-05-29,SZ002230,-0.06172548522873429,EXP_DEnsembleModel_Alpha158_csi300_custom_step0_s_20260530_14,1310739e01884cbf950d939194a8bab6,0.074,,,
929,2026-05-29,SZ002179,0.03251319782140848,EXP_DEnsembleModel_Alpha158_csi300_custom_step0_s_20260530_14,1310739e01884cbf950d939194a8bab6,0.074,,,
930,2026-05-29,SZ002142,0.04939884014426284,EXP_DEnsembleModel_Alpha158_csi300_custom_step0_s_20260530_14,1310739e01884cbf950d939194a8bab6,0.074,,,
931,2026-05-29,SZ002074,-0.10691758385339963,EXP_DEnsembleModel_Alpha158_csi300_custom_step0_s_20260530_14,1310739e01884cbf950d939194a8bab6,0.074,,,
932,2026-05-29,SZ002050,0.029664721790293117,EXP_DEnsembleModel_Alpha158_csi300_custom_step0_s_20260530_14,1310739e01884cbf950d939194a8bab6,0.074,,,
933,2026-05-29,SZ002252,0.0036667982283730667,EXP_DEnsembleModel_Alpha158_csi300_custom_step0_s_20260530_14,1310739e01884cbf950d939194a8bab6,0.074,,,
934,2026-05-29,SZ300122,-0.11480874150939446,EXP_DEnsembleModel_Alpha158_csi300_custom_step0_s_20260530_14,1310739e01884cbf950d939194a8bab6,0.074,,,
935,2026-05-29,SZ002463,-0.1777523112221814,EXP_DEnsembleModel_Alpha158_csi300_custom_step0_s_20260530_14,1310739e01884cbf950d939194a8bab6,0.074,,,
936,2026-05-29,SZ002475,-0.04927730802880326,EXP_DEnsembleModel_Alpha158_csi300_custom_step0_s_20260530_14,1310739e01884cbf950d939194a8bab6,0.074,,,
937,2026-05-29,SZ300033,-0.1167018539907261,EXP_DEnsembleModel_Alpha158_csi300_custom_step0_s_20260530_14,1310739e01884cbf950d939194a8bab6,0.074,,,
938,2026-05-29,SZ300015,-0.08481972987541733,EXP_DEnsembleModel_Alpha158_csi300_custom_step0_s_20260530_14,1310739e01884cbf950d939194a8bab6,0.074,,,
939,2026-05-29,SZ300014,-0.10414784269587161,EXP_DEnsembleModel_Alpha158_csi300_custom_step0_s_20260530_14,1310739e01884cbf950d939194a8bab6,0.074,,,
940,2026-05-29,SZ003816,-0.07809989705538782,EXP_DEnsembleModel_Alpha158_csi300_custom_step0_s_20260530_14,1310739e01884cbf950d939194a8bab6,0.074,,,
941,2026-05-29,SZ002938,0.09504813270971506,EXP_DEnsembleModel_Alpha158_csi300_custom_step0_s_20260530_14,1310739e01884cbf950d939194a8bab6,0.074,,,
942,2026-05-29,SZ002920,-0.0713482182421299,EXP_DEnsembleModel_Alpha158_csi300_custom_step0_s_20260530_14,1310739e01884cbf950d939194a8bab6,0.074,,,
943,2026-05-29,SZ002916,-0.2166361444528814,EXP_DEnsembleModel_Alpha158_csi300_custom_step0_s_20260530_14,1310739e01884cbf950d939194a8bab6,0.074,,,
944,2026-05-29,SZ002466,0.04110972113713031,EXP_DEnsembleModel_Alpha158_csi300_custom_step0_s_20260530_14,1310739e01884cbf950d939194a8bab6,0.074,,,
945,2026-05-29,SZ002736,-0.044485483717197655,EXP_DEnsembleModel_Alpha158_csi300_custom_step0_s_20260530_14,1310739e01884cbf950d939194a8bab6,0.074,,,
946,2026-05-29,SZ002709,0.00541233387689122,EXP_DEnsembleModel_Alpha158_csi300_custom_step0_s_20260530_14,1310739e01884cbf950d939194a8bab6,0.074,,,
947,2026-05-29,SZ002648,0.02365005202455513,EXP_DEnsembleModel_Alpha158_csi300_custom_step0_s_20260530_14,1310739e01884cbf950d939194a8bab6,0.074,,,
948,2026-05-29,SZ002625,-0.1297585325935386,EXP_DEnsembleModel_Alpha158_csi300_custom_step0_s_20260530_14,1310739e01884cbf950d939194a8bab6,0.074,,,
949,2026-05-29,SZ002601,0.05968241185736892,EXP_DEnsembleModel_Alpha158_csi300_custom_step0_s_20260530_14,1310739e01884cbf950d939194a8bab6,0.074,,,
950,2026-05-29,SZ002600,0.08026536216845616,EXP_DEnsembleModel_Alpha158_csi300_custom_step0_s_20260530_14,1310739e01884cbf950d939194a8bab6,0.074,,,
951,2026-05-29,SZ002594,-0.07832066256673739,EXP_DEnsembleModel_Alpha158_csi300_custom_step0_s_20260530_14,1310739e01884cbf950d939194a8bab6,0.074,,,
952,2026-05-29,SZ002493,-0.06111393972569646,EXP_DEnsembleModel_Alpha158_csi300_custom_step0_s_20260530_14,1310739e01884cbf950d939194a8bab6,0.074,,,
953,2026-05-29,SZ002714,-0.08231833469469796,EXP_DEnsembleModel_Alpha158_csi300_custom_step0_s_20260530_14,1310739e01884cbf950d939194a8bab6,0.074,,,
954,2026-05-29,SZ000983,0.05321803316473961,EXP_LinearModel_Alpha158_csi300_custom_step0_s_20260530_14,2ebf0cd778a64a00b1d5cee4e2c7de16,0.03,,,
955,2026-05-29,SH603993,-0.22978533156438546,EXP_DEnsembleModel_Alpha158_csi300_custom_step0_s_20260530_14,7eca48294c6a411985f9194ff5a92a6c,0.1,,,
956,2026-05-29,SH605499,-0.0753379654867216,EXP_DEnsembleModel_Alpha158_csi300_custom_step0_s_20260530_14,7eca48294c6a411985f9194ff5a92a6c,0.1,,,
957,2026-05-29,SH601012,0.06237972155213356,EXP_LinearModel_Alpha158_csi300_custom_step0_s_20260530_14,d8b3655f49ab40a684aef6722cc7c6fc,0.11,,,
958,2026-05-29,SH601009,-0.08785729855298996,EXP_LinearModel_Alpha158_csi300_custom_step0_s_20260530_14,d8b3655f49ab40a684aef6722cc7c6fc,0.11,,,
959,2026-05-29,SH601006,-0.02837439253926277,EXP_LinearModel_Alpha158_csi300_custom_step0_s_20260530_14,d8b3655f49ab40a684aef6722cc7c6fc,0.11,,,
960,2026-05-29,SH600999,0.03354291617870331,EXP_LinearModel_Alpha158_csi300_custom_step0_s_20260530_14,d8b3655f49ab40a684aef6722cc7c6fc,0.11,,,
961,2026-05-29,SH600989,0.05582845211029053,EXP_LinearModel_Alpha158_csi300_custom_step0_s_20260530_14,d8b3655f49ab40a684aef6722cc7c6fc,0.11,,,
962,2026-05-29,SH600958,,EXP_LinearModel_Alpha158_csi300_custom_step0_s_20260530_14,d8b3655f49ab40a684aef6722cc7c6fc,0.11,,,
963,2026-05-29,SH600941,-0.03227652981877327,EXP_LinearModel_Alpha158_csi300_custom_step0_s_20260530_14,d8b3655f49ab40a684aef6722cc7c6fc,0.11,,,
964,2026-05-29,SH600938,0.04678951948881149,EXP_LinearModel_Alpha158_csi300_custom_step0_s_20260530_14,d8b3655f49ab40a684aef6722cc7c6fc,0.11,,,
965,2026-05-29,SH600930,-0.02616877667605877,EXP_LinearModel_Alpha158_csi300_custom_step0_s_20260530_14,d8b3655f49ab40a684aef6722cc7c6fc,0.11,,,
966,2026-05-29,SH600926,-0.05169113725423813,EXP_LinearModel_Alpha158_csi300_custom_step0_s_20260530_14,d8b3655f49ab40a684aef6722cc7c6fc,0.11,,,
967,2026-05-29,SH600919,0.07007983326911926,EXP_LinearModel_Alpha158_csi300_custom_step0_s_20260530_14,d8b3655f49ab40a684aef6722cc7c6fc,0.11,,,
968,2026-05-29,SH600918,-0.019480591639876366,EXP_LinearModel_Alpha158_csi300_custom_step0_s_20260530_14,d8b3655f49ab40a684aef6722cc7c6fc,0.11,,,
969,2026-05-29,SH600905,0.043657418340444565,EXP_LinearModel_Alpha158_csi300_custom_step0_s_20260530_14,d8b3655f49ab40a684aef6722cc7c6fc,0.11,,,
970,2026-05-29,SH600900,0.07080189883708954,EXP_LinearModel_Alpha158_csi300_custom_step0_s_20260530_14,d8b3655f49ab40a684aef6722cc7c6fc,0.11,,,
971,2026-05-29,SH600893,-0.01350170373916626,EXP_LinearModel_Alpha158_csi300_custom_step0_s_20260530_14,d8b3655f49ab40a684aef6722cc7c6fc,0.11,,,
972,2026-05-29,SH601018,0.032504912465810776,EXP_LinearModel_Alpha158_csi300_custom_step0_s_20260530_14,d8b3655f49ab40a684aef6722cc7c6fc,0.11,,,
973,2026-05-29,SH601021,-0.051468074321746826,EXP_LinearModel_Alpha158_csi300_custom_step0_s_20260530_14,d8b3655f49ab40a684aef6722cc7c6fc,0.11,,,
974,2026-05-29,SH601058,-0.051551688462495804,EXP_LinearModel_Alpha158_csi300_custom_step0_s_20260530_14,d8b3655f49ab40a684aef6722cc7c6fc,0.11,,,
975,2026-05-29,SH601059,0.0452573299407959,EXP_LinearModel_Alpha158_csi300_custom_step0_s_20260530_14,d8b3655f49ab40a684aef6722cc7c6fc,0.11,,,
976,2026-05-29,SH601236,-0.010321336798369884,EXP_LinearModel_Alpha158_csi300_custom_step0_s_20260530_14,d8b3655f49ab40a684aef6722cc7c6fc,0.11,,,
977,2026-05-29,SH601229,-0.047889288514852524,EXP_LinearModel_Alpha158_csi300_custom_step0_s_20260530_14,d8b3655f49ab40a684aef6722cc7c6fc,0.11,,,
978,2026-05-29,SH601225,0.046834804117679596,EXP_LinearModel_Alpha158_csi300_custom_step0_s_20260530_14,d8b3655f49ab40a684aef6722cc7c6fc,0.11,,,
979,2026-05-29,SH601211,-0.05377279222011566,EXP_LinearModel_Alpha158_csi300_custom_step0_s_20260530_14,d8b3655f49ab40a684aef6722cc7c6fc,0.11,,,
980,2026-05-29,SH601186,0.008197586983442307,EXP_LinearModel_Alpha158_csi300_custom_step0_s_20260530_14,d8b3655f49ab40a684aef6722cc7c6fc,0.11,,,
981,2026-05-29,SH601169,0.025059254840016365,EXP_LinearModel_Alpha158_csi300_custom_step0_s_20260530_14,d8b3655f49ab40a684aef6722cc7c6fc,0.11,,,
982,2026-05-29,SH601166,0.06777063757181168,EXP_LinearModel_Alpha158_csi300_custom_step0_s_20260530_14,d8b3655f49ab40a684aef6722cc7c6fc,0.11,,,
983,2026-05-29,SH600887,0.019106479361653328,EXP_LinearModel_Alpha158_csi300_custom_step0_s_20260530_14,d8b3655f49ab40a684aef6722cc7c6fc,0.11,,,
984,2026-05-29,SH601138,-0.0017542415298521519,EXP_LinearModel_Alpha158_csi300_custom_step0_s_20260530_14,d8b3655f49ab40a684aef6722cc7c6fc,0.11,,,
985,2026-05-29,SH601127,-0.0700920969247818,EXP_LinearModel_Alpha158_csi300_custom_step0_s_20260530_14,d8b3655f49ab40a684aef6722cc7c6fc,0.11,,,
986,2026-05-29,SH601117,-0.01917627453804016,EXP_LinearModel_Alpha158_csi300_custom_step0_s_20260530_14,d8b3655f49ab40a684aef6722cc7c6fc,0.11,,,
987,2026-05-29,SH601111,-0.04976114630699158,EXP_LinearModel_Alpha158_csi300_custom_step0_s_20260530_14,d8b3655f49ab40a684aef6722cc7c6fc,0.11,,,
988,2026-05-29,SH601100,0.06202623248100281,EXP_LinearModel_Alpha158_csi300_custom_step0_s_20260530_14,d8b3655f49ab40a684aef6722cc7c6fc,0.11,,,
989,2026-05-29,SH601088,0.04794309288263321,EXP_LinearModel_Alpha158_csi300_custom_step0_s_20260530_14,d8b3655f49ab40a684aef6722cc7c6fc,0.11,,,
990,2026-05-29,SH601077,-0.0713699460029602,EXP_LinearModel_Alpha158_csi300_custom_step0_s_20260530_14,d8b3655f49ab40a684aef6722cc7c6fc,0.11,,,
991,2026-05-29,SH601066,-0.034079860895872116,EXP_LinearModel_Alpha158_csi300_custom_step0_s_20260530_14,d8b3655f49ab40a684aef6722cc7c6fc,0.11,,,
992,2026-05-29,SH601136,-0.05767424404621124,EXP_LinearModel_Alpha158_csi300_custom_step0_s_20260530_14,d8b3655f49ab40a684aef6722cc7c6fc,0.11,,,
993,2026-05-29,SH600886,0.024997420608997345,EXP_LinearModel_Alpha158_csi300_custom_step0_s_20260530_14,d8b3655f49ab40a684aef6722cc7c6fc,0.11,,,
994,2026-05-29,SH600875,-0.04184797406196594,EXP_LinearModel_Alpha158_csi300_custom_step0_s_20260530_14,d8b3655f49ab40a684aef6722cc7c6fc,0.11,,,
995,2026-05-29,SH600845,-0.01490434817969799,EXP_LinearModel_Alpha158_csi300_custom_step0_s_20260530_14,d8b3655f49ab40a684aef6722cc7c6fc,0.11,,,
996,2026-05-29,SH600438,,EXP_LinearModel_Alpha158_csi300_custom_step0_s_20260530_14,d8b3655f49ab40a684aef6722cc7c6fc,0.11,,,
997,2026-05-29,SH600436,-0.010243408381938934,EXP_LinearModel_Alpha158_csi300_custom_step0_s_20260530_14,d8b3655f49ab40a684aef6722cc7c6fc,0.11,,,
998,2026-05-29,SH600426,0.06305357813835144,EXP_LinearModel_Alpha158_csi300_custom_step0_s_20260530_14,d8b3655f49ab40a684aef6722cc7c6fc,0.11,,,
999,2026-05-29,SH600415,-0.09972624480724335,EXP_LinearModel_Alpha158_csi300_custom_step0_s_20260530_14,d8b3655f49ab40a684aef6722cc7c6fc,0.11,,,
1000,2026-05-29,SH600406,-0.037634897977113724,EXP_LinearModel_Alpha158_csi300_custom_step0_s_20260530_14,d8b3655f49ab40a684aef6722cc7c6fc,0.11,,,
1001,2026-05-29,SH600377,0.029775556176900864,EXP_LinearModel_Alpha158_csi300_custom_step0_s_20260530_14,d8b3655f49ab40a684aef6722cc7c6fc,0.11,,,
1002,2026-05-29,SH600372,-0.01781543716788292,EXP_LinearModel_Alpha158_csi300_custom_step0_s_20260530_14,d8b3655f49ab40a684aef6722cc7c6fc,0.11,,,
1003,2026-05-29,SH600460,-0.016461361199617386,EXP_LinearModel_Alpha158_csi300_custom_step0_s_20260530_14,d8b3655f49ab40a684aef6722cc7c6fc,0.11,,,
1004,2026-05-29,SH600362,-0.07216295599937439,EXP_LinearModel_Alpha158_csi300_custom_step0_s_20260530_14,d8b3655f49ab40a684aef6722cc7c6fc,0.11,,,
1005,2026-05-29,SH600309,-0.003499451791867614,EXP_LinearModel_Alpha158_csi300_custom_step0_s_20260530_14,d8b3655f49ab40a684aef6722cc7c6fc,0.11,,,
1006,2026-05-29,SH600276,-0.044115837663412094,EXP_LinearModel_Alpha158_csi300_custom_step0_s_20260530_14,d8b3655f49ab40a684aef6722cc7c6fc,0.11,,,
1007,2026-05-29,SH600233,-0.0594412200152874,EXP_LinearModel_Alpha158_csi300_custom_step0_s_20260530_14,d8b3655f49ab40a684aef6722cc7c6fc,0.11,,,
1008,2026-05-29,SH600219,-0.031504303216934204,EXP_LinearModel_Alpha158_csi300_custom_step0_s_20260530_14,d8b3655f49ab40a684aef6722cc7c6fc,0.11,,,
1009,2026-05-29,SH600196,-0.06633825600147247,EXP_LinearModel_Alpha158_csi300_custom_step0_s_20260530_14,d8b3655f49ab40a684aef6722cc7c6fc,0.11,,,
1010,2026-05-29,SH600188,-0.044457368552684784,EXP_LinearModel_Alpha158_csi300_custom_step0_s_20260530_14,d8b3655f49ab40a684aef6722cc7c6fc,0.11,,,
1011,2026-05-29,SH600183,-0.1456971913576126,EXP_LinearModel_Alpha158_csi300_custom_step0_s_20260530_14,d8b3655f49ab40a684aef6722cc7c6fc,0.11,,,
1012,2026-05-29,SH600346,-0.02915498986840248,EXP_LinearModel_Alpha158_csi300_custom_step0_s_20260530_14,d8b3655f49ab40a684aef6722cc7c6fc,0.11,,,
1013,2026-05-29,SH601238,0.026669461280107498,EXP_LinearModel_Alpha158_csi300_custom_step0_s_20260530_14,d8b3655f49ab40a684aef6722cc7c6fc,0.11,,,
1014,2026-05-29,SH600482,-0.0036308090202510357,EXP_LinearModel_Alpha158_csi300_custom_step0_s_20260530_14,d8b3655f49ab40a684aef6722cc7c6fc,0.11,,,
1015,2026-05-29,SH600515,0.010678657330572605,EXP_LinearModel_Alpha158_csi300_custom_step0_s_20260530_14,d8b3655f49ab40a684aef6722cc7c6fc,0.11,,,
1016,2026-05-29,SH600809,-0.05693507194519043,EXP_LinearModel_Alpha158_csi300_custom_step0_s_20260530_14,d8b3655f49ab40a684aef6722cc7c6fc,0.11,,,
1017,2026-05-29,SH600803,0.020869316533207893,EXP_LinearModel_Alpha158_csi300_custom_step0_s_20260530_14,d8b3655f49ab40a684aef6722cc7c6fc,0.11,,,
1018,2026-05-29,SH600795,0.07712341845035553,EXP_LinearModel_Alpha158_csi300_custom_step0_s_20260530_14,d8b3655f49ab40a684aef6722cc7c6fc,0.11,,,
1019,2026-05-29,SH600760,-0.06331199407577515,EXP_LinearModel_Alpha158_csi300_custom_step0_s_20260530_14,d8b3655f49ab40a684aef6722cc7c6fc,0.11,,,
1020,2026-05-29,SH600741,-0.052323855459690094,EXP_LinearModel_Alpha158_csi300_custom_step0_s_20260530_14,d8b3655f49ab40a684aef6722cc7c6fc,0.11,,,
1021,2026-05-29,SH600690,-0.012035469524562359,EXP_LinearModel_Alpha158_csi300_custom_step0_s_20260530_14,d8b3655f49ab40a684aef6722cc7c6fc,0.11,,,
1022,2026-05-29,SH600674,0.029546350240707397,EXP_LinearModel_Alpha158_csi300_custom_step0_s_20260530_14,d8b3655f49ab40a684aef6722cc7c6fc,0.11,,,
1023,2026-05-29,SH600489,-0.05503281578421593,EXP_LinearModel_Alpha158_csi300_custom_step0_s_20260530_14,d8b3655f49ab40a684aef6722cc7c6fc,0.11,,,
1024,2026-05-29,SH600660,-0.038169700652360916,EXP_LinearModel_Alpha158_csi300_custom_step0_s_20260530_14,d8b3655f49ab40a684aef6722cc7c6fc,0.11,,,
1025,2026-05-29,SH600588,-0.0494646355509758,EXP_LinearModel_Alpha158_csi300_custom_step0_s_20260530_14,d8b3655f49ab40a684aef6722cc7c6fc,0.11,,,
1026,2026-05-29,SH600585,-0.006103630177676678,EXP_LinearModel_Alpha158_csi300_custom_step0_s_20260530_14,d8b3655f49ab40a684aef6722cc7c6fc,0.11,,,
1027,2026-05-29,SH600584,-0.029550723731517792,EXP_LinearModel_Alpha158_csi300_custom_step0_s_20260530_14,d8b3655f49ab40a684aef6722cc7c6fc,0.11,,,
1028,2026-05-29,SH600570,-0.07150877267122269,EXP_LinearModel_Alpha158_csi300_custom_step0_s_20260530_14,d8b3655f49ab40a684aef6722cc7c6fc,0.11,,,
1029,2026-05-29,SH600547,0.009240490384399891,EXP_LinearModel_Alpha158_csi300_custom_step0_s_20260530_14,d8b3655f49ab40a684aef6722cc7c6fc,0.11,,,
1030,2026-05-29,SH600522,-0.045674294233322144,EXP_LinearModel_Alpha158_csi300_custom_step0_s_20260530_14,d8b3655f49ab40a684aef6722cc7c6fc,0.11,,,
1031,2026-05-29,SH600519,0.0006558643653988838,EXP_LinearModel_Alpha158_csi300_custom_step0_s_20260530_14,d8b3655f49ab40a684aef6722cc7c6fc,0.11,,,
1032,2026-05-29,SH600600,0.0014303340576589108,EXP_LinearModel_Alpha158_csi300_custom_step0_s_20260530_14,d8b3655f49ab40a684aef6722cc7c6fc,0.11,,,
1033,2026-05-29,SH601288,-0.09091667830944061,EXP_LinearModel_Alpha158_csi300_custom_step0_s_20260530_14,d8b3655f49ab40a684aef6722cc7c6fc,0.11,,,
1034,2026-05-29,SH601298,0.04890727251768112,EXP_LinearModel_Alpha158_csi300_custom_step0_s_20260530_14,d8b3655f49ab40a684aef6722cc7c6fc,0.11,,,
1035,2026-05-29,SH601318,-0.04932104051113129,EXP_LinearModel_Alpha158_csi300_custom_step0_s_20260530_14,d8b3655f49ab40a684aef6722cc7c6fc,0.11,,,
1036,2026-05-29,SH603799,-0.012704332359135151,EXP_LinearModel_Alpha158_csi300_custom_step0_s_20260530_14,d8b3655f49ab40a684aef6722cc7c6fc,0.11,,,
1037,2026-05-29,SH603501,-0.04150763526558876,EXP_LinearModel_Alpha158_csi300_custom_step0_s_20260530_14,d8b3655f49ab40a684aef6722cc7c6fc,0.11,,,
1038,2026-05-29,SH603392,-0.06674342602491379,EXP_LinearModel_Alpha158_csi300_custom_step0_s_20260530_14,d8b3655f49ab40a684aef6722cc7c6fc,0.11,,,
1039,2026-05-29,SH603369,-0.05259649455547333,EXP_LinearModel_Alpha158_csi300_custom_step0_s_20260530_14,d8b3655f49ab40a684aef6722cc7c6fc,0.11,,,
1040,2026-05-29,SH603296,-0.011661340482532978,EXP_LinearModel_Alpha158_csi300_custom_step0_s_20260530_14,d8b3655f49ab40a684aef6722cc7c6fc,0.11,,,
1041,2026-05-29,SH603288,-0.06385456770658493,EXP_LinearModel_Alpha158_csi300_custom_step0_s_20260530_14,d8b3655f49ab40a684aef6722cc7c6fc,0.11,,,
1042,2026-05-29,SH603260,-0.03300820291042328,EXP_LinearModel_Alpha158_csi300_custom_step0_s_20260530_14,d8b3655f49ab40a684aef6722cc7c6fc,0.11,,,
1043,2026-05-29,SH603893,0.03492409363389015,EXP_LinearModel_Alpha158_csi300_custom_step0_s_20260530_14,d8b3655f49ab40a684aef6722cc7c6fc,0.11,,,
1044,2026-05-29,SH603259,0.017358647659420967,EXP_LinearModel_Alpha158_csi300_custom_step0_s_20260530_14,d8b3655f49ab40a684aef6722cc7c6fc,0.11,,,
1045,2026-05-29,SH603019,0.029153984040021896,EXP_LinearModel_Alpha158_csi300_custom_step0_s_20260530_14,d8b3655f49ab40a684aef6722cc7c6fc,0.11,,,
1046,2026-05-29,SH601998,-0.049408476799726486,EXP_LinearModel_Alpha158_csi300_custom_step0_s_20260530_14,d8b3655f49ab40a684aef6722cc7c6fc,0.11,,,
1047,2026-05-29,SH601995,0.04093525931239128,EXP_LinearModel_Alpha158_csi300_custom_step0_s_20260530_14,d8b3655f49ab40a684aef6722cc7c6fc,0.11,,,
1048,2026-05-29,SH601988,0.05233209207653999,EXP_LinearModel_Alpha158_csi300_custom_step0_s_20260530_14,d8b3655f49ab40a684aef6722cc7c6fc,0.11,,,
1049,2026-05-29,SH601985,0.01667308621108532,EXP_LinearModel_Alpha158_csi300_custom_step0_s_20260530_14,d8b3655f49ab40a684aef6722cc7c6fc,0.11,,,
1050,2026-05-29,SH601939,-0.016195518895983696,EXP_LinearModel_Alpha158_csi300_custom_step0_s_20260530_14,d8b3655f49ab40a684aef6722cc7c6fc,0.11,,,
1051,2026-05-29,SH601919,0.003887522965669632,EXP_LinearModel_Alpha158_csi300_custom_step0_s_20260530_14,d8b3655f49ab40a684aef6722cc7c6fc,0.11,,,
1052,2026-05-29,SH603195,-0.024779122322797775,EXP_LinearModel_Alpha158_csi300_custom_step0_s_20260530_14,d8b3655f49ab40a684aef6722cc7c6fc,0.11,,,
1053,2026-05-29,SH601916,0.1225871592760086,EXP_LinearModel_Alpha158_csi300_custom_step0_s_20260530_14,d8b3655f49ab40a684aef6722cc7c6fc,0.11,,,
1054,2026-05-29,SH603986,-0.01651345193386078,EXP_LinearModel_Alpha158_csi300_custom_step0_s_20260530_14,d8b3655f49ab40a684aef6722cc7c6fc,0.11,,,
1055,2026-05-29,SH605117,-0.011564536020159721,EXP_LinearModel_Alpha158_csi300_custom_step0_s_20260530_14,d8b3655f49ab40a684aef6722cc7c6fc,0.11,,,
1056,2026-05-29,SH688303,-0.06572134792804718,EXP_LinearModel_Alpha158_csi300_custom_step0_s_20260530_14,d8b3655f49ab40a684aef6722cc7c6fc,0.11,,,
1057,2026-05-29,SH688271,-0.05848240852355957,EXP_LinearModel_Alpha158_csi300_custom_step0_s_20260530_14,d8b3655f49ab40a684aef6722cc7c6fc,0.11,,,
1058,2026-05-29,SH688256,-0.11738452315330505,EXP_LinearModel_Alpha158_csi300_custom_step0_s_20260530_14,d8b3655f49ab40a684aef6722cc7c6fc,0.11,,,
1059,2026-05-29,SH688223,0.0821165218949318,EXP_LinearModel_Alpha158_csi300_custom_step0_s_20260530_14,d8b3655f49ab40a684aef6722cc7c6fc,0.11,,,
1060,2026-05-29,SH688187,0.004505891818553209,EXP_LinearModel_Alpha158_csi300_custom_step0_s_20260530_14,d8b3655f49ab40a684aef6722cc7c6fc,0.11,,,
1061,2026-05-29,SH688169,-0.01242125779390335,EXP_LinearModel_Alpha158_csi300_custom_step0_s_20260530_14,d8b3655f49ab40a684aef6722cc7c6fc,0.11,,,
1062,2026-05-29,SH688126,0.040057189762592316,EXP_LinearModel_Alpha158_csi300_custom_step0_s_20260530_14,d8b3655f49ab40a684aef6722cc7c6fc,0.11,,,
1063,2026-05-29,SH603993,-0.0942048728466034,EXP_LinearModel_Alpha158_csi300_custom_step0_s_20260530_14,d8b3655f49ab40a684aef6722cc7c6fc,0.11,,,
1064,2026-05-29,SH688111,-0.09082766622304916,EXP_LinearModel_Alpha158_csi300_custom_step0_s_20260530_14,d8b3655f49ab40a684aef6722cc7c6fc,0.11,,,
1065,2026-05-29,SH688047,0.015336203388869762,EXP_LinearModel_Alpha158_csi300_custom_step0_s_20260530_14,d8b3655f49ab40a684aef6722cc7c6fc,0.11,,,
1066,2026-05-29,SH688041,-0.005280961282551289,EXP_LinearModel_Alpha158_csi300_custom_step0_s_20260530_14,d8b3655f49ab40a684aef6722cc7c6fc,0.11,,,
1067,2026-05-29,SH688036,0.04082319140434265,EXP_LinearModel_Alpha158_csi300_custom_step0_s_20260530_14,d8b3655f49ab40a684aef6722cc7c6fc,0.11,,,
1068,2026-05-29,SH688012,-0.026151960715651512,EXP_LinearModel_Alpha158_csi300_custom_step0_s_20260530_14,d8b3655f49ab40a684aef6722cc7c6fc,0.11,,,
1069,2026-05-29,SH688009,0.041828326880931854,EXP_LinearModel_Alpha158_csi300_custom_step0_s_20260530_14,d8b3655f49ab40a684aef6722cc7c6fc,0.11,,,
1070,2026-05-29,SH688008,-0.08269059658050537,EXP_LinearModel_Alpha158_csi300_custom_step0_s_20260530_14,d8b3655f49ab40a684aef6722cc7c6fc,0.11,,,
1071,2026-05-29,SH605499,-0.08202089369297028,EXP_LinearModel_Alpha158_csi300_custom_step0_s_20260530_14,d8b3655f49ab40a684aef6722cc7c6fc,0.11,,,
1072,2026-05-29,SH688082,-0.0036592185497283936,EXP_LinearModel_Alpha158_csi300_custom_step0_s_20260530_14,d8b3655f49ab40a684aef6722cc7c6fc,0.11,,,
1073,2026-05-29,SH600176,-0.05067393183708191,EXP_LinearModel_Alpha158_csi300_custom_step0_s_20260530_14,d8b3655f49ab40a684aef6722cc7c6fc,0.11,,,
1074,2026-05-29,SH601901,-0.01644555851817131,EXP_LinearModel_Alpha158_csi300_custom_step0_s_20260530_14,d8b3655f49ab40a684aef6722cc7c6fc,0.11,,,
1075,2026-05-29,SH601898,-0.0053096916526556015,EXP_LinearModel_Alpha158_csi300_custom_step0_s_20260530_14,d8b3655f49ab40a684aef6722cc7c6fc,0.11,,,
1076,2026-05-29,SH601668,0.009329688735306263,EXP_LinearModel_Alpha158_csi300_custom_step0_s_20260530_14,d8b3655f49ab40a684aef6722cc7c6fc,0.11,,,
1077,2026-05-29,SH601658,-0.010696365498006344,EXP_LinearModel_Alpha158_csi300_custom_step0_s_20260530_14,d8b3655f49ab40a684aef6722cc7c6fc,0.11,,,
1078,2026-05-29,SH601633,-0.012245254591107368,EXP_LinearModel_Alpha158_csi300_custom_step0_s_20260530_14,d8b3655f49ab40a684aef6722cc7c6fc,0.11,,,
1079,2026-05-29,SH601628,-0.08128710836172104,EXP_LinearModel_Alpha158_csi300_custom_step0_s_20260530_14,d8b3655f49ab40a684aef6722cc7c6fc,0.11,,,
1080,2026-05-29,SH601618,0.04968304559588432,EXP_LinearModel_Alpha158_csi300_custom_step0_s_20260530_14,d8b3655f49ab40a684aef6722cc7c6fc,0.11,,,
1081,2026-05-29,SH601607,-0.027740178629755974,EXP_LinearModel_Alpha158_csi300_custom_step0_s_20260530_14,d8b3655f49ab40a684aef6722cc7c6fc,0.11,,,
1082,2026-05-29,SH601601,-0.005384059157222509,EXP_LinearModel_Alpha158_csi300_custom_step0_s_20260530_14,d8b3655f49ab40a684aef6722cc7c6fc,0.11,,,
1083,2026-05-29,SH601669,-0.012384029105305672,EXP_LinearModel_Alpha158_csi300_custom_step0_s_20260530_14,d8b3655f49ab40a684aef6722cc7c6fc,0.11,,,
1084,2026-05-29,SH601600,-0.07376614958047867,EXP_LinearModel_Alpha158_csi300_custom_step0_s_20260530_14,d8b3655f49ab40a684aef6722cc7c6fc,0.11,,,
1085,2026-05-29,SH601398,0.05880364775657654,EXP_LinearModel_Alpha158_csi300_custom_step0_s_20260530_14,d8b3655f49ab40a684aef6722cc7c6fc,0.11,,,
1086,2026-05-29,SH601390,0.02461772784590721,EXP_LinearModel_Alpha158_csi300_custom_step0_s_20260530_14,d8b3655f49ab40a684aef6722cc7c6fc,0.11,,,
1087,2026-05-29,SH601377,-0.01499700453132391,EXP_LinearModel_Alpha158_csi300_custom_step0_s_20260530_14,d8b3655f49ab40a684aef6722cc7c6fc,0.11,,,
1088,2026-05-29,SH601360,-0.039056405425071716,EXP_LinearModel_Alpha158_csi300_custom_step0_s_20260530_14,d8b3655f49ab40a684aef6722cc7c6fc,0.11,,,
1089,2026-05-29,SH601336,-0.05961334705352783,EXP_LinearModel_Alpha158_csi300_custom_step0_s_20260530_14,d8b3655f49ab40a684aef6722cc7c6fc,0.11,,,
1090,2026-05-29,SH601328,-0.033814944326877594,EXP_LinearModel_Alpha158_csi300_custom_step0_s_20260530_14,d8b3655f49ab40a684aef6722cc7c6fc,0.11,,,
1091,2026-05-29,SH601319,-0.008106619119644165,EXP_LinearModel_Alpha158_csi300_custom_step0_s_20260530_14,d8b3655f49ab40a684aef6722cc7c6fc,0.11,,,
1092,2026-05-29,SH601456,-0.0416974201798439,EXP_LinearModel_Alpha158_csi300_custom_step0_s_20260530_14,d8b3655f49ab40a684aef6722cc7c6fc,0.11,,,
1093,2026-05-29,SH601899,-0.06349913775920868,EXP_LinearModel_Alpha158_csi300_custom_step0_s_20260530_14,d8b3655f49ab40a684aef6722cc7c6fc,0.11,,,
1094,2026-05-29,SH601688,-0.0456620492041111,EXP_LinearModel_Alpha158_csi300_custom_step0_s_20260530_14,d8b3655f49ab40a684aef6722cc7c6fc,0.11,,,
1095,2026-05-29,SH601698,-0.029287053272128105,EXP_LinearModel_Alpha158_csi300_custom_step0_s_20260530_14,d8b3655f49ab40a684aef6722cc7c6fc,0.11,,,
1096,2026-05-29,SH601888,0.046620965003967285,EXP_LinearModel_Alpha158_csi300_custom_step0_s_20260530_14,d8b3655f49ab40a684aef6722cc7c6fc,0.11,,,
1097,2026-05-29,SH601881,-0.02403828874230385,EXP_LinearModel_Alpha158_csi300_custom_step0_s_20260530_14,d8b3655f49ab40a684aef6722cc7c6fc,0.11,,,
1098,2026-05-29,SH601878,-0.020563267171382904,EXP_LinearModel_Alpha158_csi300_custom_step0_s_20260530_14,d8b3655f49ab40a684aef6722cc7c6fc,0.11,,,
1099,2026-05-29,SH601877,0.01559288240969181,EXP_LinearModel_Alpha158_csi300_custom_step0_s_20260530_14,d8b3655f49ab40a684aef6722cc7c6fc,0.11,,,
1100,2026-05-29,SH601872,-0.021123899146914482,EXP_LinearModel_Alpha158_csi300_custom_step0_s_20260530_14,d8b3655f49ab40a684aef6722cc7c6fc,0.11,,,
1101,2026-05-29,SH601868,-0.0026063413824886084,EXP_LinearModel_Alpha158_csi300_custom_step0_s_20260530_14,d8b3655f49ab40a684aef6722cc7c6fc,0.11,,,
1102,2026-05-29,SH601857,-0.0057996055111289024,EXP_LinearModel_Alpha158_csi300_custom_step0_s_20260530_14,d8b3655f49ab40a684aef6722cc7c6fc,0.11,,,
1103,2026-05-29,SH601689,-0.027743633836507797,EXP_LinearModel_Alpha158_csi300_custom_step0_s_20260530_14,d8b3655f49ab40a684aef6722cc7c6fc,0.11,,,
1104,2026-05-29,SH601838,0.026512695476412773,EXP_LinearModel_Alpha158_csi300_custom_step0_s_20260530_14,d8b3655f49ab40a684aef6722cc7c6fc,0.11,,,
1105,2026-05-29,SH601818,0.10163751244544983,EXP_LinearModel_Alpha158_csi300_custom_step0_s_20260530_14,d8b3655f49ab40a684aef6722cc7c6fc,0.11,,,
1106,2026-05-29,SH601816,-0.004443292040377855,EXP_LinearModel_Alpha158_csi300_custom_step0_s_20260530_14,d8b3655f49ab40a684aef6722cc7c6fc,0.11,,,
1107,2026-05-29,SH601808,0.021864229813218117,EXP_LinearModel_Alpha158_csi300_custom_step0_s_20260530_14,d8b3655f49ab40a684aef6722cc7c6fc,0.11,,,
1108,2026-05-29,SH601800,-0.0004238761030137539,EXP_LinearModel_Alpha158_csi300_custom_step0_s_20260530_14,d8b3655f49ab40a684aef6722cc7c6fc,0.11,,,
1109,2026-05-29,SH601788,-0.05921592563390732,EXP_LinearModel_Alpha158_csi300_custom_step0_s_20260530_14,d8b3655f49ab40a684aef6722cc7c6fc,0.11,,,
1110,2026-05-29,SH601766,-0.04721340164542198,EXP_LinearModel_Alpha158_csi300_custom_step0_s_20260530_14,d8b3655f49ab40a684aef6722cc7c6fc,0.11,,,
1111,2026-05-29,SH601728,-0.11094357818365097,EXP_LinearModel_Alpha158_csi300_custom_step0_s_20260530_14,d8b3655f49ab40a684aef6722cc7c6fc,0.11,,,
1112,2026-05-29,SH601825,-0.01283316407352686,EXP_LinearModel_Alpha158_csi300_custom_step0_s_20260530_14,d8b3655f49ab40a684aef6722cc7c6fc,0.11,,,
1113,2026-05-29,SH600161,-0.03602838143706322,EXP_LinearModel_Alpha158_csi300_custom_step0_s_20260530_14,d8b3655f49ab40a684aef6722cc7c6fc,0.11,,,
1114,2026-05-29,SH600160,-0.05478619784116745,EXP_LinearModel_Alpha158_csi300_custom_step0_s_20260530_14,d8b3655f49ab40a684aef6722cc7c6fc,0.11,,,
1115,2026-05-29,SH600150,0.020955368876457214,EXP_LinearModel_Alpha158_csi300_custom_step0_s_20260530_14,d8b3655f49ab40a684aef6722cc7c6fc,0.11,,,
1116,2026-05-29,SZ001965,0.09526371282465322,EXP_DEnsembleModel_Alpha158_csi300_custom_step0_s_20260530_14,7eca48294c6a411985f9194ff5a92a6c,0.1,,,
1117,2026-05-29,SZ001391,-0.02714188795275866,EXP_DEnsembleModel_Alpha158_csi300_custom_step0_s_20260530_14,7eca48294c6a411985f9194ff5a92a6c,0.1,,,
1118,2026-05-29,SZ000999,-0.011510098354001299,EXP_DEnsembleModel_Alpha158_csi300_custom_step0_s_20260530_14,7eca48294c6a411985f9194ff5a92a6c,0.1,,,
1119,2026-05-29,SZ000983,-0.0770518320925052,EXP_DEnsembleModel_Alpha158_csi300_custom_step0_s_20260530_14,7eca48294c6a411985f9194ff5a92a6c,0.1,,,
1120,2026-05-29,SZ000977,0.07401533832237436,EXP_DEnsembleModel_Alpha158_csi300_custom_step0_s_20260530_14,7eca48294c6a411985f9194ff5a92a6c,0.1,,,
1121,2026-05-29,SZ000975,-0.02850866680861636,EXP_DEnsembleModel_Alpha158_csi300_custom_step0_s_20260530_14,7eca48294c6a411985f9194ff5a92a6c,0.1,,,
1122,2026-05-29,SZ000963,0.03151783790874428,EXP_DEnsembleModel_Alpha158_csi300_custom_step0_s_20260530_14,7eca48294c6a411985f9194ff5a92a6c,0.1,,,
1123,2026-05-29,SZ001979,-0.011228469904266318,EXP_DEnsembleModel_Alpha158_csi300_custom_step0_s_20260530_14,7eca48294c6a411985f9194ff5a92a6c,0.1,,,
1124,2026-05-29,SZ000938,0.11333705619053662,EXP_DEnsembleModel_Alpha158_csi300_custom_step0_s_20260530_14,7eca48294c6a411985f9194ff5a92a6c,0.1,,,
1125,2026-05-29,SZ000876,-0.134894922889306,EXP_DEnsembleModel_Alpha158_csi300_custom_step0_s_20260530_14,7eca48294c6a411985f9194ff5a92a6c,0.1,,,
1126,2026-05-29,SZ000858,-0.07518663970586896,EXP_DEnsembleModel_Alpha158_csi300_custom_step0_s_20260530_14,7eca48294c6a411985f9194ff5a92a6c,0.1,,,
1127,2026-05-29,SZ000807,-0.11138421890002237,EXP_DEnsembleModel_Alpha158_csi300_custom_step0_s_20260530_14,7eca48294c6a411985f9194ff5a92a6c,0.1,,,
1128,2026-05-29,SZ000792,-0.04093819467863905,EXP_DEnsembleModel_Alpha158_csi300_custom_step0_s_20260530_14,7eca48294c6a411985f9194ff5a92a6c,0.1,,,
1129,2026-05-29,SZ000786,-0.08181671293555866,EXP_DEnsembleModel_Alpha158_csi300_custom_step0_s_20260530_14,7eca48294c6a411985f9194ff5a92a6c,0.1,,,
1130,2026-05-29,SZ000776,-0.06388979072362486,EXP_DEnsembleModel_Alpha158_csi300_custom_step0_s_20260530_14,7eca48294c6a411985f9194ff5a92a6c,0.1,,,
1131,2026-05-29,SZ000768,-0.01497934582446703,EXP_DEnsembleModel_Alpha158_csi300_custom_step0_s_20260530_14,7eca48294c6a411985f9194ff5a92a6c,0.1,,,
1132,2026-05-29,SZ000895,-0.03229789316791211,EXP_DEnsembleModel_Alpha158_csi300_custom_step0_s_20260530_14,7eca48294c6a411985f9194ff5a92a6c,0.1,,,
1133,2026-05-29,SZ000725,0.023003407433144617,EXP_DEnsembleModel_Alpha158_csi300_custom_step0_s_20260530_14,7eca48294c6a411985f9194ff5a92a6c,0.1,,,
1134,2026-05-29,SZ002001,-0.05621737873430736,EXP_DEnsembleModel_Alpha158_csi300_custom_step0_s_20260530_14,7eca48294c6a411985f9194ff5a92a6c,0.1,,,
1135,2026-05-29,SZ002028,-0.08635343490204722,EXP_DEnsembleModel_Alpha158_csi300_custom_step0_s_20260530_14,7eca48294c6a411985f9194ff5a92a6c,0.1,,,
1136,2026-05-29,SZ002422,0.04591725285476405,EXP_DEnsembleModel_Alpha158_csi300_custom_step0_s_20260530_14,7eca48294c6a411985f9194ff5a92a6c,0.1,,,
1137,2026-05-29,SZ002415,0.0234100835382764,EXP_DEnsembleModel_Alpha158_csi300_custom_step0_s_20260530_14,7eca48294c6a411985f9194ff5a92a6c,0.1,,,
1138,2026-05-29,SZ002384,0.1702574166481145,EXP_DEnsembleModel_Alpha158_csi300_custom_step0_s_20260530_14,7eca48294c6a411985f9194ff5a92a6c,0.1,,,
1139,2026-05-29,SZ002371,0.14225789858054627,EXP_DEnsembleModel_Alpha158_csi300_custom_step0_s_20260530_14,7eca48294c6a411985f9194ff5a92a6c,0.1,,,
1140,2026-05-29,SZ002352,0.022765339726258493,EXP_DEnsembleModel_Alpha158_csi300_custom_step0_s_20260530_14,7eca48294c6a411985f9194ff5a92a6c,0.1,,,
1141,2026-05-29,SZ002311,0.03709389388357114,EXP_DEnsembleModel_Alpha158_csi300_custom_step0_s_20260530_14,7eca48294c6a411985f9194ff5a92a6c,0.1,,,
1142,2026-05-29,SZ002304,-0.006230280561821702,EXP_DEnsembleModel_Alpha158_csi300_custom_step0_s_20260530_14,7eca48294c6a411985f9194ff5a92a6c,0.1,,,
1143,2026-05-29,SZ002027,-0.06844140364130502,EXP_DEnsembleModel_Alpha158_csi300_custom_step0_s_20260530_14,7eca48294c6a411985f9194ff5a92a6c,0.1,,,
1144,2026-05-29,SZ002252,0.006090979882916612,EXP_DEnsembleModel_Alpha158_csi300_custom_step0_s_20260530_14,7eca48294c6a411985f9194ff5a92a6c,0.1,,,
1145,2026-05-29,SZ002236,-0.10933525281686444,EXP_DEnsembleModel_Alpha158_csi300_custom_step0_s_20260530_14,7eca48294c6a411985f9194ff5a92a6c,0.1,,,
1146,2026-05-29,SZ002230,-0.07295647877443749,EXP_DEnsembleModel_Alpha158_csi300_custom_step0_s_20260530_14,7eca48294c6a411985f9194ff5a92a6c,0.1,,,
1147,2026-05-29,SZ002179,0.004886452940592879,EXP_DEnsembleModel_Alpha158_csi300_custom_step0_s_20260530_14,7eca48294c6a411985f9194ff5a92a6c,0.1,,,
1148,2026-05-29,SZ002142,0.05206066632068133,EXP_DEnsembleModel_Alpha158_csi300_custom_step0_s_20260530_14,7eca48294c6a411985f9194ff5a92a6c,0.1,,,
1149,2026-05-29,SZ002074,-0.1568938830069612,EXP_DEnsembleModel_Alpha158_csi300_custom_step0_s_20260530_14,7eca48294c6a411985f9194ff5a92a6c,0.1,,,
1150,2026-05-29,SZ002050,0.05751618971256211,EXP_DEnsembleModel_Alpha158_csi300_custom_step0_s_20260530_14,7eca48294c6a411985f9194ff5a92a6c,0.1,,,
1151,2026-05-29,SZ002049,-0.06617982806728179,EXP_DEnsembleModel_Alpha158_csi300_custom_step0_s_20260530_14,7eca48294c6a411985f9194ff5a92a6c,0.1,,,
1152,2026-05-29,SZ002241,-0.05013165794326175,EXP_DEnsembleModel_Alpha158_csi300_custom_step0_s_20260530_14,7eca48294c6a411985f9194ff5a92a6c,0.1,,,
1153,2026-05-29,SZ002459,-0.042521254854168786,EXP_DEnsembleModel_Alpha158_csi300_custom_step0_s_20260530_14,7eca48294c6a411985f9194ff5a92a6c,0.1,,,
1154,2026-05-29,SZ000708,0.07084932062760352,EXP_DEnsembleModel_Alpha158_csi300_custom_step0_s_20260530_14,7eca48294c6a411985f9194ff5a92a6c,0.1,,,
1155,2026-05-29,SZ000651,0.03145325425099962,EXP_DEnsembleModel_Alpha158_csi300_custom_step0_s_20260530_14,7eca48294c6a411985f9194ff5a92a6c,0.1,,,
1156,2026-05-29,SH688396,-0.07735478994427075,EXP_DEnsembleModel_Alpha158_csi300_custom_step0_s_20260530_14,7eca48294c6a411985f9194ff5a92a6c,0.1,,,
1157,2026-05-29,SH688303,0.09643191931359171,EXP_DEnsembleModel_Alpha158_csi300_custom_step0_s_20260530_14,7eca48294c6a411985f9194ff5a92a6c,0.1,,,
1158,2026-05-29,SH688271,-0.07966047214067869,EXP_DEnsembleModel_Alpha158_csi300_custom_step0_s_20260530_14,7eca48294c6a411985f9194ff5a92a6c,0.1,,,
1159,2026-05-29,SH688256,0.1793463622780755,EXP_DEnsembleModel_Alpha158_csi300_custom_step0_s_20260530_14,7eca48294c6a411985f9194ff5a92a6c,0.1,,,
1160,2026-05-29,SH688223,-0.039237041019188304,EXP_DEnsembleModel_Alpha158_csi300_custom_step0_s_20260530_14,7eca48294c6a411985f9194ff5a92a6c,0.1,,,
1161,2026-05-29,SH688187,-0.03403676219574927,EXP_DEnsembleModel_Alpha158_csi300_custom_step0_s_20260530_14,7eca48294c6a411985f9194ff5a92a6c,0.1,,,
1162,2026-05-29,SH688169,-0.24171357031378463,EXP_DEnsembleModel_Alpha158_csi300_custom_step0_s_20260530_14,7eca48294c6a411985f9194ff5a92a6c,0.1,,,
1163,2026-05-29,SH688472,-0.10548130681232128,EXP_DEnsembleModel_Alpha158_csi300_custom_step0_s_20260530_14,7eca48294c6a411985f9194ff5a92a6c,0.1,,,
1164,2026-05-29,SH688126,0.032674491216645785,EXP_DEnsembleModel_Alpha158_csi300_custom_step0_s_20260530_14,7eca48294c6a411985f9194ff5a92a6c,0.1,,,
1165,2026-05-29,SH688082,0.07562144417652236,EXP_DEnsembleModel_Alpha158_csi300_custom_step0_s_20260530_14,7eca48294c6a411985f9194ff5a92a6c,0.1,,,
1166,2026-05-29,SH688047,0.05779866503910355,EXP_DEnsembleModel_Alpha158_csi300_custom_step0_s_20260530_14,7eca48294c6a411985f9194ff5a92a6c,0.1,,,
1167,2026-05-29,SH688041,0.18373958353928377,EXP_DEnsembleModel_Alpha158_csi300_custom_step0_s_20260530_14,7eca48294c6a411985f9194ff5a92a6c,0.1,,,
1168,2026-05-29,SH688036,-0.044218561801051104,EXP_DEnsembleModel_Alpha158_csi300_custom_step0_s_20260530_14,7eca48294c6a411985f9194ff5a92a6c,0.1,,,
1169,2026-05-29,SH688012,0.1073220733082821,EXP_DEnsembleModel_Alpha158_csi300_custom_step0_s_20260530_14,7eca48294c6a411985f9194ff5a92a6c,0.1,,,
1170,2026-05-29,SH688009,0.07241057800138134,EXP_DEnsembleModel_Alpha158_csi300_custom_step0_s_20260530_14,7eca48294c6a411985f9194ff5a92a6c,0.1,,,
1171,2026-05-29,SH688008,0.17057330054456132,EXP_DEnsembleModel_Alpha158_csi300_custom_step0_s_20260530_14,7eca48294c6a411985f9194ff5a92a6c,0.1,,,
1172,2026-05-29,SH688111,-0.1404768561289905,EXP_DEnsembleModel_Alpha158_csi300_custom_step0_s_20260530_14,7eca48294c6a411985f9194ff5a92a6c,0.1,,,
1173,2026-05-29,SZ000661,-0.11393638169002525,EXP_DEnsembleModel_Alpha158_csi300_custom_step0_s_20260530_14,7eca48294c6a411985f9194ff5a92a6c,0.1,,,
1174,2026-05-29,SH688506,0.022393884419700652,EXP_DEnsembleModel_Alpha158_csi300_custom_step0_s_20260530_14,7eca48294c6a411985f9194ff5a92a6c,0.1,,,
1175,2026-05-29,SZ000001,0.013121680362741663,EXP_DEnsembleModel_Alpha158_csi300_custom_step0_s_20260530_14,7eca48294c6a411985f9194ff5a92a6c,0.1,,,
1176,2026-05-29,SZ000630,-0.03754984322562507,EXP_DEnsembleModel_Alpha158_csi300_custom_step0_s_20260530_14,7eca48294c6a411985f9194ff5a92a6c,0.1,,,
1177,2026-05-29,SZ000625,0.08350093968493527,EXP_DEnsembleModel_Alpha158_csi300_custom_step0_s_20260530_14,7eca48294c6a411985f9194ff5a92a6c,0.1,,,
1178,2026-05-29,SZ000617,-0.1061835671445386,EXP_DEnsembleModel_Alpha158_csi300_custom_step0_s_20260530_14,7eca48294c6a411985f9194ff5a92a6c,0.1,,,
1179,2026-05-29,SZ000596,-0.024549642225975558,EXP_DEnsembleModel_Alpha158_csi300_custom_step0_s_20260530_14,7eca48294c6a411985f9194ff5a92a6c,0.1,,,
1180,2026-05-29,SZ000568,0.012452687182948221,EXP_DEnsembleModel_Alpha158_csi300_custom_step0_s_20260530_14,7eca48294c6a411985f9194ff5a92a6c,0.1,,,
1181,2026-05-29,SZ000538,-0.0032322591523014674,EXP_DEnsembleModel_Alpha158_csi300_custom_step0_s_20260530_14,7eca48294c6a411985f9194ff5a92a6c,0.1,,,
1182,2026-05-29,SZ000425,0.029515511390838255,EXP_DEnsembleModel_Alpha158_csi300_custom_step0_s_20260530_14,7eca48294c6a411985f9194ff5a92a6c,0.1,,,
1183,2026-05-29,SH688981,-0.04723622783533526,EXP_DEnsembleModel_Alpha158_csi300_custom_step0_s_20260530_14,7eca48294c6a411985f9194ff5a92a6c,0.1,,,
1184,2026-05-29,SZ000408,-0.13225875010412375,EXP_DEnsembleModel_Alpha158_csi300_custom_step0_s_20260530_14,7eca48294c6a411985f9194ff5a92a6c,0.1,,,
1185,2026-05-29,SZ000333,0.08291222949042272,EXP_DEnsembleModel_Alpha158_csi300_custom_step0_s_20260530_14,7eca48294c6a411985f9194ff5a92a6c,0.1,,,
1186,2026-05-29,SZ000301,-0.00974889139656666,EXP_DEnsembleModel_Alpha158_csi300_custom_step0_s_20260530_14,7eca48294c6a411985f9194ff5a92a6c,0.1,,,
1187,2026-05-29,SZ000166,0.04168060273574551,EXP_DEnsembleModel_Alpha158_csi300_custom_step0_s_20260530_14,7eca48294c6a411985f9194ff5a92a6c,0.1,,,
1188,2026-05-29,SZ000157,0.09150713797475628,EXP_DEnsembleModel_Alpha158_csi300_custom_step0_s_20260530_14,7eca48294c6a411985f9194ff5a92a6c,0.1,,,
1189,2026-05-29,SZ000100,-0.11974978750238009,EXP_DEnsembleModel_Alpha158_csi300_custom_step0_s_20260530_14,7eca48294c6a411985f9194ff5a92a6c,0.1,,,
1190,2026-05-29,SZ000063,-0.08935542096462072,EXP_DEnsembleModel_Alpha158_csi300_custom_step0_s_20260530_14,7eca48294c6a411985f9194ff5a92a6c,0.1,,,
1191,2026-05-29,SZ000002,0.006160128086194758,EXP_DEnsembleModel_Alpha158_csi300_custom_step0_s_20260530_14,7eca48294c6a411985f9194ff5a92a6c,0.1,,,
1192,2026-05-29,SZ000338,-0.11947405579968634,EXP_DEnsembleModel_Alpha158_csi300_custom_step0_s_20260530_14,7eca48294c6a411985f9194ff5a92a6c,0.1,,,
1193,2026-05-29,SH605117,-0.04775170388148361,EXP_DEnsembleModel_Alpha158_csi300_custom_step0_s_20260530_14,7eca48294c6a411985f9194ff5a92a6c,0.1,,,
1194,2026-05-29,SZ002460,-0.06942234458568258,EXP_DEnsembleModel_Alpha158_csi300_custom_step0_s_20260530_14,7eca48294c6a411985f9194ff5a92a6c,0.1,,,
1195,2026-05-29,SZ002466,-0.026175984237502087,EXP_DEnsembleModel_Alpha158_csi300_custom_step0_s_20260530_14,7eca48294c6a411985f9194ff5a92a6c,0.1,,,
1196,2026-05-29,SH600018,0.06480922549962997,EXP_LinearModel_Alpha158_csi300_custom_step0_s_20260530_14,d8b3655f49ab40a684aef6722cc7c6fc,0.11,,,
1197,2026-05-29,SH600016,0.049197468906641006,EXP_LinearModel_Alpha158_csi300_custom_step0_s_20260530_14,d8b3655f49ab40a684aef6722cc7c6fc,0.11,,,
1198,2026-05-29,SH600015,0.014306032098829746,EXP_LinearModel_Alpha158_csi300_custom_step0_s_20260530_14,d8b3655f49ab40a684aef6722cc7c6fc,0.11,,,
1199,2026-05-29,SH600011,0.046255238354206085,EXP_LinearModel_Alpha158_csi300_custom_step0_s_20260530_14,d8b3655f49ab40a684aef6722cc7c6fc,0.11,,,
1200,2026-05-29,SH600010,-0.0465107187628746,EXP_LinearModel_Alpha158_csi300_custom_step0_s_20260530_14,d8b3655f49ab40a684aef6722cc7c6fc,0.11,,,
1201,2026-05-29,SH600009,-0.04824433475732803,EXP_LinearModel_Alpha158_csi300_custom_step0_s_20260530_14,d8b3655f49ab40a684aef6722cc7c6fc,0.11,,,
1202,2026-05-29,SH600000,-0.0379449799656868,EXP_LinearModel_Alpha158_csi300_custom_step0_s_20260530_14,d8b3655f49ab40a684aef6722cc7c6fc,0.11,,,
1203,2026-05-29,SH600019,-0.001371811144053936,EXP_LinearModel_Alpha158_csi300_custom_step0_s_20260530_14,d8b3655f49ab40a684aef6722cc7c6fc,0.11,,,
1204,2026-05-29,SZ302132,-0.10031278185142983,EXP_DEnsembleModel_Alpha158_csi300_custom_step0_s_20260530_14,7eca48294c6a411985f9194ff5a92a6c,0.1,,,
1205,2026-05-29,SZ301236,-0.10173702320684438,EXP_DEnsembleModel_Alpha158_csi300_custom_step0_s_20260530_14,7eca48294c6a411985f9194ff5a92a6c,0.1,,,
1206,2026-05-29,SZ300999,0.01589715885178552,EXP_DEnsembleModel_Alpha158_csi300_custom_step0_s_20260530_14,7eca48294c6a411985f9194ff5a92a6c,0.1,,,
1207,2026-05-29,SZ300979,0.015794596887994648,EXP_DEnsembleModel_Alpha158_csi300_custom_step0_s_20260530_14,7eca48294c6a411985f9194ff5a92a6c,0.1,,,
1208,2026-05-29,SZ300896,0.0037684236800059278,EXP_DEnsembleModel_Alpha158_csi300_custom_step0_s_20260530_14,7eca48294c6a411985f9194ff5a92a6c,0.1,,,
1209,2026-05-29,SZ300866,-0.09352911173110044,EXP_DEnsembleModel_Alpha158_csi300_custom_step0_s_20260530_14,7eca48294c6a411985f9194ff5a92a6c,0.1,,,
1210,2026-05-29,SZ300832,-0.0938373811858777,EXP_DEnsembleModel_Alpha158_csi300_custom_step0_s_20260530_14,7eca48294c6a411985f9194ff5a92a6c,0.1,,,
1211,2026-05-29,SZ300803,-0.18970965286338223,EXP_DEnsembleModel_Alpha158_csi300_custom_step0_s_20260530_14,7eca48294c6a411985f9194ff5a92a6c,0.1,,,
1212,2026-05-29,SZ301269,0.08465278265573241,EXP_DEnsembleModel_Alpha158_csi300_custom_step0_s_20260530_14,7eca48294c6a411985f9194ff5a92a6c,0.1,,,
1213,2026-05-29,SZ300782,0.2754760663747587,EXP_DEnsembleModel_Alpha158_csi300_custom_step0_s_20260530_14,7eca48294c6a411985f9194ff5a92a6c,0.1,,,
1214,2026-05-29,SH600023,-0.004517194349318743,EXP_LinearModel_Alpha158_csi300_custom_step0_s_20260530_14,d8b3655f49ab40a684aef6722cc7c6fc,0.11,,,
1215,2026-05-29,SH600026,0.05714869499206543,EXP_LinearModel_Alpha158_csi300_custom_step0_s_20260530_14,d8b3655f49ab40a684aef6722cc7c6fc,0.11,,,
1216,2026-05-29,SH600115,-0.09106984734535217,EXP_LinearModel_Alpha158_csi300_custom_step0_s_20260530_14,d8b3655f49ab40a684aef6722cc7c6fc,0.11,,,
1217,2026-05-29,SH600111,-0.0817078948020935,EXP_LinearModel_Alpha158_csi300_custom_step0_s_20260530_14,d8b3655f49ab40a684aef6722cc7c6fc,0.11,,,
1218,2026-05-29,SH600104,0.008477780036628246,EXP_LinearModel_Alpha158_csi300_custom_step0_s_20260530_14,d8b3655f49ab40a684aef6722cc7c6fc,0.11,,,
1219,2026-05-29,SH600089,-0.01860133185982704,EXP_LinearModel_Alpha158_csi300_custom_step0_s_20260530_14,d8b3655f49ab40a684aef6722cc7c6fc,0.11,,,
1220,2026-05-29,SH600085,-0.00192327331751585,EXP_LinearModel_Alpha158_csi300_custom_step0_s_20260530_14,d8b3655f49ab40a684aef6722cc7c6fc,0.11,,,
1221,2026-05-29,SH600066,-0.008875389583408833,EXP_LinearModel_Alpha158_csi300_custom_step0_s_20260530_14,d8b3655f49ab40a684aef6722cc7c6fc,0.11,,,
1222,2026-05-29,SH600061,-0.030849700793623924,EXP_LinearModel_Alpha158_csi300_custom_step0_s_20260530_14,d8b3655f49ab40a684aef6722cc7c6fc,0.11,,,
1223,2026-05-29,SH600025,0.0649411678314209,EXP_LinearModel_Alpha158_csi300_custom_step0_s_20260530_14,d8b3655f49ab40a684aef6722cc7c6fc,0.11,,,
1224,2026-05-29,SH600050,-0.018921170383691788,EXP_LinearModel_Alpha158_csi300_custom_step0_s_20260530_14,d8b3655f49ab40a684aef6722cc7c6fc,0.11,,,
1225,2026-05-29,SH600039,0.02044413983821869,EXP_LinearModel_Alpha158_csi300_custom_step0_s_20260530_14,d8b3655f49ab40a684aef6722cc7c6fc,0.11,,,
1226,2026-05-29,SH600036,0.02854349836707115,EXP_LinearModel_Alpha158_csi300_custom_step0_s_20260530_14,d8b3655f49ab40a684aef6722cc7c6fc,0.11,,,
1227,2026-05-29,SH600031,-0.018965881317853928,EXP_LinearModel_Alpha158_csi300_custom_step0_s_20260530_14,d8b3655f49ab40a684aef6722cc7c6fc,0.11,,,
1228,2026-05-29,SH600030,-0.0023158970288932323,EXP_LinearModel_Alpha158_csi300_custom_step0_s_20260530_14,d8b3655f49ab40a684aef6722cc7c6fc,0.11,,,
1229,2026-05-29,SH600029,-0.08599122613668442,EXP_LinearModel_Alpha158_csi300_custom_step0_s_20260530_14,d8b3655f49ab40a684aef6722cc7c6fc,0.11,,,
1230,2026-05-29,SH600028,-0.11320213973522186,EXP_LinearModel_Alpha158_csi300_custom_step0_s_20260530_14,d8b3655f49ab40a684aef6722cc7c6fc,0.11,,,
1231,2026-05-29,SH600027,0.05843810364603996,EXP_LinearModel_Alpha158_csi300_custom_step0_s_20260530_14,d8b3655f49ab40a684aef6722cc7c6fc,0.11,,,
1232,2026-05-29,SH600048,-0.03149561211466789,EXP_LinearModel_Alpha158_csi300_custom_step0_s_20260530_14,d8b3655f49ab40a684aef6722cc7c6fc,0.11,,,
1233,2026-05-29,SZ002463,-0.01638647005399574,EXP_DEnsembleModel_Alpha158_csi300_custom_step0_s_20260530_14,7eca48294c6a411985f9194ff5a92a6c,0.1,,,
1234,2026-05-29,SZ300760,0.014412112680794596,EXP_DEnsembleModel_Alpha158_csi300_custom_step0_s_20260530_14,7eca48294c6a411985f9194ff5a92a6c,0.1,,,
1235,2026-05-29,SZ300750,0.043822408151494345,EXP_DEnsembleModel_Alpha158_csi300_custom_step0_s_20260530_14,7eca48294c6a411985f9194ff5a92a6c,0.1,,,
1236,2026-05-29,SZ300015,-0.04661310560687285,EXP_DEnsembleModel_Alpha158_csi300_custom_step0_s_20260530_14,7eca48294c6a411985f9194ff5a92a6c,0.1,,,
1237,2026-05-29,SZ300014,-0.024921855211018598,EXP_DEnsembleModel_Alpha158_csi300_custom_step0_s_20260530_14,7eca48294c6a411985f9194ff5a92a6c,0.1,,,
1238,2026-05-29,SZ003816,-0.05702675777067128,EXP_DEnsembleModel_Alpha158_csi300_custom_step0_s_20260530_14,7eca48294c6a411985f9194ff5a92a6c,0.1,,,
1239,2026-05-29,SZ002938,0.15737956248153984,EXP_DEnsembleModel_Alpha158_csi300_custom_step0_s_20260530_14,7eca48294c6a411985f9194ff5a92a6c,0.1,,,
1240,2026-05-29,SZ002920,-0.12533657728084494,EXP_DEnsembleModel_Alpha158_csi300_custom_step0_s_20260530_14,7eca48294c6a411985f9194ff5a92a6c,0.1,,,
1241,2026-05-29,SZ002916,-0.11710033180684803,EXP_DEnsembleModel_Alpha158_csi300_custom_step0_s_20260530_14,7eca48294c6a411985f9194ff5a92a6c,0.1,,,
1242,2026-05-29,SZ002736,-0.024824230993687055,EXP_DEnsembleModel_Alpha158_csi300_custom_step0_s_20260530_14,7eca48294c6a411985f9194ff5a92a6c,0.1,,,
1243,2026-05-29,SZ300033,-0.06678916630511217,EXP_DEnsembleModel_Alpha158_csi300_custom_step0_s_20260530_14,7eca48294c6a411985f9194ff5a92a6c,0.1,,,
1244,2026-05-29,SZ002714,-0.10994306507337337,EXP_DEnsembleModel_Alpha158_csi300_custom_step0_s_20260530_14,7eca48294c6a411985f9194ff5a92a6c,0.1,,,
1245,2026-05-29,SZ002648,0.0111500451158868,EXP_DEnsembleModel_Alpha158_csi300_custom_step0_s_20260530_14,7eca48294c6a411985f9194ff5a92a6c,0.1,,,
1246,2026-05-29,SZ002625,-0.18455061304128642,EXP_DEnsembleModel_Alpha158_csi300_custom_step0_s_20260530_14,7eca48294c6a411985f9194ff5a92a6c,0.1,,,
1247,2026-05-29,SZ002601,-0.003240874302340839,EXP_DEnsembleModel_Alpha158_csi300_custom_step0_s_20260530_14,7eca48294c6a411985f9194ff5a92a6c,0.1,,,
1248,2026-05-29,SZ002600,0.059100145880166426,EXP_DEnsembleModel_Alpha158_csi300_custom_step0_s_20260530_14,7eca48294c6a411985f9194ff5a92a6c,0.1,,,
1249,2026-05-29,SZ002594,-0.025659023685462617,EXP_DEnsembleModel_Alpha158_csi300_custom_step0_s_20260530_14,7eca48294c6a411985f9194ff5a92a6c,0.1,,,
1250,2026-05-29,SZ002493,-0.09956397993107106,EXP_DEnsembleModel_Alpha158_csi300_custom_step0_s_20260530_14,7eca48294c6a411985f9194ff5a92a6c,0.1,,,
1251,2026-05-29,SZ002475,0.007998562435338035,EXP_DEnsembleModel_Alpha158_csi300_custom_step0_s_20260530_14,7eca48294c6a411985f9194ff5a92a6c,0.1,,,
1252,2026-05-29,SZ002709,0.04584656776744301,EXP_DEnsembleModel_Alpha158_csi300_custom_step0_s_20260530_14,7eca48294c6a411985f9194ff5a92a6c,0.1,,,
1253,2026-05-29,SZ300759,-0.00887790078869557,EXP_DEnsembleModel_Alpha158_csi300_custom_step0_s_20260530_14,7eca48294c6a411985f9194ff5a92a6c,0.1,,,
1254,2026-05-29,SZ300059,-0.0430886242791226,EXP_DEnsembleModel_Alpha158_csi300_custom_step0_s_20260530_14,7eca48294c6a411985f9194ff5a92a6c,0.1,,,
1255,2026-05-29,SZ300124,-0.05529752874159137,EXP_DEnsembleModel_Alpha158_csi300_custom_step0_s_20260530_14,7eca48294c6a411985f9194ff5a92a6c,0.1,,,
1256,2026-05-29,SZ300661,0.17724664031407475,EXP_DEnsembleModel_Alpha158_csi300_custom_step0_s_20260530_14,7eca48294c6a411985f9194ff5a92a6c,0.1,,,
1257,2026-05-29,SZ300628,0.04341748577644957,EXP_DEnsembleModel_Alpha158_csi300_custom_step0_s_20260530_14,7eca48294c6a411985f9194ff5a92a6c,0.1,,,
1258,2026-05-29,SZ300502,0.06766867226103467,EXP_DEnsembleModel_Alpha158_csi300_custom_step0_s_20260530_14,7eca48294c6a411985f9194ff5a92a6c,0.1,,,
1259,2026-05-29,SZ300498,-0.034598318659748384,EXP_DEnsembleModel_Alpha158_csi300_custom_step0_s_20260530_14,7eca48294c6a411985f9194ff5a92a6c,0.1,,,
1260,2026-05-29,SZ300476,-0.027125309451935,EXP_DEnsembleModel_Alpha158_csi300_custom_step0_s_20260530_14,7eca48294c6a411985f9194ff5a92a6c,0.1,,,
1261,2026-05-29,SZ300442,-0.046765313331920313,EXP_DEnsembleModel_Alpha158_csi300_custom_step0_s_20260530_14,7eca48294c6a411985f9194ff5a92a6c,0.1,,,
1262,2026-05-29,SZ300433,-0.0027865328780778864,EXP_DEnsembleModel_Alpha158_csi300_custom_step0_s_20260530_14,7eca48294c6a411985f9194ff5a92a6c,0.1,,,
1263,2026-05-29,SZ300122,-0.047453465828324194,EXP_DEnsembleModel_Alpha158_csi300_custom_step0_s_20260530_14,7eca48294c6a411985f9194ff5a92a6c,0.1,,,
1264,2026-05-29,SZ300418,-0.16423025185365056,EXP_DEnsembleModel_Alpha158_csi300_custom_step0_s_20260530_14,7eca48294c6a411985f9194ff5a92a6c,0.1,,,
1265,2026-05-29,SZ300408,0.12515000479212018,EXP_DEnsembleModel_Alpha158_csi300_custom_step0_s_20260530_14,7eca48294c6a411985f9194ff5a92a6c,0.1,,,
1266,2026-05-29,SZ300394,0.031494553106790224,EXP_DEnsembleModel_Alpha158_csi300_custom_step0_s_20260530_14,7eca48294c6a411985f9194ff5a92a6c,0.1,,,
1267,2026-05-29,SZ300347,0.07845288028229883,EXP_DEnsembleModel_Alpha158_csi300_custom_step0_s_20260530_14,7eca48294c6a411985f9194ff5a92a6c,0.1,,,
1268,2026-05-29,SZ300316,0.03546039674117085,EXP_DEnsembleModel_Alpha158_csi300_custom_step0_s_20260530_14,7eca48294c6a411985f9194ff5a92a6c,0.1,,,
1269,2026-05-29,SZ300308,0.05011216857125995,EXP_DEnsembleModel_Alpha158_csi300_custom_step0_s_20260530_14,7eca48294c6a411985f9194ff5a92a6c,0.1,,,
1270,2026-05-29,SZ300274,0.07944361128503545,EXP_DEnsembleModel_Alpha158_csi300_custom_step0_s_20260530_14,7eca48294c6a411985f9194ff5a92a6c,0.1,,,
1271,2026-05-29,SZ300251,0.0241160243103587,EXP_DEnsembleModel_Alpha158_csi300_custom_step0_s_20260530_14,7eca48294c6a411985f9194ff5a92a6c,0.1,,,
1272,2026-05-29,SZ300413,0.08551406114922681,EXP_DEnsembleModel_Alpha158_csi300_custom_step0_s_20260530_14,7eca48294c6a411985f9194ff5a92a6c,0.1,,,
1273,2026-05-29,SH601939,0.09185724236500917,EXP_DEnsembleModel_Alpha158_csi300_custom_step0_s_20260530_14,1310739e01884cbf950d939194a8bab6,0.074,,,
1274,2026-05-29,SZ000999,0.02269884943962097,EXP_LinearModel_Alpha158_csi300_custom_step0_s_20260530_14,2ebf0cd778a64a00b1d5cee4e2c7de16,0.03,,,
1275,2026-05-29,SZ001965,0.05415383726358414,EXP_LinearModel_Alpha158_csi300_custom_step0_s_20260530_14,2ebf0cd778a64a00b1d5cee4e2c7de16,0.03,,,
1276,2026-05-29,SH688111,-0.04039602726697922,EXP_XGBModel_Alpha158_csi300_custom_step0_s_20260530_14,d8f04364444a4500afeecb9af1f0bdc0,0.061,,,
1277,2026-05-29,SH688082,-0.1358146369457245,EXP_XGBModel_Alpha158_csi300_custom_step0_s_20260530_14,d8f04364444a4500afeecb9af1f0bdc0,0.061,,,
1278,2026-05-29,SH688047,-0.0014200322329998016,EXP_XGBModel_Alpha158_csi300_custom_step0_s_20260530_14,d8f04364444a4500afeecb9af1f0bdc0,0.061,,,
1279,2026-05-29,SH688041,0.1759299784898758,EXP_XGBModel_Alpha158_csi300_custom_step0_s_20260530_14,d8f04364444a4500afeecb9af1f0bdc0,0.061,,,
1280,2026-05-29,SH688036,-0.026212384924292564,EXP_XGBModel_Alpha158_csi300_custom_step0_s_20260530_14,d8f04364444a4500afeecb9af1f0bdc0,0.061,,,
1281,2026-05-29,SH688012,0.11151222884654999,EXP_XGBModel_Alpha158_csi300_custom_step0_s_20260530_14,d8f04364444a4500afeecb9af1f0bdc0,0.061,,,
1282,2026-05-29,SH688009,0.017750650644302368,EXP_XGBModel_Alpha158_csi300_custom_step0_s_20260530_14,d8f04364444a4500afeecb9af1f0bdc0,0.061,,,
1283,2026-05-29,SH688008,-0.00018647173419594765,EXP_XGBModel_Alpha158_csi300_custom_step0_s_20260530_14,d8f04364444a4500afeecb9af1f0bdc0,0.061,,,
1284,2026-05-29,SH605499,-0.014555827714502811,EXP_XGBModel_Alpha158_csi300_custom_step0_s_20260530_14,d8f04364444a4500afeecb9af1f0bdc0,0.061,,,
1285,2026-05-29,SH605117,-0.13291557133197784,EXP_XGBModel_Alpha158_csi300_custom_step0_s_20260530_14,d8f04364444a4500afeecb9af1f0bdc0,0.061,,,
1286,2026-05-29,SH603993,-0.062178514897823334,EXP_XGBModel_Alpha158_csi300_custom_step0_s_20260530_14,d8f04364444a4500afeecb9af1f0bdc0,0.061,,,
1287,2026-05-29,SH603986,0.1644246131181717,EXP_XGBModel_Alpha158_csi300_custom_step0_s_20260530_14,d8f04364444a4500afeecb9af1f0bdc0,0.061,,,
1288,2026-05-29,SH603893,0.16656138002872467,EXP_XGBModel_Alpha158_csi300_custom_step0_s_20260530_14,d8f04364444a4500afeecb9af1f0bdc0,0.061,,,
1289,2026-05-29,SH603799,-0.05495953559875488,EXP_XGBModel_Alpha158_csi300_custom_step0_s_20260530_14,d8f04364444a4500afeecb9af1f0bdc0,0.061,,,
1290,2026-05-29,SH603501,-0.24362941086292267,EXP_XGBModel_Alpha158_csi300_custom_step0_s_20260530_14,d8f04364444a4500afeecb9af1f0bdc0,0.061,,,
1291,2026-05-29,SH688126,0.031649183481931686,EXP_XGBModel_Alpha158_csi300_custom_step0_s_20260530_14,d8f04364444a4500afeecb9af1f0bdc0,0.061,,,
1292,2026-05-29,SH688169,-0.2569064795970917,EXP_XGBModel_Alpha158_csi300_custom_step0_s_20260530_14,d8f04364444a4500afeecb9af1f0bdc0,0.061,,,
1293,2026-05-29,SH688187,0.01574203372001648,EXP_XGBModel_Alpha158_csi300_custom_step0_s_20260530_14,d8f04364444a4500afeecb9af1f0bdc0,0.061,,,
1294,2026-05-29,SH688223,0.05411336570978165,EXP_XGBModel_Alpha158_csi300_custom_step0_s_20260530_14,d8f04364444a4500afeecb9af1f0bdc0,0.061,,,
1295,2026-05-29,SZ000338,-0.020285870879888535,EXP_XGBModel_Alpha158_csi300_custom_step0_s_20260530_14,d8f04364444a4500afeecb9af1f0bdc0,0.061,,,
1296,2026-05-29,SZ000333,0.03587064892053604,EXP_XGBModel_Alpha158_csi300_custom_step0_s_20260530_14,d8f04364444a4500afeecb9af1f0bdc0,0.061,,,
1297,2026-05-29,SZ000301,0.014398789964616299,EXP_XGBModel_Alpha158_csi300_custom_step0_s_20260530_14,d8f04364444a4500afeecb9af1f0bdc0,0.061,,,
1298,2026-05-29,SZ000166,0.0069613829255104065,EXP_XGBModel_Alpha158_csi300_custom_step0_s_20260530_14,d8f04364444a4500afeecb9af1f0bdc0,0.061,,,
1299,2026-05-29,SZ000157,0.01787433587014675,EXP_XGBModel_Alpha158_csi300_custom_step0_s_20260530_14,d8f04364444a4500afeecb9af1f0bdc0,0.061,,,
1300,2026-05-29,SZ000100,-0.028125526383519173,EXP_XGBModel_Alpha158_csi300_custom_step0_s_20260530_14,d8f04364444a4500afeecb9af1f0bdc0,0.061,,,
1301,2026-05-29,SZ000063,0.0013949999120086432,EXP_XGBModel_Alpha158_csi300_custom_step0_s_20260530_14,d8f04364444a4500afeecb9af1f0bdc0,0.061,,,
1302,2026-05-29,SH603392,-0.04670209437608719,EXP_XGBModel_Alpha158_csi300_custom_step0_s_20260530_14,d8f04364444a4500afeecb9af1f0bdc0,0.061,,,
1303,2026-05-29,SZ000002,0.027950428426265717,EXP_XGBModel_Alpha158_csi300_custom_step0_s_20260530_14,d8f04364444a4500afeecb9af1f0bdc0,0.061,,,
1304,2026-05-29,SH688981,-0.12540490925312042,EXP_XGBModel_Alpha158_csi300_custom_step0_s_20260530_14,d8f04364444a4500afeecb9af1f0bdc0,0.061,,,
1305,2026-05-29,SH688506,0.16222785413265228,EXP_XGBModel_Alpha158_csi300_custom_step0_s_20260530_14,d8f04364444a4500afeecb9af1f0bdc0,0.061,,,
1306,2026-05-29,SH688472,-0.08167216181755066,EXP_XGBModel_Alpha158_csi300_custom_step0_s_20260530_14,d8f04364444a4500afeecb9af1f0bdc0,0.061,,,
1307,2026-05-29,SH688396,-0.09100372344255447,EXP_XGBModel_Alpha158_csi300_custom_step0_s_20260530_14,d8f04364444a4500afeecb9af1f0bdc0,0.061,,,
1308,2026-05-29,SH688303,-0.0546201691031456,EXP_XGBModel_Alpha158_csi300_custom_step0_s_20260530_14,d8f04364444a4500afeecb9af1f0bdc0,0.061,,,
1309,2026-05-29,SH688271,-0.024866050109267235,EXP_XGBModel_Alpha158_csi300_custom_step0_s_20260530_14,d8f04364444a4500afeecb9af1f0bdc0,0.061,,,
1310,2026-05-29,SH688256,0.01693282648921013,EXP_XGBModel_Alpha158_csi300_custom_step0_s_20260530_14,d8f04364444a4500afeecb9af1f0bdc0,0.061,,,
1311,2026-05-29,SZ000001,-0.0029478371143341064,EXP_XGBModel_Alpha158_csi300_custom_step0_s_20260530_14,d8f04364444a4500afeecb9af1f0bdc0,0.061,,,
1312,2026-05-29,SH603369,-0.03848078474402428,EXP_XGBModel_Alpha158_csi300_custom_step0_s_20260530_14,d8f04364444a4500afeecb9af1f0bdc0,0.061,,,
1313,2026-05-29,SH603296,0.13416074216365814,EXP_XGBModel_Alpha158_csi300_custom_step0_s_20260530_14,d8f04364444a4500afeecb9af1f0bdc0,0.061,,,
1314,2026-05-29,SH603288,-0.00484122522175312,EXP_XGBModel_Alpha158_csi300_custom_step0_s_20260530_14,d8f04364444a4500afeecb9af1f0bdc0,0.061,,,
1315,2026-05-29,SH601857,-0.01950201392173767,EXP_XGBModel_Alpha158_csi300_custom_step0_s_20260530_14,d8f04364444a4500afeecb9af1f0bdc0,0.061,,,
1316,2026-05-29,SH601838,0.037283092737197876,EXP_XGBModel_Alpha158_csi300_custom_step0_s_20260530_14,d8f04364444a4500afeecb9af1f0bdc0,0.061,,,
1317,2026-05-29,SH601825,-0.011935214512050152,EXP_XGBModel_Alpha158_csi300_custom_step0_s_20260530_14,d8f04364444a4500afeecb9af1f0bdc0,0.061,,,
1318,2026-05-29,SH601818,0.03561292588710785,EXP_XGBModel_Alpha158_csi300_custom_step0_s_20260530_14,d8f04364444a4500afeecb9af1f0bdc0,0.061,,,
1319,2026-05-29,SH601816,-0.01301806140691042,EXP_XGBModel_Alpha158_csi300_custom_step0_s_20260530_14,d8f04364444a4500afeecb9af1f0bdc0,0.061,,,
1320,2026-05-29,SH601808,0.04996360093355179,EXP_XGBModel_Alpha158_csi300_custom_step0_s_20260530_14,d8f04364444a4500afeecb9af1f0bdc0,0.061,,,
1321,2026-05-29,SH601800,0.0019193599000573158,EXP_XGBModel_Alpha158_csi300_custom_step0_s_20260530_14,d8f04364444a4500afeecb9af1f0bdc0,0.061,,,
1322,2026-05-29,SH601868,-0.03357363119721413,EXP_XGBModel_Alpha158_csi300_custom_step0_s_20260530_14,d8f04364444a4500afeecb9af1f0bdc0,0.061,,,
1323,2026-05-29,SH601788,-0.025686243548989296,EXP_XGBModel_Alpha158_csi300_custom_step0_s_20260530_14,d8f04364444a4500afeecb9af1f0bdc0,0.061,,,
1324,2026-05-29,SH601728,-0.06796816736459732,EXP_XGBModel_Alpha158_csi300_custom_step0_s_20260530_14,d8f04364444a4500afeecb9af1f0bdc0,0.061,,,
1325,2026-05-29,SH601698,-0.08230312913656235,EXP_XGBModel_Alpha158_csi300_custom_step0_s_20260530_14,d8f04364444a4500afeecb9af1f0bdc0,0.061,,,
1326,2026-05-29,SH601689,-0.08963612467050552,EXP_XGBModel_Alpha158_csi300_custom_step0_s_20260530_14,d8f04364444a4500afeecb9af1f0bdc0,0.061,,,
1327,2026-05-29,SH601688,0.01572674699127674,EXP_XGBModel_Alpha158_csi300_custom_step0_s_20260530_14,d8f04364444a4500afeecb9af1f0bdc0,0.061,,,
1328,2026-05-29,SH601669,-0.03899644687771797,EXP_XGBModel_Alpha158_csi300_custom_step0_s_20260530_14,d8f04364444a4500afeecb9af1f0bdc0,0.061,,,
1329,2026-05-29,SH601668,0.02397737465798855,EXP_XGBModel_Alpha158_csi300_custom_step0_s_20260530_14,d8f04364444a4500afeecb9af1f0bdc0,0.061,,,
1330,2026-05-29,SH601658,0.024728858843445778,EXP_XGBModel_Alpha158_csi300_custom_step0_s_20260530_14,d8f04364444a4500afeecb9af1f0bdc0,0.061,,,
1331,2026-05-29,SH601766,0.014393551275134087,EXP_XGBModel_Alpha158_csi300_custom_step0_s_20260530_14,d8f04364444a4500afeecb9af1f0bdc0,0.061,,,
1332,2026-05-29,SZ000408,-0.04299671947956085,EXP_XGBModel_Alpha158_csi300_custom_step0_s_20260530_14,d8f04364444a4500afeecb9af1f0bdc0,0.061,,,
1333,2026-05-29,SH601872,-0.041931528598070145,EXP_XGBModel_Alpha158_csi300_custom_step0_s_20260530_14,d8f04364444a4500afeecb9af1f0bdc0,0.061,,,
1334,2026-05-29,SH601878,-0.002640308113768697,EXP_XGBModel_Alpha158_csi300_custom_step0_s_20260530_14,d8f04364444a4500afeecb9af1f0bdc0,0.061,,,
1335,2026-05-29,SH603260,-0.06881288439035416,EXP_XGBModel_Alpha158_csi300_custom_step0_s_20260530_14,d8f04364444a4500afeecb9af1f0bdc0,0.061,,,
1336,2026-05-29,SH603259,0.03827686235308647,EXP_XGBModel_Alpha158_csi300_custom_step0_s_20260530_14,d8f04364444a4500afeecb9af1f0bdc0,0.061,,,
1337,2026-05-29,SH603195,-0.01604917272925377,EXP_XGBModel_Alpha158_csi300_custom_step0_s_20260530_14,d8f04364444a4500afeecb9af1f0bdc0,0.061,,,
1338,2026-05-29,SH603019,-0.0899694412946701,EXP_XGBModel_Alpha158_csi300_custom_step0_s_20260530_14,d8f04364444a4500afeecb9af1f0bdc0,0.061,,,
1339,2026-05-29,SH601998,-0.010574307292699814,EXP_XGBModel_Alpha158_csi300_custom_step0_s_20260530_14,d8f04364444a4500afeecb9af1f0bdc0,0.061,,,
1340,2026-05-29,SH601995,0.04875955358147621,EXP_XGBModel_Alpha158_csi300_custom_step0_s_20260530_14,d8f04364444a4500afeecb9af1f0bdc0,0.061,,,
1341,2026-05-29,SH601988,0.06088678166270256,EXP_XGBModel_Alpha158_csi300_custom_step0_s_20260530_14,d8f04364444a4500afeecb9af1f0bdc0,0.061,,,
1342,2026-05-29,SH601877,-0.01886819303035736,EXP_XGBModel_Alpha158_csi300_custom_step0_s_20260530_14,d8f04364444a4500afeecb9af1f0bdc0,0.061,,,
1343,2026-05-29,SH601985,0.0010337522253394127,EXP_XGBModel_Alpha158_csi300_custom_step0_s_20260530_14,d8f04364444a4500afeecb9af1f0bdc0,0.061,,,
1344,2026-05-29,SH601919,0.0024775732308626175,EXP_XGBModel_Alpha158_csi300_custom_step0_s_20260530_14,d8f04364444a4500afeecb9af1f0bdc0,0.061,,,
1345,2026-05-29,SH601916,0.06240566819906235,EXP_XGBModel_Alpha158_csi300_custom_step0_s_20260530_14,d8f04364444a4500afeecb9af1f0bdc0,0.061,,,
1346,2026-05-29,SH601901,0.007423284463584423,EXP_XGBModel_Alpha158_csi300_custom_step0_s_20260530_14,d8f04364444a4500afeecb9af1f0bdc0,0.061,,,
1347,2026-05-29,SH601899,-0.029247887432575226,EXP_XGBModel_Alpha158_csi300_custom_step0_s_20260530_14,d8f04364444a4500afeecb9af1f0bdc0,0.061,,,
1348,2026-05-29,SH601898,-0.04014948010444641,EXP_XGBModel_Alpha158_csi300_custom_step0_s_20260530_14,d8f04364444a4500afeecb9af1f0bdc0,0.061,,,
1349,2026-05-29,SH601888,-0.12590903043746948,EXP_XGBModel_Alpha158_csi300_custom_step0_s_20260530_14,d8f04364444a4500afeecb9af1f0bdc0,0.061,,,
1350,2026-05-29,SH601881,-0.0025243768468499184,EXP_XGBModel_Alpha158_csi300_custom_step0_s_20260530_14,d8f04364444a4500afeecb9af1f0bdc0,0.061,,,
1351,2026-05-29,SH601939,0.006776414345949888,EXP_XGBModel_Alpha158_csi300_custom_step0_s_20260530_14,d8f04364444a4500afeecb9af1f0bdc0,0.061,,,
1352,2026-05-29,SZ000425,-0.006973005831241608,EXP_XGBModel_Alpha158_csi300_custom_step0_s_20260530_14,d8f04364444a4500afeecb9af1f0bdc0,0.061,,,
1353,2026-05-29,SZ000538,0.005545993335545063,EXP_XGBModel_Alpha158_csi300_custom_step0_s_20260530_14,d8f04364444a4500afeecb9af1f0bdc0,0.061,,,
1354,2026-05-29,SZ000568,0.022062376141548157,EXP_XGBModel_Alpha158_csi300_custom_step0_s_20260530_14,d8f04364444a4500afeecb9af1f0bdc0,0.061,,,
1355,2026-05-29,SZ002709,-0.005787251982837915,EXP_XGBModel_Alpha158_csi300_custom_step0_s_20260530_14,d8f04364444a4500afeecb9af1f0bdc0,0.061,,,
1356,2026-05-29,SZ002648,0.01896582543849945,EXP_XGBModel_Alpha158_csi300_custom_step0_s_20260530_14,d8f04364444a4500afeecb9af1f0bdc0,0.061,,,
1357,2026-05-29,SZ002625,-0.0799834355711937,EXP_XGBModel_Alpha158_csi300_custom_step0_s_20260530_14,d8f04364444a4500afeecb9af1f0bdc0,0.061,,,
1358,2026-05-29,SZ002601,-0.029682230204343796,EXP_XGBModel_Alpha158_csi300_custom_step0_s_20260530_14,d8f04364444a4500afeecb9af1f0bdc0,0.061,,,
1359,2026-05-29,SZ002600,-0.11400958895683289,EXP_XGBModel_Alpha158_csi300_custom_step0_s_20260530_14,d8f04364444a4500afeecb9af1f0bdc0,0.061,,,
1360,2026-05-29,SZ002594,0.01060423906892538,EXP_XGBModel_Alpha158_csi300_custom_step0_s_20260530_14,d8f04364444a4500afeecb9af1f0bdc0,0.061,,,
1361,2026-05-29,SZ002493,-0.012533171102404594,EXP_XGBModel_Alpha158_csi300_custom_step0_s_20260530_14,d8f04364444a4500afeecb9af1f0bdc0,0.061,,,
1362,2026-05-29,SZ002714,-0.03683454915881157,EXP_XGBModel_Alpha158_csi300_custom_step0_s_20260530_14,d8f04364444a4500afeecb9af1f0bdc0,0.061,,,
1363,2026-05-29,SZ002475,-0.032102007418870926,EXP_XGBModel_Alpha158_csi300_custom_step0_s_20260530_14,d8f04364444a4500afeecb9af1f0bdc0,0.061,,,
1364,2026-05-29,SZ002463,-0.05206139013171196,EXP_XGBModel_Alpha158_csi300_custom_step0_s_20260530_14,d8f04364444a4500afeecb9af1f0bdc0,0.061,,,
1365,2026-05-29,SZ002460,-0.019370082765817642,EXP_XGBModel_Alpha158_csi300_custom_step0_s_20260530_14,d8f04364444a4500afeecb9af1f0bdc0,0.061,,,
1366,2026-05-29,SZ002459,-0.026304354891180992,EXP_XGBModel_Alpha158_csi300_custom_step0_s_20260530_14,d8f04364444a4500afeecb9af1f0bdc0,0.061,,,
1367,2026-05-29,SZ002422,0.009473039768636227,EXP_XGBModel_Alpha158_csi300_custom_step0_s_20260530_14,d8f04364444a4500afeecb9af1f0bdc0,0.061,,,
1368,2026-05-29,SZ002415,-0.009398498572409153,EXP_XGBModel_Alpha158_csi300_custom_step0_s_20260530_14,d8f04364444a4500afeecb9af1f0bdc0,0.061,,,
1369,2026-05-29,SZ002384,0.43062257766723633,EXP_XGBModel_Alpha158_csi300_custom_step0_s_20260530_14,d8f04364444a4500afeecb9af1f0bdc0,0.061,,,
1370,2026-05-29,SZ002371,-0.07909895479679108,EXP_XGBModel_Alpha158_csi300_custom_step0_s_20260530_14,d8f04364444a4500afeecb9af1f0bdc0,0.061,,,
1371,2026-05-29,SZ002466,-0.030161773785948753,EXP_XGBModel_Alpha158_csi300_custom_step0_s_20260530_14,d8f04364444a4500afeecb9af1f0bdc0,0.061,,,
1372,2026-05-29,SZ002352,0.025448039174079895,EXP_XGBModel_Alpha158_csi300_custom_step0_s_20260530_14,d8f04364444a4500afeecb9af1f0bdc0,0.061,,,
1373,2026-05-29,SZ002736,-0.00613800436258316,EXP_XGBModel_Alpha158_csi300_custom_step0_s_20260530_14,d8f04364444a4500afeecb9af1f0bdc0,0.061,,,
1374,2026-05-29,SZ002920,0.09652214497327805,EXP_XGBModel_Alpha158_csi300_custom_step0_s_20260530_14,d8f04364444a4500afeecb9af1f0bdc0,0.061,,,
1375,2026-05-29,SZ300413,-0.024767478927969933,EXP_XGBModel_Alpha158_csi300_custom_step0_s_20260530_14,d8f04364444a4500afeecb9af1f0bdc0,0.061,,,
1376,2026-05-29,SZ300408,-0.1893427073955536,EXP_XGBModel_Alpha158_csi300_custom_step0_s_20260530_14,d8f04364444a4500afeecb9af1f0bdc0,0.061,,,
1377,2026-05-29,SZ300394,-0.008661625906825066,EXP_XGBModel_Alpha158_csi300_custom_step0_s_20260530_14,d8f04364444a4500afeecb9af1f0bdc0,0.061,,,
1378,2026-05-29,SZ300347,-0.04747415706515312,EXP_XGBModel_Alpha158_csi300_custom_step0_s_20260530_14,d8f04364444a4500afeecb9af1f0bdc0,0.061,,,
1379,2026-05-29,SZ300316,-0.08707798272371292,EXP_XGBModel_Alpha158_csi300_custom_step0_s_20260530_14,d8f04364444a4500afeecb9af1f0bdc0,0.061,,,
1380,2026-05-29,SZ300308,-0.13828130066394806,EXP_XGBModel_Alpha158_csi300_custom_step0_s_20260530_14,d8f04364444a4500afeecb9af1f0bdc0,0.061,,,
1381,2026-05-29,SZ300274,-0.03655746579170227,EXP_XGBModel_Alpha158_csi300_custom_step0_s_20260530_14,d8f04364444a4500afeecb9af1f0bdc0,0.061,,,
1382,2026-05-29,SZ002916,-0.16113269329071045,EXP_XGBModel_Alpha158_csi300_custom_step0_s_20260530_14,d8f04364444a4500afeecb9af1f0bdc0,0.061,,,
1383,2026-05-29,SZ300251,-0.04391522705554962,EXP_XGBModel_Alpha158_csi300_custom_step0_s_20260530_14,d8f04364444a4500afeecb9af1f0bdc0,0.061,,,
1384,2026-05-29,SZ300122,-0.016266966238617897,EXP_XGBModel_Alpha158_csi300_custom_step0_s_20260530_14,d8f04364444a4500afeecb9af1f0bdc0,0.061,,,
1385,2026-05-29,SZ300059,-0.014265465550124645,EXP_XGBModel_Alpha158_csi300_custom_step0_s_20260530_14,d8f04364444a4500afeecb9af1f0bdc0,0.061,,,
1386,2026-05-29,SZ300033,-0.028059404343366623,EXP_XGBModel_Alpha158_csi300_custom_step0_s_20260530_14,d8f04364444a4500afeecb9af1f0bdc0,0.061,,,
1387,2026-05-29,SZ300015,-0.005683046765625477,EXP_XGBModel_Alpha158_csi300_custom_step0_s_20260530_14,d8f04364444a4500afeecb9af1f0bdc0,0.061,,,
1388,2026-05-29,SZ300014,-0.02651103027164936,EXP_XGBModel_Alpha158_csi300_custom_step0_s_20260530_14,d8f04364444a4500afeecb9af1f0bdc0,0.061,,,
1389,2026-05-29,SZ003816,-0.01404261589050293,EXP_XGBModel_Alpha158_csi300_custom_step0_s_20260530_14,d8f04364444a4500afeecb9af1f0bdc0,0.061,,,
1390,2026-05-29,SZ002938,-0.028240595012903214,EXP_XGBModel_Alpha158_csi300_custom_step0_s_20260530_14,d8f04364444a4500afeecb9af1f0bdc0,0.061,,,
1391,2026-05-29,SZ300124,-0.06639046221971512,EXP_XGBModel_Alpha158_csi300_custom_step0_s_20260530_14,d8f04364444a4500afeecb9af1f0bdc0,0.061,,,
1392,2026-05-29,SH601633,-0.002002445049583912,EXP_XGBModel_Alpha158_csi300_custom_step0_s_20260530_14,d8f04364444a4500afeecb9af1f0bdc0,0.061,,,
1393,2026-05-29,SZ002311,-0.025916337966918945,EXP_XGBModel_Alpha158_csi300_custom_step0_s_20260530_14,d8f04364444a4500afeecb9af1f0bdc0,0.061,,,
1394,2026-05-29,SZ002252,-0.03145388141274452,EXP_XGBModel_Alpha158_csi300_custom_step0_s_20260530_14,d8f04364444a4500afeecb9af1f0bdc0,0.061,,,
1395,2026-05-29,SZ000895,-0.011537937447428703,EXP_XGBModel_Alpha158_csi300_custom_step0_s_20260530_14,d8f04364444a4500afeecb9af1f0bdc0,0.061,,,
1396,2026-05-29,SZ000876,-0.03750590607523918,EXP_XGBModel_Alpha158_csi300_custom_step0_s_20260530_14,d8f04364444a4500afeecb9af1f0bdc0,0.061,,,
1397,2026-05-29,SZ000858,-0.019034994766116142,EXP_XGBModel_Alpha158_csi300_custom_step0_s_20260530_14,d8f04364444a4500afeecb9af1f0bdc0,0.061,,,
1398,2026-05-29,SZ000807,-0.04326030984520912,EXP_XGBModel_Alpha158_csi300_custom_step0_s_20260530_14,d8f04364444a4500afeecb9af1f0bdc0,0.061,,,
1399,2026-05-29,SZ000792,-0.0164648350328207,EXP_XGBModel_Alpha158_csi300_custom_step0_s_20260530_14,d8f04364444a4500afeecb9af1f0bdc0,0.061,,,
1400,2026-05-29,SZ000786,-0.04312550649046898,EXP_XGBModel_Alpha158_csi300_custom_step0_s_20260530_14,d8f04364444a4500afeecb9af1f0bdc0,0.061,,,
1401,2026-05-29,SZ000776,-0.028687024489045143,EXP_XGBModel_Alpha158_csi300_custom_step0_s_20260530_14,d8f04364444a4500afeecb9af1f0bdc0,0.061,,,
1402,2026-05-29,SZ000938,0.01940380036830902,EXP_XGBModel_Alpha158_csi300_custom_step0_s_20260530_14,d8f04364444a4500afeecb9af1f0bdc0,0.061,,,
1403,2026-05-29,SZ000768,-0.038534536957740784,EXP_XGBModel_Alpha158_csi300_custom_step0_s_20260530_14,d8f04364444a4500afeecb9af1f0bdc0,0.061,,,
1404,2026-05-29,SZ000708,0.029605140909552574,EXP_XGBModel_Alpha158_csi300_custom_step0_s_20260530_14,d8f04364444a4500afeecb9af1f0bdc0,0.061,,,
1405,2026-05-29,SZ000661,-0.059716444462537766,EXP_XGBModel_Alpha158_csi300_custom_step0_s_20260530_14,d8f04364444a4500afeecb9af1f0bdc0,0.061,,,
1406,2026-05-29,SZ000651,0.01665234938263893,EXP_XGBModel_Alpha158_csi300_custom_step0_s_20260530_14,d8f04364444a4500afeecb9af1f0bdc0,0.061,,,
1407,2026-05-29,SZ000630,-0.06014884263277054,EXP_XGBModel_Alpha158_csi300_custom_step0_s_20260530_14,d8f04364444a4500afeecb9af1f0bdc0,0.061,,,
1408,2026-05-29,SZ000625,0.03414081409573555,EXP_XGBModel_Alpha158_csi300_custom_step0_s_20260530_14,d8f04364444a4500afeecb9af1f0bdc0,0.061,,,
1409,2026-05-29,SZ000617,-0.029516497626900673,EXP_XGBModel_Alpha158_csi300_custom_step0_s_20260530_14,d8f04364444a4500afeecb9af1f0bdc0,0.061,,,
1410,2026-05-29,SZ000596,0.014429651200771332,EXP_XGBModel_Alpha158_csi300_custom_step0_s_20260530_14,d8f04364444a4500afeecb9af1f0bdc0,0.061,,,
1411,2026-05-29,SZ000725,-0.08664652705192566,EXP_XGBModel_Alpha158_csi300_custom_step0_s_20260530_14,d8f04364444a4500afeecb9af1f0bdc0,0.061,,,
1412,2026-05-29,SZ002304,0.017210181802511215,EXP_XGBModel_Alpha158_csi300_custom_step0_s_20260530_14,d8f04364444a4500afeecb9af1f0bdc0,0.061,,,
1413,2026-05-29,SZ000963,0.02336476556956768,EXP_XGBModel_Alpha158_csi300_custom_step0_s_20260530_14,d8f04364444a4500afeecb9af1f0bdc0,0.061,,,
1414,2026-05-29,SZ000977,0.021074585616588593,EXP_XGBModel_Alpha158_csi300_custom_step0_s_20260530_14,d8f04364444a4500afeecb9af1f0bdc0,0.061,,,
1415,2026-05-29,SZ002241,-0.021564906463027,EXP_XGBModel_Alpha158_csi300_custom_step0_s_20260530_14,d8f04364444a4500afeecb9af1f0bdc0,0.061,,,
1416,2026-05-29,SZ002236,-0.033219002187252045,EXP_XGBModel_Alpha158_csi300_custom_step0_s_20260530_14,d8f04364444a4500afeecb9af1f0bdc0,0.061,,,
1417,2026-05-29,SZ002230,-0.04663209989666939,EXP_XGBModel_Alpha158_csi300_custom_step0_s_20260530_14,d8f04364444a4500afeecb9af1f0bdc0,0.061,,,
1418,2026-05-29,SZ002179,-0.01624107174575329,EXP_XGBModel_Alpha158_csi300_custom_step0_s_20260530_14,d8f04364444a4500afeecb9af1f0bdc0,0.061,,,
1419,2026-05-29,SZ002142,0.015934037044644356,EXP_XGBModel_Alpha158_csi300_custom_step0_s_20260530_14,d8f04364444a4500afeecb9af1f0bdc0,0.061,,,
1420,2026-05-29,SZ002074,-0.08496058732271194,EXP_XGBModel_Alpha158_csi300_custom_step0_s_20260530_14,d8f04364444a4500afeecb9af1f0bdc0,0.061,,,
1421,2026-05-29,SZ002050,0.08416682481765747,EXP_XGBModel_Alpha158_csi300_custom_step0_s_20260530_14,d8f04364444a4500afeecb9af1f0bdc0,0.061,,,
1422,2026-05-29,SZ000975,-0.04462234675884247,EXP_XGBModel_Alpha158_csi300_custom_step0_s_20260530_14,d8f04364444a4500afeecb9af1f0bdc0,0.061,,,
1423,2026-05-29,SZ002049,-0.046254586428403854,EXP_XGBModel_Alpha158_csi300_custom_step0_s_20260530_14,d8f04364444a4500afeecb9af1f0bdc0,0.061,,,
1424,2026-05-29,SZ002027,-0.03476410359144211,EXP_XGBModel_Alpha158_csi300_custom_step0_s_20260530_14,d8f04364444a4500afeecb9af1f0bdc0,0.061,,,
1425,2026-05-29,SZ002001,-0.008153639733791351,EXP_XGBModel_Alpha158_csi300_custom_step0_s_20260530_14,d8f04364444a4500afeecb9af1f0bdc0,0.061,,,
1426,2026-05-29,SZ001979,-0.01172278169542551,EXP_XGBModel_Alpha158_csi300_custom_step0_s_20260530_14,d8f04364444a4500afeecb9af1f0bdc0,0.061,,,
1427,2026-05-29,SZ001965,0.055785998702049255,EXP_XGBModel_Alpha158_csi300_custom_step0_s_20260530_14,d8f04364444a4500afeecb9af1f0bdc0,0.061,,,
1428,2026-05-29,SZ001391,-0.0034889501985162497,EXP_XGBModel_Alpha158_csi300_custom_step0_s_20260530_14,d8f04364444a4500afeecb9af1f0bdc0,0.061,,,
1429,2026-05-29,SZ000999,-0.027145184576511383,EXP_XGBModel_Alpha158_csi300_custom_step0_s_20260530_14,d8f04364444a4500afeecb9af1f0bdc0,0.061,,,
1430,2026-05-29,SZ000983,-0.032394565641880035,EXP_XGBModel_Alpha158_csi300_custom_step0_s_20260530_14,d8f04364444a4500afeecb9af1f0bdc0,0.061,,,
1431,2026-05-29,SZ002028,-0.032836269587278366,EXP_XGBModel_Alpha158_csi300_custom_step0_s_20260530_14,d8f04364444a4500afeecb9af1f0bdc0,0.061,,,
1432,2026-05-29,SZ300418,-0.030491765588521957,EXP_XGBModel_Alpha158_csi300_custom_step0_s_20260530_14,d8f04364444a4500afeecb9af1f0bdc0,0.061,,,
1433,2026-05-29,SH601628,-0.017954830080270767,EXP_XGBModel_Alpha158_csi300_custom_step0_s_20260530_14,d8f04364444a4500afeecb9af1f0bdc0,0.061,,,
1434,2026-05-29,SH601607,0.027584746479988098,EXP_XGBModel_Alpha158_csi300_custom_step0_s_20260530_14,d8f04364444a4500afeecb9af1f0bdc0,0.061,,,
1435,2026-05-29,SH600050,-0.04236413165926933,EXP_XGBModel_Alpha158_csi300_custom_step0_s_20260530_14,d8f04364444a4500afeecb9af1f0bdc0,0.061,,,
1436,2026-05-29,SH600048,-0.005909609608352184,EXP_XGBModel_Alpha158_csi300_custom_step0_s_20260530_14,d8f04364444a4500afeecb9af1f0bdc0,0.061,,,
1437,2026-05-29,SH600039,-0.008038805797696114,EXP_XGBModel_Alpha158_csi300_custom_step0_s_20260530_14,d8f04364444a4500afeecb9af1f0bdc0,0.061,,,
1438,2026-05-29,SH600036,0.014161219820380211,EXP_XGBModel_Alpha158_csi300_custom_step0_s_20260530_14,d8f04364444a4500afeecb9af1f0bdc0,0.061,,,
1439,2026-05-29,SH600031,-0.03984886780381203,EXP_XGBModel_Alpha158_csi300_custom_step0_s_20260530_14,d8f04364444a4500afeecb9af1f0bdc0,0.061,,,
1440,2026-05-29,SH600030,0.012887661345303059,EXP_XGBModel_Alpha158_csi300_custom_step0_s_20260530_14,d8f04364444a4500afeecb9af1f0bdc0,0.061,,,
1441,2026-05-29,SH600029,-0.0535268634557724,EXP_XGBModel_Alpha158_csi300_custom_step0_s_20260530_14,d8f04364444a4500afeecb9af1f0bdc0,0.061,,,
1442,2026-05-29,SH600028,-0.03929464519023895,EXP_XGBModel_Alpha158_csi300_custom_step0_s_20260530_14,d8f04364444a4500afeecb9af1f0bdc0,0.061,,,
1443,2026-05-29,SH600027,-0.0037239277735352516,EXP_XGBModel_Alpha158_csi300_custom_step0_s_20260530_14,d8f04364444a4500afeecb9af1f0bdc0,0.061,,,
1444,2026-05-29,SH600026,-0.07686550915241241,EXP_XGBModel_Alpha158_csi300_custom_step0_s_20260530_14,d8f04364444a4500afeecb9af1f0bdc0,0.061,,,
1445,2026-05-29,SH600025,0.0010923640802502632,EXP_XGBModel_Alpha158_csi300_custom_step0_s_20260530_14,d8f04364444a4500afeecb9af1f0bdc0,0.061,,,
1446,2026-05-29,SH600023,0.011001506820321083,EXP_XGBModel_Alpha158_csi300_custom_step0_s_20260530_14,d8f04364444a4500afeecb9af1f0bdc0,0.061,,,
1447,2026-05-29,SH600019,0.018236031755805016,EXP_XGBModel_Alpha158_csi300_custom_step0_s_20260530_14,d8f04364444a4500afeecb9af1f0bdc0,0.061,,,
1448,2026-05-29,SH600018,0.07026629894971848,EXP_XGBModel_Alpha158_csi300_custom_step0_s_20260530_14,d8f04364444a4500afeecb9af1f0bdc0,0.061,,,
1449,2026-05-29,SH600016,-0.027081437408924103,EXP_XGBModel_Alpha158_csi300_custom_step0_s_20260530_14,d8f04364444a4500afeecb9af1f0bdc0,0.061,,,
1450,2026-05-29,SH600061,-0.0054108817130327225,EXP_XGBModel_Alpha158_csi300_custom_step0_s_20260530_14,d8f04364444a4500afeecb9af1f0bdc0,0.061,,,
1451,2026-05-29,SH600066,0.01182547677308321,EXP_XGBModel_Alpha158_csi300_custom_step0_s_20260530_14,d8f04364444a4500afeecb9af1f0bdc0,0.061,,,
1452,2026-05-29,SH600085,-0.0016498593613505363,EXP_XGBModel_Alpha158_csi300_custom_step0_s_20260530_14,d8f04364444a4500afeecb9af1f0bdc0,0.061,,,
1453,2026-05-29,SH600089,-0.04382295161485672,EXP_XGBModel_Alpha158_csi300_custom_step0_s_20260530_14,d8f04364444a4500afeecb9af1f0bdc0,0.061,,,
1454,2026-05-29,SH600362,-0.05938268452882767,EXP_XGBModel_Alpha158_csi300_custom_step0_s_20260530_14,d8f04364444a4500afeecb9af1f0bdc0,0.061,,,
1455,2026-05-29,SH600346,0.04252548888325691,EXP_XGBModel_Alpha158_csi300_custom_step0_s_20260530_14,d8f04364444a4500afeecb9af1f0bdc0,0.061,,,
1456,2026-05-29,SH600309,-0.003115549450740218,EXP_XGBModel_Alpha158_csi300_custom_step0_s_20260530_14,d8f04364444a4500afeecb9af1f0bdc0,0.061,,,
1457,2026-05-29,SH600276,-0.03408806398510933,EXP_XGBModel_Alpha158_csi300_custom_step0_s_20260530_14,d8f04364444a4500afeecb9af1f0bdc0,0.061,,,
1458,2026-05-29,SH600233,-0.022613031789660454,EXP_XGBModel_Alpha158_csi300_custom_step0_s_20260530_14,d8f04364444a4500afeecb9af1f0bdc0,0.061,,,
1459,2026-05-29,SH600219,-0.09595060348510742,EXP_XGBModel_Alpha158_csi300_custom_step0_s_20260530_14,d8f04364444a4500afeecb9af1f0bdc0,0.061,,,
1460,2026-05-29,SH600196,-0.03241380676627159,EXP_XGBModel_Alpha158_csi300_custom_step0_s_20260530_14,d8f04364444a4500afeecb9af1f0bdc0,0.061,,,
1461,2026-05-29,SH600015,-0.006292549893260002,EXP_XGBModel_Alpha158_csi300_custom_step0_s_20260530_14,d8f04364444a4500afeecb9af1f0bdc0,0.061,,,
1462,2026-05-29,SH600188,-0.02618507854640484,EXP_XGBModel_Alpha158_csi300_custom_step0_s_20260530_14,d8f04364444a4500afeecb9af1f0bdc0,0.061,,,
1463,2026-05-29,SH600176,-0.1248779222369194,EXP_XGBModel_Alpha158_csi300_custom_step0_s_20260530_14,d8f04364444a4500afeecb9af1f0bdc0,0.061,,,
1464,2026-05-29,SH600161,0.005739082582294941,EXP_XGBModel_Alpha158_csi300_custom_step0_s_20260530_14,d8f04364444a4500afeecb9af1f0bdc0,0.061,,,
1465,2026-05-29,SH600160,-0.06460073590278625,EXP_XGBModel_Alpha158_csi300_custom_step0_s_20260530_14,d8f04364444a4500afeecb9af1f0bdc0,0.061,,,
1466,2026-05-29,SH600150,0.029708009213209152,EXP_XGBModel_Alpha158_csi300_custom_step0_s_20260530_14,d8f04364444a4500afeecb9af1f0bdc0,0.061,,,
1467,2026-05-29,SH600115,-0.048137784004211426,EXP_XGBModel_Alpha158_csi300_custom_step0_s_20260530_14,d8f04364444a4500afeecb9af1f0bdc0,0.061,,,
1468,2026-05-29,SH600111,-0.03968476876616478,EXP_XGBModel_Alpha158_csi300_custom_step0_s_20260530_14,d8f04364444a4500afeecb9af1f0bdc0,0.061,,,
1469,2026-05-29,SH600104,-0.025401955470442772,EXP_XGBModel_Alpha158_csi300_custom_step0_s_20260530_14,d8f04364444a4500afeecb9af1f0bdc0,0.061,,,
1470,2026-05-29,SH600183,-0.1292962282896042,EXP_XGBModel_Alpha158_csi300_custom_step0_s_20260530_14,d8f04364444a4500afeecb9af1f0bdc0,0.061,,,
1471,2026-05-29,SH600011,0.07074549049139023,EXP_XGBModel_Alpha158_csi300_custom_step0_s_20260530_14,d8f04364444a4500afeecb9af1f0bdc0,0.061,,,
1472,2026-05-29,SH600010,-0.08953773975372314,EXP_XGBModel_Alpha158_csi300_custom_step0_s_20260530_14,d8f04364444a4500afeecb9af1f0bdc0,0.061,,,
1473,2026-05-29,SH600009,0.02138645574450493,EXP_XGBModel_Alpha158_csi300_custom_step0_s_20260530_14,d8f04364444a4500afeecb9af1f0bdc0,0.061,,,
1474,2026-05-29,SZ300433,0.06746120750904083,EXP_XGBModel_Alpha158_csi300_custom_step0_s_20260530_14,5847baa7992646489eb365bce4ab2627,0.044,,,
1475,2026-05-29,SZ300418,-0.08445516973733902,EXP_XGBModel_Alpha158_csi300_custom_step0_s_20260530_14,5847baa7992646489eb365bce4ab2627,0.044,,,
1476,2026-05-29,SZ300413,-0.018157845363020897,EXP_XGBModel_Alpha158_csi300_custom_step0_s_20260530_14,5847baa7992646489eb365bce4ab2627,0.044,,,
1477,2026-05-29,SZ300408,-0.0705825611948967,EXP_XGBModel_Alpha158_csi300_custom_step0_s_20260530_14,5847baa7992646489eb365bce4ab2627,0.044,,,
1478,2026-05-29,SZ300394,0.20380578935146332,EXP_XGBModel_Alpha158_csi300_custom_step0_s_20260530_14,5847baa7992646489eb365bce4ab2627,0.044,,,
1479,2026-05-29,SZ300347,0.02654939331114292,EXP_XGBModel_Alpha158_csi300_custom_step0_s_20260530_14,5847baa7992646489eb365bce4ab2627,0.044,,,
1480,2026-05-29,SZ300316,0.016425972804427147,EXP_XGBModel_Alpha158_csi300_custom_step0_s_20260530_14,5847baa7992646489eb365bce4ab2627,0.044,,,
1481,2026-05-29,SZ300442,0.01238156296312809,EXP_XGBModel_Alpha158_csi300_custom_step0_s_20260530_14,5847baa7992646489eb365bce4ab2627,0.044,,,
1482,2026-05-29,SZ300308,-0.21127986907958984,EXP_XGBModel_Alpha158_csi300_custom_step0_s_20260530_14,5847baa7992646489eb365bce4ab2627,0.044,,,
1483,2026-05-29,SZ300251,0.02420707792043686,EXP_XGBModel_Alpha158_csi300_custom_step0_s_20260530_14,5847baa7992646489eb365bce4ab2627,0.044,,,
1484,2026-05-29,SZ300124,-0.04158633574843407,EXP_XGBModel_Alpha158_csi300_custom_step0_s_20260530_14,5847baa7992646489eb365bce4ab2627,0.044,,,
1485,2026-05-29,SZ300122,-0.02710142731666565,EXP_XGBModel_Alpha158_csi300_custom_step0_s_20260530_14,5847baa7992646489eb365bce4ab2627,0.044,,,
1486,2026-05-29,SZ300059,-0.032210227102041245,EXP_XGBModel_Alpha158_csi300_custom_step0_s_20260530_14,5847baa7992646489eb365bce4ab2627,0.044,,,
1487,2026-05-29,SZ300033,-0.033644113689661026,EXP_XGBModel_Alpha158_csi300_custom_step0_s_20260530_14,5847baa7992646489eb365bce4ab2627,0.044,,,
1488,2026-05-29,SZ300015,-0.026205692440271378,EXP_XGBModel_Alpha158_csi300_custom_step0_s_20260530_14,5847baa7992646489eb365bce4ab2627,0.044,,,
1489,2026-05-29,SZ300014,-0.022001609206199646,EXP_XGBModel_Alpha158_csi300_custom_step0_s_20260530_14,5847baa7992646489eb365bce4ab2627,0.044,,,
1490,2026-05-29,SZ300274,-0.20860406756401062,EXP_XGBModel_Alpha158_csi300_custom_step0_s_20260530_14,5847baa7992646489eb365bce4ab2627,0.044,,,
1491,2026-05-29,SH600372,-0.05119841545820236,EXP_XGBModel_Alpha158_csi300_custom_step0_s_20260530_14,d8f04364444a4500afeecb9af1f0bdc0,0.061,,,
1492,2026-05-29,SZ300476,0.04176071658730507,EXP_XGBModel_Alpha158_csi300_custom_step0_s_20260530_14,5847baa7992646489eb365bce4ab2627,0.044,,,
1493,2026-05-29,SZ300502,-0.22007808089256287,EXP_XGBModel_Alpha158_csi300_custom_step0_s_20260530_14,5847baa7992646489eb365bce4ab2627,0.044,,,
1494,2026-05-29,SH600000,0.0015681234654039145,EXP_XGBModel_Alpha158_csi300_custom_step0_s_20260530_14,d8f04364444a4500afeecb9af1f0bdc0,0.061,,,
1495,2026-05-29,SZ302132,-0.04180188477039337,EXP_XGBModel_Alpha158_csi300_custom_step0_s_20260530_14,5847baa7992646489eb365bce4ab2627,0.044,,,
1496,2026-05-29,SZ301269,0.19641117751598358,EXP_XGBModel_Alpha158_csi300_custom_step0_s_20260530_14,5847baa7992646489eb365bce4ab2627,0.044,,,
1497,2026-05-29,SZ301236,0.048148661851882935,EXP_XGBModel_Alpha158_csi300_custom_step0_s_20260530_14,5847baa7992646489eb365bce4ab2627,0.044,,,
1498,2026-05-29,SZ300999,-0.019013766199350357,EXP_XGBModel_Alpha158_csi300_custom_step0_s_20260530_14,5847baa7992646489eb365bce4ab2627,0.044,,,
1499,2026-05-29,SZ300979,-0.02378009632229805,EXP_XGBModel_Alpha158_csi300_custom_step0_s_20260530_14,5847baa7992646489eb365bce4ab2627,0.044,,,
1500,2026-05-29,SZ300896,0.0020547255408018827,EXP_XGBModel_Alpha158_csi300_custom_step0_s_20260530_14,5847baa7992646489eb365bce4ab2627,0.044,,,
1501,2026-05-29,SZ300498,-0.016851237043738365,EXP_XGBModel_Alpha158_csi300_custom_step0_s_20260530_14,5847baa7992646489eb365bce4ab2627,0.044,,,
1502,2026-05-29,SZ300866,-0.03973592072725296,EXP_XGBModel_Alpha158_csi300_custom_step0_s_20260530_14,5847baa7992646489eb365bce4ab2627,0.044,,,
1503,2026-05-29,SZ300803,-0.06585216522216797,EXP_XGBModel_Alpha158_csi300_custom_step0_s_20260530_14,5847baa7992646489eb365bce4ab2627,0.044,,,
1504,2026-05-29,SZ300782,0.13016816973686218,EXP_XGBModel_Alpha158_csi300_custom_step0_s_20260530_14,5847baa7992646489eb365bce4ab2627,0.044,,,
1505,2026-05-29,SZ300760,-0.03287924826145172,EXP_XGBModel_Alpha158_csi300_custom_step0_s_20260530_14,5847baa7992646489eb365bce4ab2627,0.044,,,
1506,2026-05-29,SZ300759,-0.013841673731803894,EXP_XGBModel_Alpha158_csi300_custom_step0_s_20260530_14,5847baa7992646489eb365bce4ab2627,0.044,,,
1507,2026-05-29,SZ300750,-0.02065526880323887,EXP_XGBModel_Alpha158_csi300_custom_step0_s_20260530_14,5847baa7992646489eb365bce4ab2627,0.044,,,
1508,2026-05-29,SZ300661,-0.018562955781817436,EXP_XGBModel_Alpha158_csi300_custom_step0_s_20260530_14,5847baa7992646489eb365bce4ab2627,0.044,,,
1509,2026-05-29,SZ300628,0.008738309144973755,EXP_XGBModel_Alpha158_csi300_custom_step0_s_20260530_14,5847baa7992646489eb365bce4ab2627,0.044,,,
1510,2026-05-29,SZ300832,-0.0768856406211853,EXP_XGBModel_Alpha158_csi300_custom_step0_s_20260530_14,5847baa7992646489eb365bce4ab2627,0.044,,,
1511,2026-05-29,SH600377,0.02610415406525135,EXP_XGBModel_Alpha158_csi300_custom_step0_s_20260530_14,d8f04364444a4500afeecb9af1f0bdc0,0.061,,,
1512,2026-05-29,SH600406,-0.06769948452711105,EXP_XGBModel_Alpha158_csi300_custom_step0_s_20260530_14,d8f04364444a4500afeecb9af1f0bdc0,0.061,,,
1513,2026-05-29,SH600415,-0.057454243302345276,EXP_XGBModel_Alpha158_csi300_custom_step0_s_20260530_14,d8f04364444a4500afeecb9af1f0bdc0,0.061,,,
1514,2026-05-29,SH601166,-0.01128153596073389,EXP_XGBModel_Alpha158_csi300_custom_step0_s_20260530_14,d8f04364444a4500afeecb9af1f0bdc0,0.061,,,
1515,2026-05-29,SH601138,-0.1037873774766922,EXP_XGBModel_Alpha158_csi300_custom_step0_s_20260530_14,d8f04364444a4500afeecb9af1f0bdc0,0.061,,,
1516,2026-05-29,SH601136,-0.061123788356781006,EXP_XGBModel_Alpha158_csi300_custom_step0_s_20260530_14,d8f04364444a4500afeecb9af1f0bdc0,0.061,,,
1517,2026-05-29,SH601127,-0.06110941991209984,EXP_XGBModel_Alpha158_csi300_custom_step0_s_20260530_14,d8f04364444a4500afeecb9af1f0bdc0,0.061,,,
1518,2026-05-29,SH601117,0.0455545112490654,EXP_XGBModel_Alpha158_csi300_custom_step0_s_20260530_14,d8f04364444a4500afeecb9af1f0bdc0,0.061,,,
1519,2026-05-29,SH601111,-0.020031966269016266,EXP_XGBModel_Alpha158_csi300_custom_step0_s_20260530_14,d8f04364444a4500afeecb9af1f0bdc0,0.061,,,
1520,2026-05-29,SH601100,-0.021831097081303596,EXP_XGBModel_Alpha158_csi300_custom_step0_s_20260530_14,d8f04364444a4500afeecb9af1f0bdc0,0.061,,,
1521,2026-05-29,SH601169,-0.017452895641326904,EXP_XGBModel_Alpha158_csi300_custom_step0_s_20260530_14,d8f04364444a4500afeecb9af1f0bdc0,0.061,,,
1522,2026-05-29,SH601088,-0.02392396703362465,EXP_XGBModel_Alpha158_csi300_custom_step0_s_20260530_14,d8f04364444a4500afeecb9af1f0bdc0,0.061,,,
1523,2026-05-29,SH601066,-0.032710056751966476,EXP_XGBModel_Alpha158_csi300_custom_step0_s_20260530_14,d8f04364444a4500afeecb9af1f0bdc0,0.061,,,
1524,2026-05-29,SH601059,0.05471346899867058,EXP_XGBModel_Alpha158_csi300_custom_step0_s_20260530_14,d8f04364444a4500afeecb9af1f0bdc0,0.061,,,
1525,2026-05-29,SH601058,-0.025574669241905212,EXP_XGBModel_Alpha158_csi300_custom_step0_s_20260530_14,d8f04364444a4500afeecb9af1f0bdc0,0.061,,,
1526,2026-05-29,SH601021,-0.025880655273795128,EXP_XGBModel_Alpha158_csi300_custom_step0_s_20260530_14,d8f04364444a4500afeecb9af1f0bdc0,0.061,,,
1527,2026-05-29,SH601018,-0.006897334009408951,EXP_XGBModel_Alpha158_csi300_custom_step0_s_20260530_14,d8f04364444a4500afeecb9af1f0bdc0,0.061,,,
1528,2026-05-29,SH601012,-0.008580195717513561,EXP_XGBModel_Alpha158_csi300_custom_step0_s_20260530_14,d8f04364444a4500afeecb9af1f0bdc0,0.061,,,
1529,2026-05-29,SH601009,-0.005569349974393845,EXP_XGBModel_Alpha158_csi300_custom_step0_s_20260530_14,d8f04364444a4500afeecb9af1f0bdc0,0.061,,,
1530,2026-05-29,SH601077,0.01572696678340435,EXP_XGBModel_Alpha158_csi300_custom_step0_s_20260530_14,d8f04364444a4500afeecb9af1f0bdc0,0.061,,,
1531,2026-05-29,SH601006,-0.010327142663300037,EXP_XGBModel_Alpha158_csi300_custom_step0_s_20260530_14,d8f04364444a4500afeecb9af1f0bdc0,0.061,,,
1532,2026-05-29,SH601186,-0.03463665395975113,EXP_XGBModel_Alpha158_csi300_custom_step0_s_20260530_14,d8f04364444a4500afeecb9af1f0bdc0,0.061,,,
1533,2026-05-29,SH601225,-0.0488407127559185,EXP_XGBModel_Alpha158_csi300_custom_step0_s_20260530_14,d8f04364444a4500afeecb9af1f0bdc0,0.061,,,
1534,2026-05-29,SH601601,-0.026850420981645584,EXP_XGBModel_Alpha158_csi300_custom_step0_s_20260530_14,d8f04364444a4500afeecb9af1f0bdc0,0.061,,,
1535,2026-05-29,SH601600,-0.1379971206188202,EXP_XGBModel_Alpha158_csi300_custom_step0_s_20260530_14,d8f04364444a4500afeecb9af1f0bdc0,0.061,,,
1536,2026-05-29,SH601456,-0.027191398665308952,EXP_XGBModel_Alpha158_csi300_custom_step0_s_20260530_14,d8f04364444a4500afeecb9af1f0bdc0,0.061,,,
1537,2026-05-29,SH601398,0.02068926766514778,EXP_XGBModel_Alpha158_csi300_custom_step0_s_20260530_14,d8f04364444a4500afeecb9af1f0bdc0,0.061,,,
1538,2026-05-29,SH601390,-0.029059993103146553,EXP_XGBModel_Alpha158_csi300_custom_step0_s_20260530_14,d8f04364444a4500afeecb9af1f0bdc0,0.061,,,
1539,2026-05-29,SH601377,0.012729904614388943,EXP_XGBModel_Alpha158_csi300_custom_step0_s_20260530_14,d8f04364444a4500afeecb9af1f0bdc0,0.061,,,
1540,2026-05-29,SH601360,-0.01992480829358101,EXP_XGBModel_Alpha158_csi300_custom_step0_s_20260530_14,d8f04364444a4500afeecb9af1f0bdc0,0.061,,,
1541,2026-05-29,SH601211,-0.022708622738718987,EXP_XGBModel_Alpha158_csi300_custom_step0_s_20260530_14,d8f04364444a4500afeecb9af1f0bdc0,0.061,,,
1542,2026-05-29,SH601336,-0.017916785553097725,EXP_XGBModel_Alpha158_csi300_custom_step0_s_20260530_14,d8f04364444a4500afeecb9af1f0bdc0,0.061,,,
1543,2026-05-29,SH601319,-0.030751628801226616,EXP_XGBModel_Alpha158_csi300_custom_step0_s_20260530_14,d8f04364444a4500afeecb9af1f0bdc0,0.061,,,
1544,2026-05-29,SH601318,-0.012283062562346458,EXP_XGBModel_Alpha158_csi300_custom_step0_s_20260530_14,d8f04364444a4500afeecb9af1f0bdc0,0.061,,,
1545,2026-05-29,SH601298,0.047013621777296066,EXP_XGBModel_Alpha158_csi300_custom_step0_s_20260530_14,d8f04364444a4500afeecb9af1f0bdc0,0.061,,,
1546,2026-05-29,SH601288,-0.018214726820588112,EXP_XGBModel_Alpha158_csi300_custom_step0_s_20260530_14,d8f04364444a4500afeecb9af1f0bdc0,0.061,,,
1547,2026-05-29,SH601238,0.026527173817157745,EXP_XGBModel_Alpha158_csi300_custom_step0_s_20260530_14,d8f04364444a4500afeecb9af1f0bdc0,0.061,,,
1548,2026-05-29,SH601236,0.008511623367667198,EXP_XGBModel_Alpha158_csi300_custom_step0_s_20260530_14,d8f04364444a4500afeecb9af1f0bdc0,0.061,,,
1549,2026-05-29,SH601229,-0.0013685827143490314,EXP_XGBModel_Alpha158_csi300_custom_step0_s_20260530_14,d8f04364444a4500afeecb9af1f0bdc0,0.061,,,
1550,2026-05-29,SH601328,0.017753658816218376,EXP_XGBModel_Alpha158_csi300_custom_step0_s_20260530_14,d8f04364444a4500afeecb9af1f0bdc0,0.061,,,
1551,2026-05-29,SH601618,0.0015315059572458267,EXP_XGBModel_Alpha158_csi300_custom_step0_s_20260530_14,d8f04364444a4500afeecb9af1f0bdc0,0.061,,,
1552,2026-05-29,SH600999,-0.00037573184818029404,EXP_XGBModel_Alpha158_csi300_custom_step0_s_20260530_14,d8f04364444a4500afeecb9af1f0bdc0,0.061,,,
1553,2026-05-29,SH600958,-0.04121388867497444,EXP_XGBModel_Alpha158_csi300_custom_step0_s_20260530_14,d8f04364444a4500afeecb9af1f0bdc0,0.061,,,
1554,2026-05-29,SH600660,-0.01993236318230629,EXP_XGBModel_Alpha158_csi300_custom_step0_s_20260530_14,d8f04364444a4500afeecb9af1f0bdc0,0.061,,,
1555,2026-05-29,SH600600,0.020731881260871887,EXP_XGBModel_Alpha158_csi300_custom_step0_s_20260530_14,d8f04364444a4500afeecb9af1f0bdc0,0.061,,,
1556,2026-05-29,SH600588,0.19621339440345764,EXP_XGBModel_Alpha158_csi300_custom_step0_s_20260530_14,d8f04364444a4500afeecb9af1f0bdc0,0.061,,,
1557,2026-05-29,SH600585,-0.019976310431957245,EXP_XGBModel_Alpha158_csi300_custom_step0_s_20260530_14,d8f04364444a4500afeecb9af1f0bdc0,0.061,,,
1558,2026-05-29,SH600584,-0.1969892978668213,EXP_XGBModel_Alpha158_csi300_custom_step0_s_20260530_14,d8f04364444a4500afeecb9af1f0bdc0,0.061,,,
1559,2026-05-29,SH600570,-0.02695484459400177,EXP_XGBModel_Alpha158_csi300_custom_step0_s_20260530_14,d8f04364444a4500afeecb9af1f0bdc0,0.061,,,
1560,2026-05-29,SH600547,-0.004179865121841431,EXP_XGBModel_Alpha158_csi300_custom_step0_s_20260530_14,d8f04364444a4500afeecb9af1f0bdc0,0.061,,,
1561,2026-05-29,SH600674,-0.006180848926305771,EXP_XGBModel_Alpha158_csi300_custom_step0_s_20260530_14,d8f04364444a4500afeecb9af1f0bdc0,0.061,,,
1562,2026-05-29,SH600522,0.19264449179172516,EXP_XGBModel_Alpha158_csi300_custom_step0_s_20260530_14,d8f04364444a4500afeecb9af1f0bdc0,0.061,,,
1563,2026-05-29,SH600515,-0.016498012468218803,EXP_XGBModel_Alpha158_csi300_custom_step0_s_20260530_14,d8f04364444a4500afeecb9af1f0bdc0,0.061,,,
1564,2026-05-29,SH600489,-0.01861155405640602,EXP_XGBModel_Alpha158_csi300_custom_step0_s_20260530_14,d8f04364444a4500afeecb9af1f0bdc0,0.061,,,
1565,2026-05-29,SH600482,0.012099708430469036,EXP_XGBModel_Alpha158_csi300_custom_step0_s_20260530_14,d8f04364444a4500afeecb9af1f0bdc0,0.061,,,
1566,2026-05-29,SH600460,-0.1424681693315506,EXP_XGBModel_Alpha158_csi300_custom_step0_s_20260530_14,d8f04364444a4500afeecb9af1f0bdc0,0.061,,,
1567,2026-05-29,SH600438,-0.03620763495564461,EXP_XGBModel_Alpha158_csi300_custom_step0_s_20260530_14,d8f04364444a4500afeecb9af1f0bdc0,0.061,,,
1568,2026-05-29,SH600436,-0.023531503975391388,EXP_XGBModel_Alpha158_csi300_custom_step0_s_20260530_14,d8f04364444a4500afeecb9af1f0bdc0,0.061,,,
1569,2026-05-29,SH600426,0.012877858243882656,EXP_XGBModel_Alpha158_csi300_custom_step0_s_20260530_14,d8f04364444a4500afeecb9af1f0bdc0,0.061,,,
1570,2026-05-29,SH600519,-0.021507149562239647,EXP_XGBModel_Alpha158_csi300_custom_step0_s_20260530_14,d8f04364444a4500afeecb9af1f0bdc0,0.061,,,
1571,2026-05-29,SH600989,-0.08582253009080887,EXP_XGBModel_Alpha158_csi300_custom_step0_s_20260530_14,d8f04364444a4500afeecb9af1f0bdc0,0.061,,,
1572,2026-05-29,SH600690,-0.019232431426644325,EXP_XGBModel_Alpha158_csi300_custom_step0_s_20260530_14,d8f04364444a4500afeecb9af1f0bdc0,0.061,,,
1573,2026-05-29,SH600760,-0.030335374176502228,EXP_XGBModel_Alpha158_csi300_custom_step0_s_20260530_14,d8f04364444a4500afeecb9af1f0bdc0,0.061,,,
1574,2026-05-29,SH600941,0.006848723161965609,EXP_XGBModel_Alpha158_csi300_custom_step0_s_20260530_14,d8f04364444a4500afeecb9af1f0bdc0,0.061,,,
1575,2026-05-29,SH600938,-0.023539284244179726,EXP_XGBModel_Alpha158_csi300_custom_step0_s_20260530_14,d8f04364444a4500afeecb9af1f0bdc0,0.061,,,
1576,2026-05-29,SH600930,0.03545091301202774,EXP_XGBModel_Alpha158_csi300_custom_step0_s_20260530_14,d8f04364444a4500afeecb9af1f0bdc0,0.061,,,
1577,2026-05-29,SH600926,0.0657874196767807,EXP_XGBModel_Alpha158_csi300_custom_step0_s_20260530_14,d8f04364444a4500afeecb9af1f0bdc0,0.061,,,
1578,2026-05-29,SH600919,0.07324112206697464,EXP_XGBModel_Alpha158_csi300_custom_step0_s_20260530_14,d8f04364444a4500afeecb9af1f0bdc0,0.061,,,
1579,2026-05-29,SH600918,0.006513802334666252,EXP_XGBModel_Alpha158_csi300_custom_step0_s_20260530_14,d8f04364444a4500afeecb9af1f0bdc0,0.061,,,
1580,2026-05-29,SH600905,0.024320922791957855,EXP_XGBModel_Alpha158_csi300_custom_step0_s_20260530_14,d8f04364444a4500afeecb9af1f0bdc0,0.061,,,
1581,2026-05-29,SH600741,-0.020768607035279274,EXP_XGBModel_Alpha158_csi300_custom_step0_s_20260530_14,d8f04364444a4500afeecb9af1f0bdc0,0.061,,,
1582,2026-05-29,SH600900,0.08390320837497711,EXP_XGBModel_Alpha158_csi300_custom_step0_s_20260530_14,d8f04364444a4500afeecb9af1f0bdc0,0.061,,,
1583,2026-05-29,SH600887,-0.0247054323554039,EXP_XGBModel_Alpha158_csi300_custom_step0_s_20260530_14,d8f04364444a4500afeecb9af1f0bdc0,0.061,,,
1584,2026-05-29,SH600886,0.0007714105304330587,EXP_XGBModel_Alpha158_csi300_custom_step0_s_20260530_14,d8f04364444a4500afeecb9af1f0bdc0,0.061,,,
1585,2026-05-29,SH600875,-0.0792698860168457,EXP_XGBModel_Alpha158_csi300_custom_step0_s_20260530_14,d8f04364444a4500afeecb9af1f0bdc0,0.061,,,
1586,2026-05-29,SH600845,-0.08679045736789703,EXP_XGBModel_Alpha158_csi300_custom_step0_s_20260530_14,d8f04364444a4500afeecb9af1f0bdc0,0.061,,,
1587,2026-05-29,SH600809,-0.00766400434076786,EXP_XGBModel_Alpha158_csi300_custom_step0_s_20260530_14,d8f04364444a4500afeecb9af1f0bdc0,0.061,,,
1588,2026-05-29,SH600803,-0.02955525927245617,EXP_XGBModel_Alpha158_csi300_custom_step0_s_20260530_14,d8f04364444a4500afeecb9af1f0bdc0,0.061,,,
1589,2026-05-29,SH600795,-0.029468093067407608,EXP_XGBModel_Alpha158_csi300_custom_step0_s_20260530_14,d8f04364444a4500afeecb9af1f0bdc0,0.061,,,
1590,2026-05-29,SH600893,-0.07176633179187775,EXP_XGBModel_Alpha158_csi300_custom_step0_s_20260530_14,d8f04364444a4500afeecb9af1f0bdc0,0.061,,,
1591,2026-05-29,SZ300433,-0.026155894622206688,EXP_XGBModel_Alpha158_csi300_custom_step0_s_20260530_14,d8f04364444a4500afeecb9af1f0bdc0,0.061,,,
1592,2026-05-29,SZ300442,-0.05393733084201813,EXP_XGBModel_Alpha158_csi300_custom_step0_s_20260530_14,d8f04364444a4500afeecb9af1f0bdc0,0.061,,,
1593,2026-05-29,SZ300476,0.10761143267154694,EXP_XGBModel_Alpha158_csi300_custom_step0_s_20260530_14,d8f04364444a4500afeecb9af1f0bdc0,0.061,,,
1594,2026-05-29,SZ000333,0.016473351046442986,EXP_XGBModel_Alpha158_csi300_custom_step0_s_20260530_14,38b5f02cd5d24d21925210e9f139592b,0.013,,,
1595,2026-05-29,SZ000301,0.0034614840988069773,EXP_XGBModel_Alpha158_csi300_custom_step0_s_20260530_14,38b5f02cd5d24d21925210e9f139592b,0.013,,,
1596,2026-05-29,SZ000166,-0.019672540947794914,EXP_XGBModel_Alpha158_csi300_custom_step0_s_20260530_14,38b5f02cd5d24d21925210e9f139592b,0.013,,,
1597,2026-05-29,SZ000157,0.003629483049735427,EXP_XGBModel_Alpha158_csi300_custom_step0_s_20260530_14,38b5f02cd5d24d21925210e9f139592b,0.013,,,
1598,2026-05-29,SZ000100,0.0047499919310212135,EXP_XGBModel_Alpha158_csi300_custom_step0_s_20260530_14,38b5f02cd5d24d21925210e9f139592b,0.013,,,
1599,2026-05-29,SZ000063,0.010891977697610855,EXP_XGBModel_Alpha158_csi300_custom_step0_s_20260530_14,38b5f02cd5d24d21925210e9f139592b,0.013,,,
1600,2026-05-29,SZ000002,0.1975528597831726,EXP_XGBModel_Alpha158_csi300_custom_step0_s_20260530_14,38b5f02cd5d24d21925210e9f139592b,0.013,,,
1601,2026-05-29,SZ000001,-0.029141699895262718,EXP_XGBModel_Alpha158_csi300_custom_step0_s_20260530_14,38b5f02cd5d24d21925210e9f139592b,0.013,,,
1602,2026-05-29,SH688981,-0.4808947741985321,EXP_XGBModel_Alpha158_csi300_custom_step0_s_20260530_14,38b5f02cd5d24d21925210e9f139592b,0.013,,,
1603,2026-05-29,SH688506,-0.4879634380340576,EXP_XGBModel_Alpha158_csi300_custom_step0_s_20260530_14,38b5f02cd5d24d21925210e9f139592b,0.013,,,
1604,2026-05-29,SH688472,0.1902146339416504,EXP_XGBModel_Alpha158_csi300_custom_step0_s_20260530_14,38b5f02cd5d24d21925210e9f139592b,0.013,,,
1605,2026-05-29,SH688396,0.04108227416872978,EXP_XGBModel_Alpha158_csi300_custom_step0_s_20260530_14,38b5f02cd5d24d21925210e9f139592b,0.013,,,
1606,2026-05-29,SH688303,0.25228461623191833,EXP_XGBModel_Alpha158_csi300_custom_step0_s_20260530_14,38b5f02cd5d24d21925210e9f139592b,0.013,,,
1607,2026-05-29,SH688271,-0.003936474211513996,EXP_XGBModel_Alpha158_csi300_custom_step0_s_20260530_14,38b5f02cd5d24d21925210e9f139592b,0.013,,,
1608,2026-05-29,SH688256,-0.3230437636375427,EXP_XGBModel_Alpha158_csi300_custom_step0_s_20260530_14,38b5f02cd5d24d21925210e9f139592b,0.013,,,
1609,2026-05-29,SZ000338,0.1940043866634369,EXP_XGBModel_Alpha158_csi300_custom_step0_s_20260530_14,38b5f02cd5d24d21925210e9f139592b,0.013,,,
1610,2026-05-29,SZ000408,0.031940676271915436,EXP_XGBModel_Alpha158_csi300_custom_step0_s_20260530_14,38b5f02cd5d24d21925210e9f139592b,0.013,,,
1611,2026-05-29,SZ000425,-0.03132571280002594,EXP_XGBModel_Alpha158_csi300_custom_step0_s_20260530_14,38b5f02cd5d24d21925210e9f139592b,0.013,,,
1612,2026-05-29,SZ000538,-0.03566811606287956,EXP_XGBModel_Alpha158_csi300_custom_step0_s_20260530_14,38b5f02cd5d24d21925210e9f139592b,0.013,,,
1613,2026-05-29,SZ000876,-0.009943995624780655,EXP_XGBModel_Alpha158_csi300_custom_step0_s_20260530_14,38b5f02cd5d24d21925210e9f139592b,0.013,,,
1614,2026-05-29,SZ000858,0.034999847412109375,EXP_XGBModel_Alpha158_csi300_custom_step0_s_20260530_14,38b5f02cd5d24d21925210e9f139592b,0.013,,,
1615,2026-05-29,SZ000807,0.05693010613322258,EXP_XGBModel_Alpha158_csi300_custom_step0_s_20260530_14,38b5f02cd5d24d21925210e9f139592b,0.013,,,
1616,2026-05-29,SZ000792,0.3516622483730316,EXP_XGBModel_Alpha158_csi300_custom_step0_s_20260530_14,38b5f02cd5d24d21925210e9f139592b,0.013,,,
1617,2026-05-29,SZ000786,-0.04563833773136139,EXP_XGBModel_Alpha158_csi300_custom_step0_s_20260530_14,38b5f02cd5d24d21925210e9f139592b,0.013,,,
1618,2026-05-29,SZ000776,-0.009638597257435322,EXP_XGBModel_Alpha158_csi300_custom_step0_s_20260530_14,38b5f02cd5d24d21925210e9f139592b,0.013,,,
1619,2026-05-29,SZ000768,-0.020356351509690285,EXP_XGBModel_Alpha158_csi300_custom_step0_s_20260530_14,38b5f02cd5d24d21925210e9f139592b,0.013,,,
1620,2026-05-29,SH688223,0.23559261858463287,EXP_XGBModel_Alpha158_csi300_custom_step0_s_20260530_14,38b5f02cd5d24d21925210e9f139592b,0.013,,,
1621,2026-05-29,SZ000725,-0.016093885526061058,EXP_XGBModel_Alpha158_csi300_custom_step0_s_20260530_14,38b5f02cd5d24d21925210e9f139592b,0.013,,,
1622,2026-05-29,SZ000661,0.18693333864212036,EXP_XGBModel_Alpha158_csi300_custom_step0_s_20260530_14,38b5f02cd5d24d21925210e9f139592b,0.013,,,
1623,2026-05-29,SZ000651,0.020712075755000114,EXP_XGBModel_Alpha158_csi300_custom_step0_s_20260530_14,38b5f02cd5d24d21925210e9f139592b,0.013,,,
1624,2026-05-29,SZ000630,-0.09915944933891296,EXP_XGBModel_Alpha158_csi300_custom_step0_s_20260530_14,38b5f02cd5d24d21925210e9f139592b,0.013,,,
1625,2026-05-29,SZ000625,0.23892736434936523,EXP_XGBModel_Alpha158_csi300_custom_step0_s_20260530_14,38b5f02cd5d24d21925210e9f139592b,0.013,,,
1626,2026-05-29,SZ000617,0.16244471073150635,EXP_XGBModel_Alpha158_csi300_custom_step0_s_20260530_14,38b5f02cd5d24d21925210e9f139592b,0.013,,,
1627,2026-05-29,SZ000596,-0.02829790487885475,EXP_XGBModel_Alpha158_csi300_custom_step0_s_20260530_14,38b5f02cd5d24d21925210e9f139592b,0.013,,,
1628,2026-05-29,SZ000568,-0.0555233433842659,EXP_XGBModel_Alpha158_csi300_custom_step0_s_20260530_14,38b5f02cd5d24d21925210e9f139592b,0.013,,,
1629,2026-05-29,SZ000708,-0.0436648465692997,EXP_XGBModel_Alpha158_csi300_custom_step0_s_20260530_14,38b5f02cd5d24d21925210e9f139592b,0.013,,,
1630,2026-05-29,SH688187,-0.07334435731172562,EXP_XGBModel_Alpha158_csi300_custom_step0_s_20260530_14,38b5f02cd5d24d21925210e9f139592b,0.013,,,
1631,2026-05-29,SH688169,0.14208902418613434,EXP_XGBModel_Alpha158_csi300_custom_step0_s_20260530_14,38b5f02cd5d24d21925210e9f139592b,0.013,,,
1632,2026-05-29,SH688126,0.15405383706092834,EXP_XGBModel_Alpha158_csi300_custom_step0_s_20260530_14,38b5f02cd5d24d21925210e9f139592b,0.013,,,
1633,2026-05-29,SH603259,-0.018309256061911583,EXP_XGBModel_Alpha158_csi300_custom_step0_s_20260530_14,38b5f02cd5d24d21925210e9f139592b,0.013,,,
1634,2026-05-29,SH603195,0.06500577181577682,EXP_XGBModel_Alpha158_csi300_custom_step0_s_20260530_14,38b5f02cd5d24d21925210e9f139592b,0.013,,,
1635,2026-05-29,SH603019,-0.1593850702047348,EXP_XGBModel_Alpha158_csi300_custom_step0_s_20260530_14,38b5f02cd5d24d21925210e9f139592b,0.013,,,
1636,2026-05-29,SH601998,-0.017507271841168404,EXP_XGBModel_Alpha158_csi300_custom_step0_s_20260530_14,38b5f02cd5d24d21925210e9f139592b,0.013,,,
1637,2026-05-29,SH601995,-0.013119148090481758,EXP_XGBModel_Alpha158_csi300_custom_step0_s_20260530_14,38b5f02cd5d24d21925210e9f139592b,0.013,,,
1638,2026-05-29,SH601988,0.009990425780415535,EXP_XGBModel_Alpha158_csi300_custom_step0_s_20260530_14,38b5f02cd5d24d21925210e9f139592b,0.013,,,
1639,2026-05-29,SH601985,-0.012110691517591476,EXP_XGBModel_Alpha158_csi300_custom_step0_s_20260530_14,38b5f02cd5d24d21925210e9f139592b,0.013,,,
1640,2026-05-29,SH603260,0.011311309412121773,EXP_XGBModel_Alpha158_csi300_custom_step0_s_20260530_14,38b5f02cd5d24d21925210e9f139592b,0.013,,,
1641,2026-05-29,SH601939,0.01232986431568861,EXP_XGBModel_Alpha158_csi300_custom_step0_s_20260530_14,38b5f02cd5d24d21925210e9f139592b,0.013,,,
1642,2026-05-29,SH601916,-0.020134512335062027,EXP_XGBModel_Alpha158_csi300_custom_step0_s_20260530_14,38b5f02cd5d24d21925210e9f139592b,0.013,,,
1643,2026-05-29,SH601901,-0.03629748895764351,EXP_XGBModel_Alpha158_csi300_custom_step0_s_20260530_14,38b5f02cd5d24d21925210e9f139592b,0.013,,,
1644,2026-05-29,SH601899,-0.05268588662147522,EXP_XGBModel_Alpha158_csi300_custom_step0_s_20260530_14,38b5f02cd5d24d21925210e9f139592b,0.013,,,
1645,2026-05-29,SH601898,-0.09454499930143356,EXP_XGBModel_Alpha158_csi300_custom_step0_s_20260530_14,38b5f02cd5d24d21925210e9f139592b,0.013,,,
1646,2026-05-29,SH601888,-0.1646299809217453,EXP_XGBModel_Alpha158_csi300_custom_step0_s_20260530_14,38b5f02cd5d24d21925210e9f139592b,0.013,,,
1647,2026-05-29,SH601881,-0.044008295983076096,EXP_XGBModel_Alpha158_csi300_custom_step0_s_20260530_14,38b5f02cd5d24d21925210e9f139592b,0.013,,,
1648,2026-05-29,SH601878,-0.03332803025841713,EXP_XGBModel_Alpha158_csi300_custom_step0_s_20260530_14,38b5f02cd5d24d21925210e9f139592b,0.013,,,
1649,2026-05-29,SH601919,-0.052581362426280975,EXP_XGBModel_Alpha158_csi300_custom_step0_s_20260530_14,38b5f02cd5d24d21925210e9f139592b,0.013,,,
1650,2026-05-29,SZ000895,-0.038100533187389374,EXP_XGBModel_Alpha158_csi300_custom_step0_s_20260530_14,38b5f02cd5d24d21925210e9f139592b,0.013,,,
1651,2026-05-29,SH603288,-0.01681169681251049,EXP_XGBModel_Alpha158_csi300_custom_step0_s_20260530_14,38b5f02cd5d24d21925210e9f139592b,0.013,,,
1652,2026-05-29,SH603369,-0.0009989789687097073,EXP_XGBModel_Alpha158_csi300_custom_step0_s_20260530_14,38b5f02cd5d24d21925210e9f139592b,0.013,,,
1653,2026-05-29,SH688111,0.09471870958805084,EXP_XGBModel_Alpha158_csi300_custom_step0_s_20260530_14,38b5f02cd5d24d21925210e9f139592b,0.013,,,
1654,2026-05-29,SH688082,-0.3370113968849182,EXP_XGBModel_Alpha158_csi300_custom_step0_s_20260530_14,38b5f02cd5d24d21925210e9f139592b,0.013,,,
1655,2026-05-29,SH688047,-0.0913814976811409,EXP_XGBModel_Alpha158_csi300_custom_step0_s_20260530_14,38b5f02cd5d24d21925210e9f139592b,0.013,,,
1656,2026-05-29,SH688041,-0.14768721163272858,EXP_XGBModel_Alpha158_csi300_custom_step0_s_20260530_14,38b5f02cd5d24d21925210e9f139592b,0.013,,,
1657,2026-05-29,SH688036,0.025312121957540512,EXP_XGBModel_Alpha158_csi300_custom_step0_s_20260530_14,38b5f02cd5d24d21925210e9f139592b,0.013,,,
1658,2026-05-29,SH688012,0.0947570651769638,EXP_XGBModel_Alpha158_csi300_custom_step0_s_20260530_14,38b5f02cd5d24d21925210e9f139592b,0.013,,,
1659,2026-05-29,SH688009,0.09719453752040863,EXP_XGBModel_Alpha158_csi300_custom_step0_s_20260530_14,38b5f02cd5d24d21925210e9f139592b,0.013,,,
1660,2026-05-29,SH603296,0.07405026257038116,EXP_XGBModel_Alpha158_csi300_custom_step0_s_20260530_14,38b5f02cd5d24d21925210e9f139592b,0.013,,,
1661,2026-05-29,SH688008,-0.15966826677322388,EXP_XGBModel_Alpha158_csi300_custom_step0_s_20260530_14,38b5f02cd5d24d21925210e9f139592b,0.013,,,
1662,2026-05-29,SH605117,0.03207998350262642,EXP_XGBModel_Alpha158_csi300_custom_step0_s_20260530_14,38b5f02cd5d24d21925210e9f139592b,0.013,,,
1663,2026-05-29,SH603993,-0.017728418111801147,EXP_XGBModel_Alpha158_csi300_custom_step0_s_20260530_14,38b5f02cd5d24d21925210e9f139592b,0.013,,,
1664,2026-05-29,SH603986,-0.40955090522766113,EXP_XGBModel_Alpha158_csi300_custom_step0_s_20260530_14,38b5f02cd5d24d21925210e9f139592b,0.013,,,
1665,2026-05-29,SH603893,-0.23857028782367706,EXP_XGBModel_Alpha158_csi300_custom_step0_s_20260530_14,38b5f02cd5d24d21925210e9f139592b,0.013,,,
1666,2026-05-29,SH603799,0.16180886328220367,EXP_XGBModel_Alpha158_csi300_custom_step0_s_20260530_14,38b5f02cd5d24d21925210e9f139592b,0.013,,,
1667,2026-05-29,SH603501,-0.1751326620578766,EXP_XGBModel_Alpha158_csi300_custom_step0_s_20260530_14,38b5f02cd5d24d21925210e9f139592b,0.013,,,
1668,2026-05-29,SH603392,0.1334155648946762,EXP_XGBModel_Alpha158_csi300_custom_step0_s_20260530_14,38b5f02cd5d24d21925210e9f139592b,0.013,,,
1669,2026-05-29,SH605499,-0.010013973340392113,EXP_XGBModel_Alpha158_csi300_custom_step0_s_20260530_14,38b5f02cd5d24d21925210e9f139592b,0.013,,,
1670,2026-05-29,SZ000938,0.2020387351512909,EXP_XGBModel_Alpha158_csi300_custom_step0_s_20260530_14,38b5f02cd5d24d21925210e9f139592b,0.013,,,
1671,2026-05-29,SZ000963,0.12463445216417313,EXP_XGBModel_Alpha158_csi300_custom_step0_s_20260530_14,38b5f02cd5d24d21925210e9f139592b,0.013,,,
1672,2026-05-29,SZ000975,0.5732502341270447,EXP_XGBModel_Alpha158_csi300_custom_step0_s_20260530_14,38b5f02cd5d24d21925210e9f139592b,0.013,,,
1673,2026-05-29,SZ300408,0.38179439306259155,EXP_XGBModel_Alpha158_csi300_custom_step0_s_20260530_14,38b5f02cd5d24d21925210e9f139592b,0.013,,,
1674,2026-05-29,SZ300394,-0.5857258439064026,EXP_XGBModel_Alpha158_csi300_custom_step0_s_20260530_14,38b5f02cd5d24d21925210e9f139592b,0.013,,,
1675,2026-05-29,SZ300347,0.39385488629341125,EXP_XGBModel_Alpha158_csi300_custom_step0_s_20260530_14,38b5f02cd5d24d21925210e9f139592b,0.013,,,
1676,2026-05-29,SZ300316,-0.07138210535049438,EXP_XGBModel_Alpha158_csi300_custom_step0_s_20260530_14,38b5f02cd5d24d21925210e9f139592b,0.013,,,
1677,2026-05-29,SZ300308,0.4676055908203125,EXP_XGBModel_Alpha158_csi300_custom_step0_s_20260530_14,38b5f02cd5d24d21925210e9f139592b,0.013,,,
1678,2026-05-29,SZ300274,0.31591901183128357,EXP_XGBModel_Alpha158_csi300_custom_step0_s_20260530_14,38b5f02cd5d24d21925210e9f139592b,0.013,,,
1679,2026-05-29,SZ300251,0.18639488518238068,EXP_XGBModel_Alpha158_csi300_custom_step0_s_20260530_14,38b5f02cd5d24d21925210e9f139592b,0.013,,,
1680,2026-05-29,SZ300413,0.06298726797103882,EXP_XGBModel_Alpha158_csi300_custom_step0_s_20260530_14,38b5f02cd5d24d21925210e9f139592b,0.013,,,
1681,2026-05-29,SZ300124,0.040013812482357025,EXP_XGBModel_Alpha158_csi300_custom_step0_s_20260530_14,38b5f02cd5d24d21925210e9f139592b,0.013,,,
1682,2026-05-29,SZ300059,0.03702884539961815,EXP_XGBModel_Alpha158_csi300_custom_step0_s_20260530_14,38b5f02cd5d24d21925210e9f139592b,0.013,,,
1683,2026-05-29,SZ300033,-0.12189294397830963,EXP_XGBModel_Alpha158_csi300_custom_step0_s_20260530_14,38b5f02cd5d24d21925210e9f139592b,0.013,,,
1684,2026-05-29,SZ300015,0.15773221850395203,EXP_XGBModel_Alpha158_csi300_custom_step0_s_20260530_14,38b5f02cd5d24d21925210e9f139592b,0.013,,,
1685,2026-05-29,SZ300014,-0.0061416286043822765,EXP_XGBModel_Alpha158_csi300_custom_step0_s_20260530_14,38b5f02cd5d24d21925210e9f139592b,0.013,,,
1686,2026-05-29,SZ003816,-0.016807610169053078,EXP_XGBModel_Alpha158_csi300_custom_step0_s_20260530_14,38b5f02cd5d24d21925210e9f139592b,0.013,,,
1687,2026-05-29,SZ002938,-0.18639951944351196,EXP_XGBModel_Alpha158_csi300_custom_step0_s_20260530_14,38b5f02cd5d24d21925210e9f139592b,0.013,,,
1688,2026-05-29,SZ002920,-0.005060442257672548,EXP_XGBModel_Alpha158_csi300_custom_step0_s_20260530_14,38b5f02cd5d24d21925210e9f139592b,0.013,,,
1689,2026-05-29,SZ300122,-0.0020670692902058363,EXP_XGBModel_Alpha158_csi300_custom_step0_s_20260530_14,38b5f02cd5d24d21925210e9f139592b,0.013,,,
1690,2026-05-29,SZ002916,0.08254723995923996,EXP_XGBModel_Alpha158_csi300_custom_step0_s_20260530_14,38b5f02cd5d24d21925210e9f139592b,0.013,,,
1691,2026-05-29,SZ300418,0.12380512803792953,EXP_XGBModel_Alpha158_csi300_custom_step0_s_20260530_14,38b5f02cd5d24d21925210e9f139592b,0.013,,,
1692,2026-05-29,SZ300442,0.3249688744544983,EXP_XGBModel_Alpha158_csi300_custom_step0_s_20260530_14,38b5f02cd5d24d21925210e9f139592b,0.013,,,
1693,2026-05-29,SZ301236,0.03506915271282196,EXP_XGBModel_Alpha158_csi300_custom_step0_s_20260530_14,38b5f02cd5d24d21925210e9f139592b,0.013,,,
1694,2026-05-29,SZ300999,-0.02508486807346344,EXP_XGBModel_Alpha158_csi300_custom_step0_s_20260530_14,38b5f02cd5d24d21925210e9f139592b,0.013,,,
1695,2026-05-29,SZ300979,0.04606013372540474,EXP_XGBModel_Alpha158_csi300_custom_step0_s_20260530_14,38b5f02cd5d24d21925210e9f139592b,0.013,,,
1696,2026-05-29,SZ300896,-0.06787783652544022,EXP_XGBModel_Alpha158_csi300_custom_step0_s_20260530_14,38b5f02cd5d24d21925210e9f139592b,0.013,,,
1697,2026-05-29,SZ300866,0.0842675119638443,EXP_XGBModel_Alpha158_csi300_custom_step0_s_20260530_14,38b5f02cd5d24d21925210e9f139592b,0.013,,,
1698,2026-05-29,SZ300832,0.2126098871231079,EXP_XGBModel_Alpha158_csi300_custom_step0_s_20260530_14,38b5f02cd5d24d21925210e9f139592b,0.013,,,
1699,2026-05-29,SZ300803,-0.010111218318343163,EXP_XGBModel_Alpha158_csi300_custom_step0_s_20260530_14,38b5f02cd5d24d21925210e9f139592b,0.013,,,
1700,2026-05-29,SZ300433,-0.02237175591289997,EXP_XGBModel_Alpha158_csi300_custom_step0_s_20260530_14,38b5f02cd5d24d21925210e9f139592b,0.013,,,
1701,2026-05-29,SZ300782,-0.08910109102725983,EXP_XGBModel_Alpha158_csi300_custom_step0_s_20260530_14,38b5f02cd5d24d21925210e9f139592b,0.013,,,
1702,2026-05-29,SZ300759,0.11482531577348709,EXP_XGBModel_Alpha158_csi300_custom_step0_s_20260530_14,38b5f02cd5d24d21925210e9f139592b,0.013,,,
1703,2026-05-29,SZ300750,-0.021933071315288544,EXP_XGBModel_Alpha158_csi300_custom_step0_s_20260530_14,38b5f02cd5d24d21925210e9f139592b,0.013,,,
1704,2026-05-29,SZ300661,0.15288779139518738,EXP_XGBModel_Alpha158_csi300_custom_step0_s_20260530_14,38b5f02cd5d24d21925210e9f139592b,0.013,,,
1705,2026-05-29,SZ300628,-0.008249226957559586,EXP_XGBModel_Alpha158_csi300_custom_step0_s_20260530_14,38b5f02cd5d24d21925210e9f139592b,0.013,,,
1706,2026-05-29,SZ300502,0.15868979692459106,EXP_XGBModel_Alpha158_csi300_custom_step0_s_20260530_14,38b5f02cd5d24d21925210e9f139592b,0.013,,,
1707,2026-05-29,SZ300498,0.03250926360487938,EXP_XGBModel_Alpha158_csi300_custom_step0_s_20260530_14,38b5f02cd5d24d21925210e9f139592b,0.013,,,
1708,2026-05-29,SZ300476,-0.06569792330265045,EXP_XGBModel_Alpha158_csi300_custom_step0_s_20260530_14,38b5f02cd5d24d21925210e9f139592b,0.013,,,
1709,2026-05-29,SZ300760,-0.03067200630903244,EXP_XGBModel_Alpha158_csi300_custom_step0_s_20260530_14,38b5f02cd5d24d21925210e9f139592b,0.013,,,
1710,2026-05-29,SH601877,0.019651493057608604,EXP_XGBModel_Alpha158_csi300_custom_step0_s_20260530_14,38b5f02cd5d24d21925210e9f139592b,0.013,,,
1711,2026-05-29,SZ002736,-0.037684060633182526,EXP_XGBModel_Alpha158_csi300_custom_step0_s_20260530_14,38b5f02cd5d24d21925210e9f139592b,0.013,,,
1712,2026-05-29,SZ002709,0.27488502860069275,EXP_XGBModel_Alpha158_csi300_custom_step0_s_20260530_14,38b5f02cd5d24d21925210e9f139592b,0.013,,,
1713,2026-05-29,SZ002236,-0.08300875127315521,EXP_XGBModel_Alpha158_csi300_custom_step0_s_20260530_14,38b5f02cd5d24d21925210e9f139592b,0.013,,,
1714,2026-05-29,SZ002230,-0.14276474714279175,EXP_XGBModel_Alpha158_csi300_custom_step0_s_20260530_14,38b5f02cd5d24d21925210e9f139592b,0.013,,,
1715,2026-05-29,SZ002179,-0.06028418615460396,EXP_XGBModel_Alpha158_csi300_custom_step0_s_20260530_14,38b5f02cd5d24d21925210e9f139592b,0.013,,,
1716,2026-05-29,SZ002142,-0.013545788824558258,EXP_XGBModel_Alpha158_csi300_custom_step0_s_20260530_14,38b5f02cd5d24d21925210e9f139592b,0.013,,,
1717,2026-05-29,SZ002074,0.05534668266773224,EXP_XGBModel_Alpha158_csi300_custom_step0_s_20260530_14,38b5f02cd5d24d21925210e9f139592b,0.013,,,
1718,2026-05-29,SZ002050,0.0011287173256278038,EXP_XGBModel_Alpha158_csi300_custom_step0_s_20260530_14,38b5f02cd5d24d21925210e9f139592b,0.013,,,
1719,2026-05-29,SZ002049,-0.11485154181718826,EXP_XGBModel_Alpha158_csi300_custom_step0_s_20260530_14,38b5f02cd5d24d21925210e9f139592b,0.013,,,
1720,2026-05-29,SZ002241,0.0016088620759546757,EXP_XGBModel_Alpha158_csi300_custom_step0_s_20260530_14,38b5f02cd5d24d21925210e9f139592b,0.013,,,
1721,2026-05-29,SZ002028,-0.10521093010902405,EXP_XGBModel_Alpha158_csi300_custom_step0_s_20260530_14,38b5f02cd5d24d21925210e9f139592b,0.013,,,
1722,2026-05-29,SZ002001,-0.007189009338617325,EXP_XGBModel_Alpha158_csi300_custom_step0_s_20260530_14,38b5f02cd5d24d21925210e9f139592b,0.013,,,
1723,2026-05-29,SZ001979,-0.03630637750029564,EXP_XGBModel_Alpha158_csi300_custom_step0_s_20260530_14,38b5f02cd5d24d21925210e9f139592b,0.013,,,
1724,2026-05-29,SZ001965,0.024157565087080002,EXP_XGBModel_Alpha158_csi300_custom_step0_s_20260530_14,38b5f02cd5d24d21925210e9f139592b,0.013,,,
1725,2026-05-29,SZ001391,-0.033174701035022736,EXP_XGBModel_Alpha158_csi300_custom_step0_s_20260530_14,38b5f02cd5d24d21925210e9f139592b,0.013,,,
1726,2026-05-29,SZ000999,-0.04596766084432602,EXP_XGBModel_Alpha158_csi300_custom_step0_s_20260530_14,38b5f02cd5d24d21925210e9f139592b,0.013,,,
1727,2026-05-29,SZ000983,0.015192771330475807,EXP_XGBModel_Alpha158_csi300_custom_step0_s_20260530_14,38b5f02cd5d24d21925210e9f139592b,0.013,,,
1728,2026-05-29,SZ000977,-0.2569180727005005,EXP_XGBModel_Alpha158_csi300_custom_step0_s_20260530_14,38b5f02cd5d24d21925210e9f139592b,0.013,,,
1729,2026-05-29,SZ002027,-0.06514853239059448,EXP_XGBModel_Alpha158_csi300_custom_step0_s_20260530_14,38b5f02cd5d24d21925210e9f139592b,0.013,,,
1730,2026-05-29,SZ002714,0.013562130741775036,EXP_XGBModel_Alpha158_csi300_custom_step0_s_20260530_14,38b5f02cd5d24d21925210e9f139592b,0.013,,,
1731,2026-05-29,SZ002252,-0.041175659745931625,EXP_XGBModel_Alpha158_csi300_custom_step0_s_20260530_14,38b5f02cd5d24d21925210e9f139592b,0.013,,,
1732,2026-05-29,SZ002311,-0.022811325266957283,EXP_XGBModel_Alpha158_csi300_custom_step0_s_20260530_14,38b5f02cd5d24d21925210e9f139592b,0.013,,,
1733,2026-05-29,SZ002648,0.21322640776634216,EXP_XGBModel_Alpha158_csi300_custom_step0_s_20260530_14,38b5f02cd5d24d21925210e9f139592b,0.013,,,
1734,2026-05-29,SZ002625,-0.09816103428602219,EXP_XGBModel_Alpha158_csi300_custom_step0_s_20260530_14,38b5f02cd5d24d21925210e9f139592b,0.013,,,
1735,2026-05-29,SZ002601,0.12429341673851013,EXP_XGBModel_Alpha158_csi300_custom_step0_s_20260530_14,38b5f02cd5d24d21925210e9f139592b,0.013,,,
1736,2026-05-29,SZ002600,-0.02797410450875759,EXP_XGBModel_Alpha158_csi300_custom_step0_s_20260530_14,38b5f02cd5d24d21925210e9f139592b,0.013,,,
1737,2026-05-29,SZ002594,-0.07206383347511292,EXP_XGBModel_Alpha158_csi300_custom_step0_s_20260530_14,38b5f02cd5d24d21925210e9f139592b,0.013,,,
1738,2026-05-29,SZ002493,0.01802695356309414,EXP_XGBModel_Alpha158_csi300_custom_step0_s_20260530_14,38b5f02cd5d24d21925210e9f139592b,0.013,,,
1739,2026-05-29,SZ002475,0.1421019583940506,EXP_XGBModel_Alpha158_csi300_custom_step0_s_20260530_14,38b5f02cd5d24d21925210e9f139592b,0.013,,,
1740,2026-05-29,SZ002304,-0.021838603541254997,EXP_XGBModel_Alpha158_csi300_custom_step0_s_20260530_14,38b5f02cd5d24d21925210e9f139592b,0.013,,,
1741,2026-05-29,SZ002466,0.1999187022447586,EXP_XGBModel_Alpha158_csi300_custom_step0_s_20260530_14,38b5f02cd5d24d21925210e9f139592b,0.013,,,
1742,2026-05-29,SZ002460,0.16493846476078033,EXP_XGBModel_Alpha158_csi300_custom_step0_s_20260530_14,38b5f02cd5d24d21925210e9f139592b,0.013,,,
1743,2026-05-29,SZ002459,0.17995117604732513,EXP_XGBModel_Alpha158_csi300_custom_step0_s_20260530_14,38b5f02cd5d24d21925210e9f139592b,0.013,,,
1744,2026-05-29,SZ002422,0.0038109305314719677,EXP_XGBModel_Alpha158_csi300_custom_step0_s_20260530_14,38b5f02cd5d24d21925210e9f139592b,0.013,,,
1745,2026-05-29,SZ002415,0.01030824240297079,EXP_XGBModel_Alpha158_csi300_custom_step0_s_20260530_14,38b5f02cd5d24d21925210e9f139592b,0.013,,,
1746,2026-05-29,SZ002384,-0.234540656208992,EXP_XGBModel_Alpha158_csi300_custom_step0_s_20260530_14,38b5f02cd5d24d21925210e9f139592b,0.013,,,
1747,2026-05-29,SZ002371,0.21919623017311096,EXP_XGBModel_Alpha158_csi300_custom_step0_s_20260530_14,38b5f02cd5d24d21925210e9f139592b,0.013,,,
1748,2026-05-29,SZ002352,-0.05354289337992668,EXP_XGBModel_Alpha158_csi300_custom_step0_s_20260530_14,38b5f02cd5d24d21925210e9f139592b,0.013,,,
1749,2026-05-29,SZ002463,-0.010398345068097115,EXP_XGBModel_Alpha158_csi300_custom_step0_s_20260530_14,38b5f02cd5d24d21925210e9f139592b,0.013,,,
1750,2026-05-29,SH601872,0.12289075553417206,EXP_XGBModel_Alpha158_csi300_custom_step0_s_20260530_14,38b5f02cd5d24d21925210e9f139592b,0.013,,,
1751,2026-05-29,SH601868,-0.00881890393793583,EXP_XGBModel_Alpha158_csi300_custom_step0_s_20260530_14,38b5f02cd5d24d21925210e9f139592b,0.013,,,
1752,2026-05-29,SH601857,-0.03341040015220642,EXP_XGBModel_Alpha158_csi300_custom_step0_s_20260530_14,38b5f02cd5d24d21925210e9f139592b,0.013,,,
1753,2026-05-29,SH600346,0.5521547198295593,EXP_XGBModel_Alpha158_csi300_custom_step0_s_20260530_14,38b5f02cd5d24d21925210e9f139592b,0.013,,,
1754,2026-05-29,SH600309,0.0791962668299675,EXP_XGBModel_Alpha158_csi300_custom_step0_s_20260530_14,38b5f02cd5d24d21925210e9f139592b,0.013,,,
1755,2026-05-29,SH600276,-0.029642315581440926,EXP_XGBModel_Alpha158_csi300_custom_step0_s_20260530_14,38b5f02cd5d24d21925210e9f139592b,0.013,,,
1756,2026-05-29,SH600233,-0.045422397553920746,EXP_XGBModel_Alpha158_csi300_custom_step0_s_20260530_14,38b5f02cd5d24d21925210e9f139592b,0.013,,,
1757,2026-05-29,SH600219,0.008964409120380878,EXP_XGBModel_Alpha158_csi300_custom_step0_s_20260530_14,38b5f02cd5d24d21925210e9f139592b,0.013,,,
1758,2026-05-29,SH600196,-0.038441792130470276,EXP_XGBModel_Alpha158_csi300_custom_step0_s_20260530_14,38b5f02cd5d24d21925210e9f139592b,0.013,,,
1759,2026-05-29,SH600188,-0.002401814330369234,EXP_XGBModel_Alpha158_csi300_custom_step0_s_20260530_14,38b5f02cd5d24d21925210e9f139592b,0.013,,,
1760,2026-05-29,SH600362,-0.010104694403707981,EXP_XGBModel_Alpha158_csi300_custom_step0_s_20260530_14,38b5f02cd5d24d21925210e9f139592b,0.013,,,
1761,2026-05-29,SH600183,-0.03069697879254818,EXP_XGBModel_Alpha158_csi300_custom_step0_s_20260530_14,38b5f02cd5d24d21925210e9f139592b,0.013,,,
1762,2026-05-29,SH600161,-0.0316188782453537,EXP_XGBModel_Alpha158_csi300_custom_step0_s_20260530_14,38b5f02cd5d24d21925210e9f139592b,0.013,,,
1763,2026-05-29,SH600160,-0.02107135020196438,EXP_XGBModel_Alpha158_csi300_custom_step0_s_20260530_14,38b5f02cd5d24d21925210e9f139592b,0.013,,,
1764,2026-05-29,SH600150,0.01030377671122551,EXP_XGBModel_Alpha158_csi300_custom_step0_s_20260530_14,38b5f02cd5d24d21925210e9f139592b,0.013,,,
1765,2026-05-29,SH600115,0.007757486775517464,EXP_XGBModel_Alpha158_csi300_custom_step0_s_20260530_14,38b5f02cd5d24d21925210e9f139592b,0.013,,,
1766,2026-05-29,SH600111,0.1233469620347023,EXP_XGBModel_Alpha158_csi300_custom_step0_s_20260530_14,38b5f02cd5d24d21925210e9f139592b,0.013,,,
1767,2026-05-29,SH600104,-0.024054689332842827,EXP_XGBModel_Alpha158_csi300_custom_step0_s_20260530_14,38b5f02cd5d24d21925210e9f139592b,0.013,,,
1768,2026-05-29,SH600089,-0.05918778106570244,EXP_XGBModel_Alpha158_csi300_custom_step0_s_20260530_14,38b5f02cd5d24d21925210e9f139592b,0.013,,,
1769,2026-05-29,SH600176,-0.11464236676692963,EXP_XGBModel_Alpha158_csi300_custom_step0_s_20260530_14,38b5f02cd5d24d21925210e9f139592b,0.013,,,
1770,2026-05-29,SH600085,0.03511170670390129,EXP_XGBModel_Alpha158_csi300_custom_step0_s_20260530_14,38b5f02cd5d24d21925210e9f139592b,0.013,,,
1771,2026-05-29,SH600372,0.21031516790390015,EXP_XGBModel_Alpha158_csi300_custom_step0_s_20260530_14,38b5f02cd5d24d21925210e9f139592b,0.013,,,
1772,2026-05-29,SH600406,-0.05528044328093529,EXP_XGBModel_Alpha158_csi300_custom_step0_s_20260530_14,38b5f02cd5d24d21925210e9f139592b,0.013,,,
1773,2026-05-29,SH600600,-0.03115084581077099,EXP_XGBModel_Alpha158_csi300_custom_step0_s_20260530_14,38b5f02cd5d24d21925210e9f139592b,0.013,,,
1774,2026-05-29,SH600588,0.09211379289627075,EXP_XGBModel_Alpha158_csi300_custom_step0_s_20260530_14,38b5f02cd5d24d21925210e9f139592b,0.013,,,
1775,2026-05-29,SH600585,-0.02964179404079914,EXP_XGBModel_Alpha158_csi300_custom_step0_s_20260530_14,38b5f02cd5d24d21925210e9f139592b,0.013,,,
1776,2026-05-29,SH600584,-1.1679164171218872,EXP_XGBModel_Alpha158_csi300_custom_step0_s_20260530_14,38b5f02cd5d24d21925210e9f139592b,0.013,,,
1777,2026-05-29,SH600570,0.07681335508823395,EXP_XGBModel_Alpha158_csi300_custom_step0_s_20260530_14,38b5f02cd5d24d21925210e9f139592b,0.013,,,
1778,2026-05-29,SH600547,0.7753157615661621,EXP_XGBModel_Alpha158_csi300_custom_step0_s_20260530_14,38b5f02cd5d24d21925210e9f139592b,0.013,,,
1779,2026-05-29,SH600522,0.055579446256160736,EXP_XGBModel_Alpha158_csi300_custom_step0_s_20260530_14,38b5f02cd5d24d21925210e9f139592b,0.013,,,
1780,2026-05-29,SH600377,0.017387134954333305,EXP_XGBModel_Alpha158_csi300_custom_step0_s_20260530_14,38b5f02cd5d24d21925210e9f139592b,0.013,,,
1781,2026-05-29,SH600519,0.002898098900914192,EXP_XGBModel_Alpha158_csi300_custom_step0_s_20260530_14,38b5f02cd5d24d21925210e9f139592b,0.013,,,
1782,2026-05-29,SH600489,0.43763992190361023,EXP_XGBModel_Alpha158_csi300_custom_step0_s_20260530_14,38b5f02cd5d24d21925210e9f139592b,0.013,,,
1783,2026-05-29,SH600482,-0.07768619805574417,EXP_XGBModel_Alpha158_csi300_custom_step0_s_20260530_14,38b5f02cd5d24d21925210e9f139592b,0.013,,,
1784,2026-05-29,SH600460,-0.460957795381546,EXP_XGBModel_Alpha158_csi300_custom_step0_s_20260530_14,38b5f02cd5d24d21925210e9f139592b,0.013,,,
1785,2026-05-29,SH600438,0.2896137237548828,EXP_XGBModel_Alpha158_csi300_custom_step0_s_20260530_14,38b5f02cd5d24d21925210e9f139592b,0.013,,,
1786,2026-05-29,SH600436,-0.019390450790524483,EXP_XGBModel_Alpha158_csi300_custom_step0_s_20260530_14,38b5f02cd5d24d21925210e9f139592b,0.013,,,
1787,2026-05-29,SH600426,0.450249582529068,EXP_XGBModel_Alpha158_csi300_custom_step0_s_20260530_14,38b5f02cd5d24d21925210e9f139592b,0.013,,,
1788,2026-05-29,SH600415,-0.006584031507372856,EXP_XGBModel_Alpha158_csi300_custom_step0_s_20260530_14,38b5f02cd5d24d21925210e9f139592b,0.013,,,
1789,2026-05-29,SH600515,-0.026009904220700264,EXP_XGBModel_Alpha158_csi300_custom_step0_s_20260530_14,38b5f02cd5d24d21925210e9f139592b,0.013,,,
1790,2026-05-29,SH600660,-0.015669042244553566,EXP_XGBModel_Alpha158_csi300_custom_step0_s_20260530_14,38b5f02cd5d24d21925210e9f139592b,0.013,,,
1791,2026-05-29,SH600066,-0.03741003945469856,EXP_XGBModel_Alpha158_csi300_custom_step0_s_20260530_14,38b5f02cd5d24d21925210e9f139592b,0.013,,,
1792,2026-05-29,SH600050,-0.03793693333864212,EXP_XGBModel_Alpha158_csi300_custom_step0_s_20260530_14,38b5f02cd5d24d21925210e9f139592b,0.013,,,
1793,2026-05-29,SZ301269,0.0012940153246745467,EXP_XGBModel_Alpha158_csi300_custom_step0_s_20260530_14,d8f04364444a4500afeecb9af1f0bdc0,0.061,,,
1794,2026-05-29,SZ301236,0.06534668803215027,EXP_XGBModel_Alpha158_csi300_custom_step0_s_20260530_14,d8f04364444a4500afeecb9af1f0bdc0,0.061,,,
1795,2026-05-29,SZ300999,0.002464582910761237,EXP_XGBModel_Alpha158_csi300_custom_step0_s_20260530_14,d8f04364444a4500afeecb9af1f0bdc0,0.061,,,
1796,2026-05-29,SZ300979,-0.019217824563384056,EXP_XGBModel_Alpha158_csi300_custom_step0_s_20260530_14,d8f04364444a4500afeecb9af1f0bdc0,0.061,,,
1797,2026-05-29,SZ300896,-0.01978471130132675,EXP_XGBModel_Alpha158_csi300_custom_step0_s_20260530_14,d8f04364444a4500afeecb9af1f0bdc0,0.061,,,
1798,2026-05-29,SZ300866,-0.030444497242569923,EXP_XGBModel_Alpha158_csi300_custom_step0_s_20260530_14,d8f04364444a4500afeecb9af1f0bdc0,0.061,,,
1799,2026-05-29,SZ300832,-0.030188918113708496,EXP_XGBModel_Alpha158_csi300_custom_step0_s_20260530_14,d8f04364444a4500afeecb9af1f0bdc0,0.061,,,
1800,2026-05-29,SZ302132,-0.05823243781924248,EXP_XGBModel_Alpha158_csi300_custom_step0_s_20260530_14,d8f04364444a4500afeecb9af1f0bdc0,0.061,,,
1801,2026-05-29,SZ300803,-0.130728617310524,EXP_XGBModel_Alpha158_csi300_custom_step0_s_20260530_14,d8f04364444a4500afeecb9af1f0bdc0,0.061,,,
1802,2026-05-29,SZ300760,0.0015652042347937822,EXP_XGBModel_Alpha158_csi300_custom_step0_s_20260530_14,d8f04364444a4500afeecb9af1f0bdc0,0.061,,,
1803,2026-05-29,SZ300759,-0.0035255751572549343,EXP_XGBModel_Alpha158_csi300_custom_step0_s_20260530_14,d8f04364444a4500afeecb9af1f0bdc0,0.061,,,
1804,2026-05-29,SZ300750,-0.02142920158803463,EXP_XGBModel_Alpha158_csi300_custom_step0_s_20260530_14,d8f04364444a4500afeecb9af1f0bdc0,0.061,,,
1805,2026-05-29,SZ300661,0.03262685239315033,EXP_XGBModel_Alpha158_csi300_custom_step0_s_20260530_14,d8f04364444a4500afeecb9af1f0bdc0,0.061,,,
1806,2026-05-29,SZ300628,0.011268501169979572,EXP_XGBModel_Alpha158_csi300_custom_step0_s_20260530_14,d8f04364444a4500afeecb9af1f0bdc0,0.061,,,
1807,2026-05-29,SZ300502,0.10287793725728989,EXP_XGBModel_Alpha158_csi300_custom_step0_s_20260530_14,d8f04364444a4500afeecb9af1f0bdc0,0.061,,,
1808,2026-05-29,SZ300498,-0.010411946102976799,EXP_XGBModel_Alpha158_csi300_custom_step0_s_20260530_14,d8f04364444a4500afeecb9af1f0bdc0,0.061,,,
1809,2026-05-29,SZ300782,0.06348469853401184,EXP_XGBModel_Alpha158_csi300_custom_step0_s_20260530_14,d8f04364444a4500afeecb9af1f0bdc0,0.061,,,
1810,2026-05-29,SH600061,-0.02340563014149666,EXP_XGBModel_Alpha158_csi300_custom_step0_s_20260530_14,38b5f02cd5d24d21925210e9f139592b,0.013,,,
1811,2026-05-29,SH600000,-0.03004232421517372,EXP_XGBModel_Alpha158_csi300_custom_step0_s_20260530_14,38b5f02cd5d24d21925210e9f139592b,0.013,,,
1812,2026-05-29,SH600010,0.1831112504005432,EXP_XGBModel_Alpha158_csi300_custom_step0_s_20260530_14,38b5f02cd5d24d21925210e9f139592b,0.013,,,
1813,2026-05-29,SH600048,0.07060807943344116,EXP_XGBModel_Alpha158_csi300_custom_step0_s_20260530_14,38b5f02cd5d24d21925210e9f139592b,0.013,,,
1814,2026-05-29,SH600039,-0.007518921047449112,EXP_XGBModel_Alpha158_csi300_custom_step0_s_20260530_14,38b5f02cd5d24d21925210e9f139592b,0.013,,,
1815,2026-05-29,SH600036,-0.0288842786103487,EXP_XGBModel_Alpha158_csi300_custom_step0_s_20260530_14,38b5f02cd5d24d21925210e9f139592b,0.013,,,
1816,2026-05-29,SH600031,0.14542663097381592,EXP_XGBModel_Alpha158_csi300_custom_step0_s_20260530_14,38b5f02cd5d24d21925210e9f139592b,0.013,,,
1817,2026-05-29,SH600030,0.029931381344795227,EXP_XGBModel_Alpha158_csi300_custom_step0_s_20260530_14,38b5f02cd5d24d21925210e9f139592b,0.013,,,
1818,2026-05-29,SH600029,0.009374069981276989,EXP_XGBModel_Alpha158_csi300_custom_step0_s_20260530_14,38b5f02cd5d24d21925210e9f139592b,0.013,,,
1819,2026-05-29,SH600028,-0.028772464022040367,EXP_XGBModel_Alpha158_csi300_custom_step0_s_20260530_14,38b5f02cd5d24d21925210e9f139592b,0.013,,,
1820,2026-05-29,SH600009,0.08541512489318848,EXP_XGBModel_Alpha158_csi300_custom_step0_s_20260530_14,38b5f02cd5d24d21925210e9f139592b,0.013,,,
1821,2026-05-29,SH600027,0.006642192602157593,EXP_XGBModel_Alpha158_csi300_custom_step0_s_20260530_14,38b5f02cd5d24d21925210e9f139592b,0.013,,,
1822,2026-05-29,SH600025,-0.009354558773338795,EXP_XGBModel_Alpha158_csi300_custom_step0_s_20260530_14,38b5f02cd5d24d21925210e9f139592b,0.013,,,
1823,2026-05-29,SH600023,-0.03079252690076828,EXP_XGBModel_Alpha158_csi300_custom_step0_s_20260530_14,38b5f02cd5d24d21925210e9f139592b,0.013,,,
1824,2026-05-29,SH600019,-0.040669847279787064,EXP_XGBModel_Alpha158_csi300_custom_step0_s_20260530_14,38b5f02cd5d24d21925210e9f139592b,0.013,,,
1825,2026-05-29,SH600018,0.022313978523015976,EXP_XGBModel_Alpha158_csi300_custom_step0_s_20260530_14,38b5f02cd5d24d21925210e9f139592b,0.013,,,
1826,2026-05-29,SH600016,-0.031732212752103806,EXP_XGBModel_Alpha158_csi300_custom_step0_s_20260530_14,38b5f02cd5d24d21925210e9f139592b,0.013,,,
1827,2026-05-29,SH600015,-0.03325485810637474,EXP_XGBModel_Alpha158_csi300_custom_step0_s_20260530_14,38b5f02cd5d24d21925210e9f139592b,0.013,,,
1828,2026-05-29,SH600011,0.2419312596321106,EXP_XGBModel_Alpha158_csi300_custom_step0_s_20260530_14,38b5f02cd5d24d21925210e9f139592b,0.013,,,
1829,2026-05-29,SH600026,0.24857310950756073,EXP_XGBModel_Alpha158_csi300_custom_step0_s_20260530_14,38b5f02cd5d24d21925210e9f139592b,0.013,,,
1830,2026-05-29,SZ003816,-0.025722818449139595,EXP_XGBModel_Alpha158_csi300_custom_step0_s_20260530_14,5847baa7992646489eb365bce4ab2627,0.044,,,
1831,2026-05-29,SH600674,-0.006541289854794741,EXP_XGBModel_Alpha158_csi300_custom_step0_s_20260530_14,38b5f02cd5d24d21925210e9f139592b,0.013,,,
1832,2026-05-29,SH600741,-8.921767584979534e-05,EXP_XGBModel_Alpha158_csi300_custom_step0_s_20260530_14,38b5f02cd5d24d21925210e9f139592b,0.013,,,
1833,2026-05-29,SH601600,-0.05740614980459213,EXP_XGBModel_Alpha158_csi300_custom_step0_s_20260530_14,38b5f02cd5d24d21925210e9f139592b,0.013,,,
1834,2026-05-29,SH601456,-0.020440181717276573,EXP_XGBModel_Alpha158_csi300_custom_step0_s_20260530_14,38b5f02cd5d24d21925210e9f139592b,0.013,,,
1835,2026-05-29,SH601398,-0.037518925964832306,EXP_XGBModel_Alpha158_csi300_custom_step0_s_20260530_14,38b5f02cd5d24d21925210e9f139592b,0.013,,,
1836,2026-05-29,SH601390,-0.04174313321709633,EXP_XGBModel_Alpha158_csi300_custom_step0_s_20260530_14,38b5f02cd5d24d21925210e9f139592b,0.013,,,
1837,2026-05-29,SH601377,-0.020176034420728683,EXP_XGBModel_Alpha158_csi300_custom_step0_s_20260530_14,38b5f02cd5d24d21925210e9f139592b,0.013,,,
1838,2026-05-29,SH601360,0.052700452506542206,EXP_XGBModel_Alpha158_csi300_custom_step0_s_20260530_14,38b5f02cd5d24d21925210e9f139592b,0.013,,,
1839,2026-05-29,SH601336,-0.033696237951517105,EXP_XGBModel_Alpha158_csi300_custom_step0_s_20260530_14,38b5f02cd5d24d21925210e9f139592b,0.013,,,
1840,2026-05-29,SH601601,-0.01660066284239292,EXP_XGBModel_Alpha158_csi300_custom_step0_s_20260530_14,38b5f02cd5d24d21925210e9f139592b,0.013,,,
1841,2026-05-29,SH601328,-0.03229264169931412,EXP_XGBModel_Alpha158_csi300_custom_step0_s_20260530_14,38b5f02cd5d24d21925210e9f139592b,0.013,,,
1842,2026-05-29,SH601318,-0.047133512794971466,EXP_XGBModel_Alpha158_csi300_custom_step0_s_20260530_14,38b5f02cd5d24d21925210e9f139592b,0.013,,,
1843,2026-05-29,SH601298,-0.0216563381254673,EXP_XGBModel_Alpha158_csi300_custom_step0_s_20260530_14,38b5f02cd5d24d21925210e9f139592b,0.013,,,
1844,2026-05-29,SH601288,-0.029557129368185997,EXP_XGBModel_Alpha158_csi300_custom_step0_s_20260530_14,38b5f02cd5d24d21925210e9f139592b,0.013,,,
1845,2026-05-29,SH601238,0.09658954292535782,EXP_XGBModel_Alpha158_csi300_custom_step0_s_20260530_14,38b5f02cd5d24d21925210e9f139592b,0.013,,,
1846,2026-05-29,SH601236,-0.05300552397966385,EXP_XGBModel_Alpha158_csi300_custom_step0_s_20260530_14,38b5f02cd5d24d21925210e9f139592b,0.013,,,
1847,2026-05-29,SH601229,-0.029728075489401817,EXP_XGBModel_Alpha158_csi300_custom_step0_s_20260530_14,38b5f02cd5d24d21925210e9f139592b,0.013,,,
1848,2026-05-29,SH601225,-0.02684464119374752,EXP_XGBModel_Alpha158_csi300_custom_step0_s_20260530_14,38b5f02cd5d24d21925210e9f139592b,0.013,,,
1849,2026-05-29,SH601319,-0.01796598546206951,EXP_XGBModel_Alpha158_csi300_custom_step0_s_20260530_14,38b5f02cd5d24d21925210e9f139592b,0.013,,,
1850,2026-05-29,SH601211,-0.03857159987092018,EXP_XGBModel_Alpha158_csi300_custom_step0_s_20260530_14,38b5f02cd5d24d21925210e9f139592b,0.013,,,
1851,2026-05-29,SH601607,-0.033071521669626236,EXP_XGBModel_Alpha158_csi300_custom_step0_s_20260530_14,38b5f02cd5d24d21925210e9f139592b,0.013,,,
1852,2026-05-29,SH601628,-0.029885463416576385,EXP_XGBModel_Alpha158_csi300_custom_step0_s_20260530_14,38b5f02cd5d24d21925210e9f139592b,0.013,,,
1853,2026-05-29,SH601838,0.006458107382059097,EXP_XGBModel_Alpha158_csi300_custom_step0_s_20260530_14,38b5f02cd5d24d21925210e9f139592b,0.013,,,
1854,2026-05-29,SH601825,-0.03608031943440437,EXP_XGBModel_Alpha158_csi300_custom_step0_s_20260530_14,38b5f02cd5d24d21925210e9f139592b,0.013,,,
1855,2026-05-29,SH601818,-0.036637429147958755,EXP_XGBModel_Alpha158_csi300_custom_step0_s_20260530_14,38b5f02cd5d24d21925210e9f139592b,0.013,,,
1856,2026-05-29,SH601816,-0.00764454947784543,EXP_XGBModel_Alpha158_csi300_custom_step0_s_20260530_14,38b5f02cd5d24d21925210e9f139592b,0.013,,,
1857,2026-05-29,SH601808,-0.015025814063847065,EXP_XGBModel_Alpha158_csi300_custom_step0_s_20260530_14,38b5f02cd5d24d21925210e9f139592b,0.013,,,
1858,2026-05-29,SH601800,-0.06194119155406952,EXP_XGBModel_Alpha158_csi300_custom_step0_s_20260530_14,38b5f02cd5d24d21925210e9f139592b,0.013,,,
1859,2026-05-29,SH601788,-0.02896631881594658,EXP_XGBModel_Alpha158_csi300_custom_step0_s_20260530_14,38b5f02cd5d24d21925210e9f139592b,0.013,,,
1860,2026-05-29,SH601618,-0.03917530179023743,EXP_XGBModel_Alpha158_csi300_custom_step0_s_20260530_14,38b5f02cd5d24d21925210e9f139592b,0.013,,,
1861,2026-05-29,SH601766,-0.03562330827116966,EXP_XGBModel_Alpha158_csi300_custom_step0_s_20260530_14,38b5f02cd5d24d21925210e9f139592b,0.013,,,
1862,2026-05-29,SH601698,0.34051740169525146,EXP_XGBModel_Alpha158_csi300_custom_step0_s_20260530_14,38b5f02cd5d24d21925210e9f139592b,0.013,,,
1863,2026-05-29,SH601689,-0.07350499927997589,EXP_XGBModel_Alpha158_csi300_custom_step0_s_20260530_14,38b5f02cd5d24d21925210e9f139592b,0.013,,,
1864,2026-05-29,SH601688,-0.02858242765069008,EXP_XGBModel_Alpha158_csi300_custom_step0_s_20260530_14,38b5f02cd5d24d21925210e9f139592b,0.013,,,
1865,2026-05-29,SH601669,-0.03227861970663071,EXP_XGBModel_Alpha158_csi300_custom_step0_s_20260530_14,38b5f02cd5d24d21925210e9f139592b,0.013,,,
1866,2026-05-29,SH601668,-0.021863587200641632,EXP_XGBModel_Alpha158_csi300_custom_step0_s_20260530_14,38b5f02cd5d24d21925210e9f139592b,0.013,,,
1867,2026-05-29,SH601658,-0.023280713707208633,EXP_XGBModel_Alpha158_csi300_custom_step0_s_20260530_14,38b5f02cd5d24d21925210e9f139592b,0.013,,,
1868,2026-05-29,SH601633,0.19993740320205688,EXP_XGBModel_Alpha158_csi300_custom_step0_s_20260530_14,38b5f02cd5d24d21925210e9f139592b,0.013,,,
1869,2026-05-29,SH601728,-0.0372665673494339,EXP_XGBModel_Alpha158_csi300_custom_step0_s_20260530_14,38b5f02cd5d24d21925210e9f139592b,0.013,,,
1870,2026-05-29,SH600690,-0.032791972160339355,EXP_XGBModel_Alpha158_csi300_custom_step0_s_20260530_14,38b5f02cd5d24d21925210e9f139592b,0.013,,,
1871,2026-05-29,SH601186,-0.041733305901288986,EXP_XGBModel_Alpha158_csi300_custom_step0_s_20260530_14,38b5f02cd5d24d21925210e9f139592b,0.013,,,
1872,2026-05-29,SH601166,-0.00274835922755301,EXP_XGBModel_Alpha158_csi300_custom_step0_s_20260530_14,38b5f02cd5d24d21925210e9f139592b,0.013,,,
1873,2026-05-29,SH600938,-0.008599746972322464,EXP_XGBModel_Alpha158_csi300_custom_step0_s_20260530_14,38b5f02cd5d24d21925210e9f139592b,0.013,,,
1874,2026-05-29,SH600930,0.03596092760562897,EXP_XGBModel_Alpha158_csi300_custom_step0_s_20260530_14,38b5f02cd5d24d21925210e9f139592b,0.013,,,
1875,2026-05-29,SH600926,-0.0355025976896286,EXP_XGBModel_Alpha158_csi300_custom_step0_s_20260530_14,38b5f02cd5d24d21925210e9f139592b,0.013,,,
1876,2026-05-29,SH600919,-0.015611186623573303,EXP_XGBModel_Alpha158_csi300_custom_step0_s_20260530_14,38b5f02cd5d24d21925210e9f139592b,0.013,,,
1877,2026-05-29,SH600918,-0.03534448891878128,EXP_XGBModel_Alpha158_csi300_custom_step0_s_20260530_14,38b5f02cd5d24d21925210e9f139592b,0.013,,,
1878,2026-05-29,SH600905,-0.006996274460107088,EXP_XGBModel_Alpha158_csi300_custom_step0_s_20260530_14,38b5f02cd5d24d21925210e9f139592b,0.013,,,
1879,2026-05-29,SH600900,-0.04410512000322342,EXP_XGBModel_Alpha158_csi300_custom_step0_s_20260530_14,38b5f02cd5d24d21925210e9f139592b,0.013,,,
1880,2026-05-29,SH600941,0.015750493854284286,EXP_XGBModel_Alpha158_csi300_custom_step0_s_20260530_14,38b5f02cd5d24d21925210e9f139592b,0.013,,,
1881,2026-05-29,SH600893,0.18160660564899445,EXP_XGBModel_Alpha158_csi300_custom_step0_s_20260530_14,38b5f02cd5d24d21925210e9f139592b,0.013,,,
1882,2026-05-29,SH600886,-0.0004763712640851736,EXP_XGBModel_Alpha158_csi300_custom_step0_s_20260530_14,38b5f02cd5d24d21925210e9f139592b,0.013,,,
1883,2026-05-29,SH600875,0.04980948567390442,EXP_XGBModel_Alpha158_csi300_custom_step0_s_20260530_14,38b5f02cd5d24d21925210e9f139592b,0.013,,,
1884,2026-05-29,SH600845,0.028702782467007637,EXP_XGBModel_Alpha158_csi300_custom_step0_s_20260530_14,38b5f02cd5d24d21925210e9f139592b,0.013,,,
1885,2026-05-29,SH600809,0.02048683725297451,EXP_XGBModel_Alpha158_csi300_custom_step0_s_20260530_14,38b5f02cd5d24d21925210e9f139592b,0.013,,,
1886,2026-05-29,SH600803,-0.038145288825035095,EXP_XGBModel_Alpha158_csi300_custom_step0_s_20260530_14,38b5f02cd5d24d21925210e9f139592b,0.013,,,
1887,2026-05-29,SH600795,0.015916261821985245,EXP_XGBModel_Alpha158_csi300_custom_step0_s_20260530_14,38b5f02cd5d24d21925210e9f139592b,0.013,,,
1888,2026-05-29,SH600760,0.051512375473976135,EXP_XGBModel_Alpha158_csi300_custom_step0_s_20260530_14,38b5f02cd5d24d21925210e9f139592b,0.013,,,
1889,2026-05-29,SH600887,0.0018418887630105019,EXP_XGBModel_Alpha158_csi300_custom_step0_s_20260530_14,38b5f02cd5d24d21925210e9f139592b,0.013,,,
1890,2026-05-29,SH601169,-0.012117773294448853,EXP_XGBModel_Alpha158_csi300_custom_step0_s_20260530_14,38b5f02cd5d24d21925210e9f139592b,0.013,,,
1891,2026-05-29,SH600958,-0.008354652673006058,EXP_XGBModel_Alpha158_csi300_custom_step0_s_20260530_14,38b5f02cd5d24d21925210e9f139592b,0.013,,,
1892,2026-05-29,SH600999,0.04326611012220383,EXP_XGBModel_Alpha158_csi300_custom_step0_s_20260530_14,38b5f02cd5d24d21925210e9f139592b,0.013,,,
1893,2026-05-29,SH601138,-0.24695762991905212,EXP_XGBModel_Alpha158_csi300_custom_step0_s_20260530_14,38b5f02cd5d24d21925210e9f139592b,0.013,,,
1894,2026-05-29,SH601136,-0.03164128586649895,EXP_XGBModel_Alpha158_csi300_custom_step0_s_20260530_14,38b5f02cd5d24d21925210e9f139592b,0.013,,,
1895,2026-05-29,SH601127,-0.032263606786727905,EXP_XGBModel_Alpha158_csi300_custom_step0_s_20260530_14,38b5f02cd5d24d21925210e9f139592b,0.013,,,
1896,2026-05-29,SH601117,-0.04261846840381622,EXP_XGBModel_Alpha158_csi300_custom_step0_s_20260530_14,38b5f02cd5d24d21925210e9f139592b,0.013,,,
1897,2026-05-29,SH601111,0.03198174759745598,EXP_XGBModel_Alpha158_csi300_custom_step0_s_20260530_14,38b5f02cd5d24d21925210e9f139592b,0.013,,,
1898,2026-05-29,SH601100,-0.02394556999206543,EXP_XGBModel_Alpha158_csi300_custom_step0_s_20260530_14,38b5f02cd5d24d21925210e9f139592b,0.013,,,
1899,2026-05-29,SH601088,-0.029376886785030365,EXP_XGBModel_Alpha158_csi300_custom_step0_s_20260530_14,38b5f02cd5d24d21925210e9f139592b,0.013,,,
1900,2026-05-29,SH600989,0.4047071933746338,EXP_XGBModel_Alpha158_csi300_custom_step0_s_20260530_14,38b5f02cd5d24d21925210e9f139592b,0.013,,,
1901,2026-05-29,SH601077,-0.04418468847870827,EXP_XGBModel_Alpha158_csi300_custom_step0_s_20260530_14,38b5f02cd5d24d21925210e9f139592b,0.013,,,
1902,2026-05-29,SH601059,0.0002353671588934958,EXP_XGBModel_Alpha158_csi300_custom_step0_s_20260530_14,38b5f02cd5d24d21925210e9f139592b,0.013,,,
1903,2026-05-29,SH601058,-0.01823967508971691,EXP_XGBModel_Alpha158_csi300_custom_step0_s_20260530_14,38b5f02cd5d24d21925210e9f139592b,0.013,,,
1904,2026-05-29,SH601021,-0.0036749409046024084,EXP_XGBModel_Alpha158_csi300_custom_step0_s_20260530_14,38b5f02cd5d24d21925210e9f139592b,0.013,,,
1905,2026-05-29,SH601018,-0.031361039727926254,EXP_XGBModel_Alpha158_csi300_custom_step0_s_20260530_14,38b5f02cd5d24d21925210e9f139592b,0.013,,,
1906,2026-05-29,SH601012,0.08323027938604355,EXP_XGBModel_Alpha158_csi300_custom_step0_s_20260530_14,38b5f02cd5d24d21925210e9f139592b,0.013,,,
1907,2026-05-29,SH601009,-0.039232898503541946,EXP_XGBModel_Alpha158_csi300_custom_step0_s_20260530_14,38b5f02cd5d24d21925210e9f139592b,0.013,,,
1908,2026-05-29,SH601006,-0.04104723781347275,EXP_XGBModel_Alpha158_csi300_custom_step0_s_20260530_14,38b5f02cd5d24d21925210e9f139592b,0.013,,,
1909,2026-05-29,SH601066,-0.07698969542980194,EXP_XGBModel_Alpha158_csi300_custom_step0_s_20260530_14,38b5f02cd5d24d21925210e9f139592b,0.013,,,
1910,2026-05-29,SZ002938,0.002765923272818327,EXP_XGBModel_Alpha158_csi300_custom_step0_s_20260530_14,5847baa7992646489eb365bce4ab2627,0.044,,,
1911,2026-05-29,SZ002920,-0.008568013086915016,EXP_XGBModel_Alpha158_csi300_custom_step0_s_20260530_14,5847baa7992646489eb365bce4ab2627,0.044,,,
1912,2026-05-29,SZ002916,-0.07866556942462921,EXP_XGBModel_Alpha158_csi300_custom_step0_s_20260530_14,5847baa7992646489eb365bce4ab2627,0.044,,,
1913,2026-05-29,SH601872,-0.061570633202791214,EXP_LinearModel_Alpha158_csi300_custom_step0_s_20260530_14,11954a32eaad4fdc8ce18a4edd1fb6cc,0.045,,,
1914,2026-05-29,SH601868,0.018832579255104065,EXP_LinearModel_Alpha158_csi300_custom_step0_s_20260530_14,11954a32eaad4fdc8ce18a4edd1fb6cc,0.045,,,
1915,2026-05-29,SH601857,0.10061977058649063,EXP_LinearModel_Alpha158_csi300_custom_step0_s_20260530_14,11954a32eaad4fdc8ce18a4edd1fb6cc,0.045,,,
1916,2026-05-29,SH601838,-0.008109703660011292,EXP_LinearModel_Alpha158_csi300_custom_step0_s_20260530_14,11954a32eaad4fdc8ce18a4edd1fb6cc,0.045,,,
1917,2026-05-29,SH601825,-0.027560438960790634,EXP_LinearModel_Alpha158_csi300_custom_step0_s_20260530_14,11954a32eaad4fdc8ce18a4edd1fb6cc,0.045,,,
1918,2026-05-29,SH601818,-0.02078697830438614,EXP_LinearModel_Alpha158_csi300_custom_step0_s_20260530_14,11954a32eaad4fdc8ce18a4edd1fb6cc,0.045,,,
1919,2026-05-29,SH601816,-0.12252495437860489,EXP_LinearModel_Alpha158_csi300_custom_step0_s_20260530_14,11954a32eaad4fdc8ce18a4edd1fb6cc,0.045,,,
1920,2026-05-29,SH601808,0.06615961343050003,EXP_LinearModel_Alpha158_csi300_custom_step0_s_20260530_14,11954a32eaad4fdc8ce18a4edd1fb6cc,0.045,,,
1921,2026-05-29,SH601800,-0.020310431718826294,EXP_LinearModel_Alpha158_csi300_custom_step0_s_20260530_14,11954a32eaad4fdc8ce18a4edd1fb6cc,0.045,,,
1922,2026-05-29,SH601788,0.0314938947558403,EXP_LinearModel_Alpha158_csi300_custom_step0_s_20260530_14,11954a32eaad4fdc8ce18a4edd1fb6cc,0.045,,,
1923,2026-05-29,SH601766,-0.1429978460073471,EXP_LinearModel_Alpha158_csi300_custom_step0_s_20260530_14,11954a32eaad4fdc8ce18a4edd1fb6cc,0.045,,,
1924,2026-05-29,SH601728,-0.16480867564678192,EXP_LinearModel_Alpha158_csi300_custom_step0_s_20260530_14,11954a32eaad4fdc8ce18a4edd1fb6cc,0.045,,,
1925,2026-05-29,SH601698,-0.03473341464996338,EXP_LinearModel_Alpha158_csi300_custom_step0_s_20260530_14,11954a32eaad4fdc8ce18a4edd1fb6cc,0.045,,,
1926,2026-05-29,SH601689,0.02265360578894615,EXP_LinearModel_Alpha158_csi300_custom_step0_s_20260530_14,11954a32eaad4fdc8ce18a4edd1fb6cc,0.045,,,
1927,2026-05-29,SH601688,0.03358941152691841,EXP_LinearModel_Alpha158_csi300_custom_step0_s_20260530_14,11954a32eaad4fdc8ce18a4edd1fb6cc,0.045,,,
1928,2026-05-29,SH601877,0.0011264631757512689,EXP_LinearModel_Alpha158_csi300_custom_step0_s_20260530_14,11954a32eaad4fdc8ce18a4edd1fb6cc,0.045,,,
1929,2026-05-29,SH601878,0.04638290032744408,EXP_LinearModel_Alpha158_csi300_custom_step0_s_20260530_14,11954a32eaad4fdc8ce18a4edd1fb6cc,0.045,,,
1930,2026-05-29,SH601881,0.05604585260152817,EXP_LinearModel_Alpha158_csi300_custom_step0_s_20260530_14,11954a32eaad4fdc8ce18a4edd1fb6cc,0.045,,,
1931,2026-05-29,SH601888,0.007335146889090538,EXP_LinearModel_Alpha158_csi300_custom_step0_s_20260530_14,11954a32eaad4fdc8ce18a4edd1fb6cc,0.045,,,
1932,2026-05-29,SH603296,-0.24289654195308685,EXP_LinearModel_Alpha158_csi300_custom_step0_s_20260530_14,11954a32eaad4fdc8ce18a4edd1fb6cc,0.045,,,
1933,2026-05-29,SH603288,-0.06186414882540703,EXP_LinearModel_Alpha158_csi300_custom_step0_s_20260530_14,11954a32eaad4fdc8ce18a4edd1fb6cc,0.045,,,
1934,2026-05-29,SH603260,0.059225600212812424,EXP_LinearModel_Alpha158_csi300_custom_step0_s_20260530_14,11954a32eaad4fdc8ce18a4edd1fb6cc,0.045,,,
1935,2026-05-29,SH603259,0.06169284135103226,EXP_LinearModel_Alpha158_csi300_custom_step0_s_20260530_14,11954a32eaad4fdc8ce18a4edd1fb6cc,0.045,,,
1936,2026-05-29,SH603195,0.004603160545229912,EXP_LinearModel_Alpha158_csi300_custom_step0_s_20260530_14,11954a32eaad4fdc8ce18a4edd1fb6cc,0.045,,,
1937,2026-05-29,SH603019,-0.14761567115783691,EXP_LinearModel_Alpha158_csi300_custom_step0_s_20260530_14,11954a32eaad4fdc8ce18a4edd1fb6cc,0.045,,,
1938,2026-05-29,SH601998,-0.08004068583250046,EXP_LinearModel_Alpha158_csi300_custom_step0_s_20260530_14,11954a32eaad4fdc8ce18a4edd1fb6cc,0.045,,,
1939,2026-05-29,SH601669,0.05844657123088837,EXP_LinearModel_Alpha158_csi300_custom_step0_s_20260530_14,11954a32eaad4fdc8ce18a4edd1fb6cc,0.045,,,
1940,2026-05-29,SH601995,-0.00020171829964965582,EXP_LinearModel_Alpha158_csi300_custom_step0_s_20260530_14,11954a32eaad4fdc8ce18a4edd1fb6cc,0.045,,,
1941,2026-05-29,SH601985,-0.00449150986969471,EXP_LinearModel_Alpha158_csi300_custom_step0_s_20260530_14,11954a32eaad4fdc8ce18a4edd1fb6cc,0.045,,,
1942,2026-05-29,SH601939,0.05339754372835159,EXP_LinearModel_Alpha158_csi300_custom_step0_s_20260530_14,11954a32eaad4fdc8ce18a4edd1fb6cc,0.045,,,
1943,2026-05-29,SH601919,-0.08377104997634888,EXP_LinearModel_Alpha158_csi300_custom_step0_s_20260530_14,11954a32eaad4fdc8ce18a4edd1fb6cc,0.045,,,
1944,2026-05-29,SH601916,-0.0358913317322731,EXP_LinearModel_Alpha158_csi300_custom_step0_s_20260530_14,11954a32eaad4fdc8ce18a4edd1fb6cc,0.045,,,
1945,2026-05-29,SH601901,-0.019284697249531746,EXP_LinearModel_Alpha158_csi300_custom_step0_s_20260530_14,11954a32eaad4fdc8ce18a4edd1fb6cc,0.045,,,
1946,2026-05-29,SH601899,-0.027628213167190552,EXP_LinearModel_Alpha158_csi300_custom_step0_s_20260530_14,11954a32eaad4fdc8ce18a4edd1fb6cc,0.045,,,
1947,2026-05-29,SH601898,0.11826630681753159,EXP_LinearModel_Alpha158_csi300_custom_step0_s_20260530_14,11954a32eaad4fdc8ce18a4edd1fb6cc,0.045,,,
1948,2026-05-29,SH601988,0.0030489482451230288,EXP_LinearModel_Alpha158_csi300_custom_step0_s_20260530_14,11954a32eaad4fdc8ce18a4edd1fb6cc,0.045,,,
1949,2026-05-29,SH601668,-0.02630023844540119,EXP_LinearModel_Alpha158_csi300_custom_step0_s_20260530_14,11954a32eaad4fdc8ce18a4edd1fb6cc,0.045,,,
1950,2026-05-29,SH601658,-0.0016112237935885787,EXP_LinearModel_Alpha158_csi300_custom_step0_s_20260530_14,11954a32eaad4fdc8ce18a4edd1fb6cc,0.045,,,
1951,2026-05-29,SH601633,-0.14921051263809204,EXP_LinearModel_Alpha158_csi300_custom_step0_s_20260530_14,11954a32eaad4fdc8ce18a4edd1fb6cc,0.045,,,
1952,2026-05-29,SH601211,-0.015249406918883324,EXP_LinearModel_Alpha158_csi300_custom_step0_s_20260530_14,11954a32eaad4fdc8ce18a4edd1fb6cc,0.045,,,
1953,2026-05-29,SH601186,-0.015932029113173485,EXP_LinearModel_Alpha158_csi300_custom_step0_s_20260530_14,11954a32eaad4fdc8ce18a4edd1fb6cc,0.045,,,
1954,2026-05-29,SH601169,-0.12939611077308655,EXP_LinearModel_Alpha158_csi300_custom_step0_s_20260530_14,11954a32eaad4fdc8ce18a4edd1fb6cc,0.045,,,
1955,2026-05-29,SH601166,-0.04271809384226799,EXP_LinearModel_Alpha158_csi300_custom_step0_s_20260530_14,11954a32eaad4fdc8ce18a4edd1fb6cc,0.045,,,
1956,2026-05-29,SH601138,-0.18142369389533997,EXP_LinearModel_Alpha158_csi300_custom_step0_s_20260530_14,11954a32eaad4fdc8ce18a4edd1fb6cc,0.045,,,
1957,2026-05-29,SH601136,-0.054162055253982544,EXP_LinearModel_Alpha158_csi300_custom_step0_s_20260530_14,11954a32eaad4fdc8ce18a4edd1fb6cc,0.045,,,
1958,2026-05-29,SH601127,-0.036717139184474945,EXP_LinearModel_Alpha158_csi300_custom_step0_s_20260530_14,11954a32eaad4fdc8ce18a4edd1fb6cc,0.045,,,
1959,2026-05-29,SH601225,-0.029424861073493958,EXP_LinearModel_Alpha158_csi300_custom_step0_s_20260530_14,11954a32eaad4fdc8ce18a4edd1fb6cc,0.045,,,
1960,2026-05-29,SH601117,0.05273563414812088,EXP_LinearModel_Alpha158_csi300_custom_step0_s_20260530_14,11954a32eaad4fdc8ce18a4edd1fb6cc,0.045,,,
1961,2026-05-29,SH601100,0.22178541123867035,EXP_LinearModel_Alpha158_csi300_custom_step0_s_20260530_14,11954a32eaad4fdc8ce18a4edd1fb6cc,0.045,,,
1962,2026-05-29,SH601088,0.008229697123169899,EXP_LinearModel_Alpha158_csi300_custom_step0_s_20260530_14,11954a32eaad4fdc8ce18a4edd1fb6cc,0.045,,,
1963,2026-05-29,SH601077,-0.09560848027467728,EXP_LinearModel_Alpha158_csi300_custom_step0_s_20260530_14,11954a32eaad4fdc8ce18a4edd1fb6cc,0.045,,,
1964,2026-05-29,SH601066,0.152598574757576,EXP_LinearModel_Alpha158_csi300_custom_step0_s_20260530_14,11954a32eaad4fdc8ce18a4edd1fb6cc,0.045,,,
1965,2026-05-29,SH601059,0.04533988982439041,EXP_LinearModel_Alpha158_csi300_custom_step0_s_20260530_14,11954a32eaad4fdc8ce18a4edd1fb6cc,0.045,,,
1966,2026-05-29,SH601058,-0.027720892801880836,EXP_LinearModel_Alpha158_csi300_custom_step0_s_20260530_14,11954a32eaad4fdc8ce18a4edd1fb6cc,0.045,,,
1967,2026-05-29,SH601021,0.06303422152996063,EXP_LinearModel_Alpha158_csi300_custom_step0_s_20260530_14,11954a32eaad4fdc8ce18a4edd1fb6cc,0.045,,,
1968,2026-05-29,SH601111,-0.032983966171741486,EXP_LinearModel_Alpha158_csi300_custom_step0_s_20260530_14,11954a32eaad4fdc8ce18a4edd1fb6cc,0.045,,,
1969,2026-05-29,SH603369,0.20422978699207306,EXP_LinearModel_Alpha158_csi300_custom_step0_s_20260530_14,11954a32eaad4fdc8ce18a4edd1fb6cc,0.045,,,
1970,2026-05-29,SH601229,-0.018076851963996887,EXP_LinearModel_Alpha158_csi300_custom_step0_s_20260530_14,11954a32eaad4fdc8ce18a4edd1fb6cc,0.045,,,
1971,2026-05-29,SH601238,-0.04314307123422623,EXP_LinearModel_Alpha158_csi300_custom_step0_s_20260530_14,11954a32eaad4fdc8ce18a4edd1fb6cc,0.045,,,
1972,2026-05-29,SH601628,0.011473393067717552,EXP_LinearModel_Alpha158_csi300_custom_step0_s_20260530_14,11954a32eaad4fdc8ce18a4edd1fb6cc,0.045,,,
1973,2026-05-29,SH601618,-0.008630272001028061,EXP_LinearModel_Alpha158_csi300_custom_step0_s_20260530_14,11954a32eaad4fdc8ce18a4edd1fb6cc,0.045,,,
1974,2026-05-29,SH601607,-0.00998454075306654,EXP_LinearModel_Alpha158_csi300_custom_step0_s_20260530_14,11954a32eaad4fdc8ce18a4edd1fb6cc,0.045,,,
1975,2026-05-29,SH601601,-0.052609607577323914,EXP_LinearModel_Alpha158_csi300_custom_step0_s_20260530_14,11954a32eaad4fdc8ce18a4edd1fb6cc,0.045,,,
1976,2026-05-29,SH601600,0.07921276986598969,EXP_LinearModel_Alpha158_csi300_custom_step0_s_20260530_14,11954a32eaad4fdc8ce18a4edd1fb6cc,0.045,,,
1977,2026-05-29,SH601456,0.05476760491728783,EXP_LinearModel_Alpha158_csi300_custom_step0_s_20260530_14,11954a32eaad4fdc8ce18a4edd1fb6cc,0.045,,,
1978,2026-05-29,SH601398,-0.053062256425619125,EXP_LinearModel_Alpha158_csi300_custom_step0_s_20260530_14,11954a32eaad4fdc8ce18a4edd1fb6cc,0.045,,,
1979,2026-05-29,SH601236,-0.010531030595302582,EXP_LinearModel_Alpha158_csi300_custom_step0_s_20260530_14,11954a32eaad4fdc8ce18a4edd1fb6cc,0.045,,,
1980,2026-05-29,SH601390,0.024803858250379562,EXP_LinearModel_Alpha158_csi300_custom_step0_s_20260530_14,11954a32eaad4fdc8ce18a4edd1fb6cc,0.045,,,
1981,2026-05-29,SH601360,-0.0802028551697731,EXP_LinearModel_Alpha158_csi300_custom_step0_s_20260530_14,11954a32eaad4fdc8ce18a4edd1fb6cc,0.045,,,
1982,2026-05-29,SH601336,0.0820879340171814,EXP_LinearModel_Alpha158_csi300_custom_step0_s_20260530_14,11954a32eaad4fdc8ce18a4edd1fb6cc,0.045,,,
1983,2026-05-29,SH601328,-0.06452052295207977,EXP_LinearModel_Alpha158_csi300_custom_step0_s_20260530_14,11954a32eaad4fdc8ce18a4edd1fb6cc,0.045,,,
1984,2026-05-29,SH601319,0.023569917306303978,EXP_LinearModel_Alpha158_csi300_custom_step0_s_20260530_14,11954a32eaad4fdc8ce18a4edd1fb6cc,0.045,,,
1985,2026-05-29,SH601318,-0.002213875064626336,EXP_LinearModel_Alpha158_csi300_custom_step0_s_20260530_14,11954a32eaad4fdc8ce18a4edd1fb6cc,0.045,,,
1986,2026-05-29,SH601298,0.038171108812093735,EXP_LinearModel_Alpha158_csi300_custom_step0_s_20260530_14,11954a32eaad4fdc8ce18a4edd1fb6cc,0.045,,,
1987,2026-05-29,SH601288,-0.014810466207563877,EXP_LinearModel_Alpha158_csi300_custom_step0_s_20260530_14,11954a32eaad4fdc8ce18a4edd1fb6cc,0.045,,,
1988,2026-05-29,SH601377,0.0960969403386116,EXP_LinearModel_Alpha158_csi300_custom_step0_s_20260530_14,11954a32eaad4fdc8ce18a4edd1fb6cc,0.045,,,
1989,2026-05-29,SH603392,-0.02832929603755474,EXP_LinearModel_Alpha158_csi300_custom_step0_s_20260530_14,11954a32eaad4fdc8ce18a4edd1fb6cc,0.045,,,
1990,2026-05-29,SH603501,-0.02959686890244484,EXP_LinearModel_Alpha158_csi300_custom_step0_s_20260530_14,11954a32eaad4fdc8ce18a4edd1fb6cc,0.045,,,
1991,2026-05-29,SH603799,0.10214084386825562,EXP_LinearModel_Alpha158_csi300_custom_step0_s_20260530_14,11954a32eaad4fdc8ce18a4edd1fb6cc,0.045,,,
1992,2026-05-29,SZ000975,-0.12013477087020874,EXP_LinearModel_Alpha158_csi300_custom_step0_s_20260530_14,11954a32eaad4fdc8ce18a4edd1fb6cc,0.045,,,
1993,2026-05-29,SZ000963,-0.048606026917696,EXP_LinearModel_Alpha158_csi300_custom_step0_s_20260530_14,11954a32eaad4fdc8ce18a4edd1fb6cc,0.045,,,
1994,2026-05-29,SZ000938,-0.03813036158680916,EXP_LinearModel_Alpha158_csi300_custom_step0_s_20260530_14,11954a32eaad4fdc8ce18a4edd1fb6cc,0.045,,,
1995,2026-05-29,SZ000895,0.08480586111545563,EXP_LinearModel_Alpha158_csi300_custom_step0_s_20260530_14,11954a32eaad4fdc8ce18a4edd1fb6cc,0.045,,,
1996,2026-05-29,SZ000876,0.07151557505130768,EXP_LinearModel_Alpha158_csi300_custom_step0_s_20260530_14,11954a32eaad4fdc8ce18a4edd1fb6cc,0.045,,,
1997,2026-05-29,SZ000858,-0.05687214434146881,EXP_LinearModel_Alpha158_csi300_custom_step0_s_20260530_14,11954a32eaad4fdc8ce18a4edd1fb6cc,0.045,,,
1998,2026-05-29,SZ000807,0.04075188189744949,EXP_LinearModel_Alpha158_csi300_custom_step0_s_20260530_14,11954a32eaad4fdc8ce18a4edd1fb6cc,0.045,,,
1999,2026-05-29,SZ000977,-0.3700873851776123,EXP_LinearModel_Alpha158_csi300_custom_step0_s_20260530_14,11954a32eaad4fdc8ce18a4edd1fb6cc,0.045,,,
2000,2026-05-29,SZ000792,0.085523322224617,EXP_LinearModel_Alpha158_csi300_custom_step0_s_20260530_14,11954a32eaad4fdc8ce18a4edd1fb6cc,0.045,,,
2001,2026-05-29,SZ000776,0.057519927620887756,EXP_LinearModel_Alpha158_csi300_custom_step0_s_20260530_14,11954a32eaad4fdc8ce18a4edd1fb6cc,0.045,,,
2002,2026-05-29,SZ000768,0.034427572041749954,EXP_LinearModel_Alpha158_csi300_custom_step0_s_20260530_14,11954a32eaad4fdc8ce18a4edd1fb6cc,0.045,,,
2003,2026-05-29,SZ000725,-0.42434781789779663,EXP_LinearModel_Alpha158_csi300_custom_step0_s_20260530_14,11954a32eaad4fdc8ce18a4edd1fb6cc,0.045,,,
2004,2026-05-29,SZ000708,0.004869770258665085,EXP_LinearModel_Alpha158_csi300_custom_step0_s_20260530_14,11954a32eaad4fdc8ce18a4edd1fb6cc,0.045,,,
2005,2026-05-29,SZ000661,-0.07107327878475189,EXP_LinearModel_Alpha158_csi300_custom_step0_s_20260530_14,11954a32eaad4fdc8ce18a4edd1fb6cc,0.045,,,
2006,2026-05-29,SZ000651,0.06495711207389832,EXP_LinearModel_Alpha158_csi300_custom_step0_s_20260530_14,11954a32eaad4fdc8ce18a4edd1fb6cc,0.045,,,
2007,2026-05-29,SZ000630,0.17855358123779297,EXP_LinearModel_Alpha158_csi300_custom_step0_s_20260530_14,11954a32eaad4fdc8ce18a4edd1fb6cc,0.045,,,
2008,2026-05-29,SZ000786,0.12502922117710114,EXP_LinearModel_Alpha158_csi300_custom_step0_s_20260530_14,11954a32eaad4fdc8ce18a4edd1fb6cc,0.045,,,
2009,2026-05-29,SZ000625,-0.04167782887816429,EXP_LinearModel_Alpha158_csi300_custom_step0_s_20260530_14,11954a32eaad4fdc8ce18a4edd1fb6cc,0.045,,,
2010,2026-05-29,SZ000983,0.08118334412574768,EXP_LinearModel_Alpha158_csi300_custom_step0_s_20260530_14,11954a32eaad4fdc8ce18a4edd1fb6cc,0.045,,,
2011,2026-05-29,SZ001391,-0.11134001612663269,EXP_LinearModel_Alpha158_csi300_custom_step0_s_20260530_14,11954a32eaad4fdc8ce18a4edd1fb6cc,0.045,,,
2012,2026-05-29,SZ002311,0.00710151344537735,EXP_LinearModel_Alpha158_csi300_custom_step0_s_20260530_14,11954a32eaad4fdc8ce18a4edd1fb6cc,0.045,,,
2013,2026-05-29,SZ002304,-0.12445369362831116,EXP_LinearModel_Alpha158_csi300_custom_step0_s_20260530_14,11954a32eaad4fdc8ce18a4edd1fb6cc,0.045,,,
2014,2026-05-29,SZ002252,0.0002732444554567337,EXP_LinearModel_Alpha158_csi300_custom_step0_s_20260530_14,11954a32eaad4fdc8ce18a4edd1fb6cc,0.045,,,
2015,2026-05-29,SZ002241,-0.08258980512619019,EXP_LinearModel_Alpha158_csi300_custom_step0_s_20260530_14,11954a32eaad4fdc8ce18a4edd1fb6cc,0.045,,,
2016,2026-05-29,SZ002236,-0.08538874238729477,EXP_LinearModel_Alpha158_csi300_custom_step0_s_20260530_14,11954a32eaad4fdc8ce18a4edd1fb6cc,0.045,,,
2017,2026-05-29,SZ002230,-0.099763423204422,EXP_LinearModel_Alpha158_csi300_custom_step0_s_20260530_14,11954a32eaad4fdc8ce18a4edd1fb6cc,0.045,,,
2018,2026-05-29,SZ002179,-0.10822062194347382,EXP_LinearModel_Alpha158_csi300_custom_step0_s_20260530_14,11954a32eaad4fdc8ce18a4edd1fb6cc,0.045,,,
2019,2026-05-29,SZ000999,-0.03761804476380348,EXP_LinearModel_Alpha158_csi300_custom_step0_s_20260530_14,11954a32eaad4fdc8ce18a4edd1fb6cc,0.045,,,
2020,2026-05-29,SZ002142,0.03595861420035362,EXP_LinearModel_Alpha158_csi300_custom_step0_s_20260530_14,11954a32eaad4fdc8ce18a4edd1fb6cc,0.045,,,
2021,2026-05-29,SZ002050,0.04771672189235687,EXP_LinearModel_Alpha158_csi300_custom_step0_s_20260530_14,11954a32eaad4fdc8ce18a4edd1fb6cc,0.045,,,
2022,2026-05-29,SZ002049,-0.08259023725986481,EXP_LinearModel_Alpha158_csi300_custom_step0_s_20260530_14,11954a32eaad4fdc8ce18a4edd1fb6cc,0.045,,,
2023,2026-05-29,SZ002028,-0.13321900367736816,EXP_LinearModel_Alpha158_csi300_custom_step0_s_20260530_14,11954a32eaad4fdc8ce18a4edd1fb6cc,0.045,,,
2024,2026-05-29,SZ002027,0.005018480122089386,EXP_LinearModel_Alpha158_csi300_custom_step0_s_20260530_14,11954a32eaad4fdc8ce18a4edd1fb6cc,0.045,,,
2025,2026-05-29,SZ002001,0.0659225583076477,EXP_LinearModel_Alpha158_csi300_custom_step0_s_20260530_14,11954a32eaad4fdc8ce18a4edd1fb6cc,0.045,,,
2026,2026-05-29,SZ001979,0.025106176733970642,EXP_LinearModel_Alpha158_csi300_custom_step0_s_20260530_14,11954a32eaad4fdc8ce18a4edd1fb6cc,0.045,,,
2027,2026-05-29,SZ001965,0.10315709561109543,EXP_LinearModel_Alpha158_csi300_custom_step0_s_20260530_14,11954a32eaad4fdc8ce18a4edd1fb6cc,0.045,,,
2028,2026-05-29,SZ002074,0.030502265319228172,EXP_LinearModel_Alpha158_csi300_custom_step0_s_20260530_14,11954a32eaad4fdc8ce18a4edd1fb6cc,0.045,,,
2029,2026-05-29,SH601018,-0.04534781351685524,EXP_LinearModel_Alpha158_csi300_custom_step0_s_20260530_14,11954a32eaad4fdc8ce18a4edd1fb6cc,0.045,,,
2030,2026-05-29,SZ000617,0.12910059094429016,EXP_LinearModel_Alpha158_csi300_custom_step0_s_20260530_14,11954a32eaad4fdc8ce18a4edd1fb6cc,0.045,,,
2031,2026-05-29,SZ000568,-0.0456676185131073,EXP_LinearModel_Alpha158_csi300_custom_step0_s_20260530_14,11954a32eaad4fdc8ce18a4edd1fb6cc,0.045,,,
2032,2026-05-29,SH688187,-0.15452730655670166,EXP_LinearModel_Alpha158_csi300_custom_step0_s_20260530_14,11954a32eaad4fdc8ce18a4edd1fb6cc,0.045,,,
2033,2026-05-29,SH688169,-0.16310888528823853,EXP_LinearModel_Alpha158_csi300_custom_step0_s_20260530_14,11954a32eaad4fdc8ce18a4edd1fb6cc,0.045,,,
2034,2026-05-29,SH688126,-0.3132897615432739,EXP_LinearModel_Alpha158_csi300_custom_step0_s_20260530_14,11954a32eaad4fdc8ce18a4edd1fb6cc,0.045,,,
2035,2026-05-29,SH688111,-0.008980441838502884,EXP_LinearModel_Alpha158_csi300_custom_step0_s_20260530_14,11954a32eaad4fdc8ce18a4edd1fb6cc,0.045,,,
2036,2026-05-29,SH688082,-0.377257376909256,EXP_LinearModel_Alpha158_csi300_custom_step0_s_20260530_14,11954a32eaad4fdc8ce18a4edd1fb6cc,0.045,,,
2037,2026-05-29,SH688047,-0.0766080915927887,EXP_LinearModel_Alpha158_csi300_custom_step0_s_20260530_14,11954a32eaad4fdc8ce18a4edd1fb6cc,0.045,,,
2038,2026-05-29,SH688041,-0.08062763512134552,EXP_LinearModel_Alpha158_csi300_custom_step0_s_20260530_14,11954a32eaad4fdc8ce18a4edd1fb6cc,0.045,,,
2039,2026-05-29,SH688223,-0.06577176600694656,EXP_LinearModel_Alpha158_csi300_custom_step0_s_20260530_14,11954a32eaad4fdc8ce18a4edd1fb6cc,0.045,,,
2040,2026-05-29,SH688036,-0.026899971067905426,EXP_LinearModel_Alpha158_csi300_custom_step0_s_20260530_14,11954a32eaad4fdc8ce18a4edd1fb6cc,0.045,,,
2041,2026-05-29,SH688009,-0.0945584625005722,EXP_LinearModel_Alpha158_csi300_custom_step0_s_20260530_14,11954a32eaad4fdc8ce18a4edd1fb6cc,0.045,,,
2042,2026-05-29,SH688008,0.14282362163066864,EXP_LinearModel_Alpha158_csi300_custom_step0_s_20260530_14,11954a32eaad4fdc8ce18a4edd1fb6cc,0.045,,,
2043,2026-05-29,SH605499,-0.025695931166410446,EXP_LinearModel_Alpha158_csi300_custom_step0_s_20260530_14,11954a32eaad4fdc8ce18a4edd1fb6cc,0.045,,,
2044,2026-05-29,SH605117,-0.022644339129328728,EXP_LinearModel_Alpha158_csi300_custom_step0_s_20260530_14,11954a32eaad4fdc8ce18a4edd1fb6cc,0.045,,,
2045,2026-05-29,SH603993,-0.0005518246907740831,EXP_LinearModel_Alpha158_csi300_custom_step0_s_20260530_14,11954a32eaad4fdc8ce18a4edd1fb6cc,0.045,,,
2046,2026-05-29,SH603986,-0.0830383151769638,EXP_LinearModel_Alpha158_csi300_custom_step0_s_20260530_14,11954a32eaad4fdc8ce18a4edd1fb6cc,0.045,,,
2047,2026-05-29,SH603893,-0.23710767924785614,EXP_LinearModel_Alpha158_csi300_custom_step0_s_20260530_14,11954a32eaad4fdc8ce18a4edd1fb6cc,0.045,,,
2048,2026-05-29,SH688012,0.07519307732582092,EXP_LinearModel_Alpha158_csi300_custom_step0_s_20260530_14,11954a32eaad4fdc8ce18a4edd1fb6cc,0.045,,,
2049,2026-05-29,SZ000596,0.02245485410094261,EXP_LinearModel_Alpha158_csi300_custom_step0_s_20260530_14,11954a32eaad4fdc8ce18a4edd1fb6cc,0.045,,,
2050,2026-05-29,SH688256,0.09856338053941727,EXP_LinearModel_Alpha158_csi300_custom_step0_s_20260530_14,11954a32eaad4fdc8ce18a4edd1fb6cc,0.045,,,
2051,2026-05-29,SH688303,0.07730959355831146,EXP_LinearModel_Alpha158_csi300_custom_step0_s_20260530_14,11954a32eaad4fdc8ce18a4edd1fb6cc,0.045,,,
2052,2026-05-29,SZ000538,-0.0720585361123085,EXP_LinearModel_Alpha158_csi300_custom_step0_s_20260530_14,11954a32eaad4fdc8ce18a4edd1fb6cc,0.045,,,
2053,2026-05-29,SZ000425,0.1326877623796463,EXP_LinearModel_Alpha158_csi300_custom_step0_s_20260530_14,11954a32eaad4fdc8ce18a4edd1fb6cc,0.045,,,
2054,2026-05-29,SZ000408,0.05234625190496445,EXP_LinearModel_Alpha158_csi300_custom_step0_s_20260530_14,11954a32eaad4fdc8ce18a4edd1fb6cc,0.045,,,
2055,2026-05-29,SZ000338,0.32576900720596313,EXP_LinearModel_Alpha158_csi300_custom_step0_s_20260530_14,11954a32eaad4fdc8ce18a4edd1fb6cc,0.045,,,
2056,2026-05-29,SZ000333,0.09444305300712585,EXP_LinearModel_Alpha158_csi300_custom_step0_s_20260530_14,11954a32eaad4fdc8ce18a4edd1fb6cc,0.045,,,
2057,2026-05-29,SZ000301,0.12021815776824951,EXP_LinearModel_Alpha158_csi300_custom_step0_s_20260530_14,11954a32eaad4fdc8ce18a4edd1fb6cc,0.045,,,
2058,2026-05-29,SZ000166,0.012326441705226898,EXP_LinearModel_Alpha158_csi300_custom_step0_s_20260530_14,11954a32eaad4fdc8ce18a4edd1fb6cc,0.045,,,
2059,2026-05-29,SH688271,-0.062395427376031876,EXP_LinearModel_Alpha158_csi300_custom_step0_s_20260530_14,11954a32eaad4fdc8ce18a4edd1fb6cc,0.045,,,
2060,2026-05-29,SZ000157,0.030962681397795677,EXP_LinearModel_Alpha158_csi300_custom_step0_s_20260530_14,11954a32eaad4fdc8ce18a4edd1fb6cc,0.045,,,
2061,2026-05-29,SZ000063,-0.038909971714019775,EXP_LinearModel_Alpha158_csi300_custom_step0_s_20260530_14,11954a32eaad4fdc8ce18a4edd1fb6cc,0.045,,,
2062,2026-05-29,SZ000002,0.19481916725635529,EXP_LinearModel_Alpha158_csi300_custom_step0_s_20260530_14,11954a32eaad4fdc8ce18a4edd1fb6cc,0.045,,,
2063,2026-05-29,SZ000001,-0.07833638787269592,EXP_LinearModel_Alpha158_csi300_custom_step0_s_20260530_14,11954a32eaad4fdc8ce18a4edd1fb6cc,0.045,,,
2064,2026-05-29,SH688981,-0.20621636509895325,EXP_LinearModel_Alpha158_csi300_custom_step0_s_20260530_14,11954a32eaad4fdc8ce18a4edd1fb6cc,0.045,,,
2065,2026-05-29,SH688506,0.117946095764637,EXP_LinearModel_Alpha158_csi300_custom_step0_s_20260530_14,11954a32eaad4fdc8ce18a4edd1fb6cc,0.045,,,
2066,2026-05-29,SH688472,-0.04925450682640076,EXP_LinearModel_Alpha158_csi300_custom_step0_s_20260530_14,11954a32eaad4fdc8ce18a4edd1fb6cc,0.045,,,
2067,2026-05-29,SH688396,-0.0654013380408287,EXP_LinearModel_Alpha158_csi300_custom_step0_s_20260530_14,11954a32eaad4fdc8ce18a4edd1fb6cc,0.045,,,
2068,2026-05-29,SZ000100,-0.23872138559818268,EXP_LinearModel_Alpha158_csi300_custom_step0_s_20260530_14,11954a32eaad4fdc8ce18a4edd1fb6cc,0.045,,,
2069,2026-05-29,SH601012,-0.03794779255986214,EXP_LinearModel_Alpha158_csi300_custom_step0_s_20260530_14,11954a32eaad4fdc8ce18a4edd1fb6cc,0.045,,,
2070,2026-05-29,SH601009,-0.004383159801363945,EXP_LinearModel_Alpha158_csi300_custom_step0_s_20260530_14,11954a32eaad4fdc8ce18a4edd1fb6cc,0.045,,,
2071,2026-05-29,SH601006,-0.06694824993610382,EXP_LinearModel_Alpha158_csi300_custom_step0_s_20260530_14,11954a32eaad4fdc8ce18a4edd1fb6cc,0.045,,,
2072,2026-05-29,SZ300476,-0.06576283276081085,EXP_LinearModel_Alpha158_csi300_custom_step0_s_20260530_14,2ebf0cd778a64a00b1d5cee4e2c7de16,0.03,,,
2073,2026-05-29,SZ300442,0.07066574692726135,EXP_LinearModel_Alpha158_csi300_custom_step0_s_20260530_14,2ebf0cd778a64a00b1d5cee4e2c7de16,0.03,,,
2074,2026-05-29,SZ300433,-0.11799467355012894,EXP_LinearModel_Alpha158_csi300_custom_step0_s_20260530_14,2ebf0cd778a64a00b1d5cee4e2c7de16,0.03,,,
2075,2026-05-29,SZ300418,-0.016785934567451477,EXP_LinearModel_Alpha158_csi300_custom_step0_s_20260530_14,2ebf0cd778a64a00b1d5cee4e2c7de16,0.03,,,
2076,2026-05-29,SZ300413,-0.005528191104531288,EXP_LinearModel_Alpha158_csi300_custom_step0_s_20260530_14,2ebf0cd778a64a00b1d5cee4e2c7de16,0.03,,,
2077,2026-05-29,SZ300408,-0.05501428619027138,EXP_LinearModel_Alpha158_csi300_custom_step0_s_20260530_14,2ebf0cd778a64a00b1d5cee4e2c7de16,0.03,,,
2078,2026-05-29,SZ300394,-0.08048713952302933,EXP_LinearModel_Alpha158_csi300_custom_step0_s_20260530_14,2ebf0cd778a64a00b1d5cee4e2c7de16,0.03,,,
2079,2026-05-29,SZ300498,-0.009751466102898121,EXP_LinearModel_Alpha158_csi300_custom_step0_s_20260530_14,2ebf0cd778a64a00b1d5cee4e2c7de16,0.03,,,
2080,2026-05-29,SZ300347,0.06621667742729187,EXP_LinearModel_Alpha158_csi300_custom_step0_s_20260530_14,2ebf0cd778a64a00b1d5cee4e2c7de16,0.03,,,
2081,2026-05-29,SZ300308,-0.1577974259853363,EXP_LinearModel_Alpha158_csi300_custom_step0_s_20260530_14,2ebf0cd778a64a00b1d5cee4e2c7de16,0.03,,,
2082,2026-05-29,SZ300274,0.025468122214078903,EXP_LinearModel_Alpha158_csi300_custom_step0_s_20260530_14,2ebf0cd778a64a00b1d5cee4e2c7de16,0.03,,,
2083,2026-05-29,SZ300251,0.09584365785121918,EXP_LinearModel_Alpha158_csi300_custom_step0_s_20260530_14,2ebf0cd778a64a00b1d5cee4e2c7de16,0.03,,,
2084,2026-05-29,SZ300124,0.12106487154960632,EXP_LinearModel_Alpha158_csi300_custom_step0_s_20260530_14,2ebf0cd778a64a00b1d5cee4e2c7de16,0.03,,,
2085,2026-05-29,SZ300122,-0.08632717281579971,EXP_LinearModel_Alpha158_csi300_custom_step0_s_20260530_14,2ebf0cd778a64a00b1d5cee4e2c7de16,0.03,,,
2086,2026-05-29,SZ300059,0.04076462239027023,EXP_LinearModel_Alpha158_csi300_custom_step0_s_20260530_14,2ebf0cd778a64a00b1d5cee4e2c7de16,0.03,,,
2087,2026-05-29,SZ300033,0.022496500983834267,EXP_LinearModel_Alpha158_csi300_custom_step0_s_20260530_14,2ebf0cd778a64a00b1d5cee4e2c7de16,0.03,,,
2088,2026-05-29,SZ300316,0.06480202078819275,EXP_LinearModel_Alpha158_csi300_custom_step0_s_20260530_14,2ebf0cd778a64a00b1d5cee4e2c7de16,0.03,,,
2089,2026-05-29,SZ300015,0.15800468623638153,EXP_LinearModel_Alpha158_csi300_custom_step0_s_20260530_14,2ebf0cd778a64a00b1d5cee4e2c7de16,0.03,,,
2090,2026-05-29,SZ300502,-0.14860902726650238,EXP_LinearModel_Alpha158_csi300_custom_step0_s_20260530_14,2ebf0cd778a64a00b1d5cee4e2c7de16,0.03,,,
2091,2026-05-29,SZ300661,-0.0023441545199602842,EXP_LinearModel_Alpha158_csi300_custom_step0_s_20260530_14,2ebf0cd778a64a00b1d5cee4e2c7de16,0.03,,,
2092,2026-05-29,SH600010,0.10782256722450256,EXP_LinearModel_Alpha158_csi300_custom_step0_s_20260530_14,11954a32eaad4fdc8ce18a4edd1fb6cc,0.045,,,
2093,2026-05-29,SH600009,-0.04015933722257614,EXP_LinearModel_Alpha158_csi300_custom_step0_s_20260530_14,11954a32eaad4fdc8ce18a4edd1fb6cc,0.045,,,
2094,2026-05-29,SH600000,-0.016181040555238724,EXP_LinearModel_Alpha158_csi300_custom_step0_s_20260530_14,11954a32eaad4fdc8ce18a4edd1fb6cc,0.045,,,
2095,2026-05-29,SZ302132,-0.10952001065015793,EXP_LinearModel_Alpha158_csi300_custom_step0_s_20260530_14,2ebf0cd778a64a00b1d5cee4e2c7de16,0.03,,,
2096,2026-05-29,SZ301269,-0.08524620532989502,EXP_LinearModel_Alpha158_csi300_custom_step0_s_20260530_14,2ebf0cd778a64a00b1d5cee4e2c7de16,0.03,,,
2097,2026-05-29,SZ301236,0.031814176589250565,EXP_LinearModel_Alpha158_csi300_custom_step0_s_20260530_14,2ebf0cd778a64a00b1d5cee4e2c7de16,0.03,,,
2098,2026-05-29,SZ300999,0.009806588292121887,EXP_LinearModel_Alpha158_csi300_custom_step0_s_20260530_14,2ebf0cd778a64a00b1d5cee4e2c7de16,0.03,,,
2099,2026-05-29,SZ300628,-0.032036833465099335,EXP_LinearModel_Alpha158_csi300_custom_step0_s_20260530_14,2ebf0cd778a64a00b1d5cee4e2c7de16,0.03,,,
2100,2026-05-29,SZ300979,-0.020454000681638718,EXP_LinearModel_Alpha158_csi300_custom_step0_s_20260530_14,2ebf0cd778a64a00b1d5cee4e2c7de16,0.03,,,
2101,2026-05-29,SZ300866,-0.006406133063137531,EXP_LinearModel_Alpha158_csi300_custom_step0_s_20260530_14,2ebf0cd778a64a00b1d5cee4e2c7de16,0.03,,,
2102,2026-05-29,SZ300832,0.03842456266283989,EXP_LinearModel_Alpha158_csi300_custom_step0_s_20260530_14,2ebf0cd778a64a00b1d5cee4e2c7de16,0.03,,,
2103,2026-05-29,SZ300803,0.02733481302857399,EXP_LinearModel_Alpha158_csi300_custom_step0_s_20260530_14,2ebf0cd778a64a00b1d5cee4e2c7de16,0.03,,,
2104,2026-05-29,SZ300782,0.1873071789741516,EXP_LinearModel_Alpha158_csi300_custom_step0_s_20260530_14,2ebf0cd778a64a00b1d5cee4e2c7de16,0.03,,,
2105,2026-05-29,SZ300760,-0.0025853938423097134,EXP_LinearModel_Alpha158_csi300_custom_step0_s_20260530_14,2ebf0cd778a64a00b1d5cee4e2c7de16,0.03,,,
2106,2026-05-29,SZ300759,-0.06826348602771759,EXP_LinearModel_Alpha158_csi300_custom_step0_s_20260530_14,2ebf0cd778a64a00b1d5cee4e2c7de16,0.03,,,
2107,2026-05-29,SZ300750,0.01696925051510334,EXP_LinearModel_Alpha158_csi300_custom_step0_s_20260530_14,2ebf0cd778a64a00b1d5cee4e2c7de16,0.03,,,
2108,2026-05-29,SZ300896,0.017354480922222137,EXP_LinearModel_Alpha158_csi300_custom_step0_s_20260530_14,2ebf0cd778a64a00b1d5cee4e2c7de16,0.03,,,
2109,2026-05-29,SH600011,0.042614519596099854,EXP_LinearModel_Alpha158_csi300_custom_step0_s_20260530_14,11954a32eaad4fdc8ce18a4edd1fb6cc,0.045,,,
2110,2026-05-29,SZ300014,0.05552614852786064,EXP_LinearModel_Alpha158_csi300_custom_step0_s_20260530_14,2ebf0cd778a64a00b1d5cee4e2c7de16,0.03,,,
2111,2026-05-29,SZ002938,-0.018468111753463745,EXP_LinearModel_Alpha158_csi300_custom_step0_s_20260530_14,2ebf0cd778a64a00b1d5cee4e2c7de16,0.03,,,
2112,2026-05-29,SZ002352,-0.027162320911884308,EXP_LinearModel_Alpha158_csi300_custom_step0_s_20260530_14,2ebf0cd778a64a00b1d5cee4e2c7de16,0.03,,,
2113,2026-05-29,SZ002311,-0.009558118879795074,EXP_LinearModel_Alpha158_csi300_custom_step0_s_20260530_14,2ebf0cd778a64a00b1d5cee4e2c7de16,0.03,,,
2114,2026-05-29,SZ002304,-0.0122190797701478,EXP_LinearModel_Alpha158_csi300_custom_step0_s_20260530_14,2ebf0cd778a64a00b1d5cee4e2c7de16,0.03,,,
2115,2026-05-29,SZ002252,-0.011760124936699867,EXP_LinearModel_Alpha158_csi300_custom_step0_s_20260530_14,2ebf0cd778a64a00b1d5cee4e2c7de16,0.03,,,
2116,2026-05-29,SZ002241,-0.08219421654939651,EXP_LinearModel_Alpha158_csi300_custom_step0_s_20260530_14,2ebf0cd778a64a00b1d5cee4e2c7de16,0.03,,,
2117,2026-05-29,SZ002236,-0.027696581557393074,EXP_LinearModel_Alpha158_csi300_custom_step0_s_20260530_14,2ebf0cd778a64a00b1d5cee4e2c7de16,0.03,,,
2118,2026-05-29,SZ002230,0.012344760820269585,EXP_LinearModel_Alpha158_csi300_custom_step0_s_20260530_14,2ebf0cd778a64a00b1d5cee4e2c7de16,0.03,,,
2119,2026-05-29,SZ002371,0.1831389218568802,EXP_LinearModel_Alpha158_csi300_custom_step0_s_20260530_14,2ebf0cd778a64a00b1d5cee4e2c7de16,0.03,,,
2120,2026-05-29,SZ002179,0.05628833547234535,EXP_LinearModel_Alpha158_csi300_custom_step0_s_20260530_14,2ebf0cd778a64a00b1d5cee4e2c7de16,0.03,,,
2121,2026-05-29,SZ002074,-0.021952172741293907,EXP_LinearModel_Alpha158_csi300_custom_step0_s_20260530_14,2ebf0cd778a64a00b1d5cee4e2c7de16,0.03,,,
2122,2026-05-29,SZ002050,0.15688316524028778,EXP_LinearModel_Alpha158_csi300_custom_step0_s_20260530_14,2ebf0cd778a64a00b1d5cee4e2c7de16,0.03,,,
2123,2026-05-29,SZ002049,0.041142355650663376,EXP_LinearModel_Alpha158_csi300_custom_step0_s_20260530_14,2ebf0cd778a64a00b1d5cee4e2c7de16,0.03,,,
2124,2026-05-29,SZ002028,-0.039930831640958786,EXP_LinearModel_Alpha158_csi300_custom_step0_s_20260530_14,2ebf0cd778a64a00b1d5cee4e2c7de16,0.03,,,
2125,2026-05-29,SZ002027,-0.06066344678401947,EXP_LinearModel_Alpha158_csi300_custom_step0_s_20260530_14,2ebf0cd778a64a00b1d5cee4e2c7de16,0.03,,,
2126,2026-05-29,SZ002001,0.04607682675123215,EXP_LinearModel_Alpha158_csi300_custom_step0_s_20260530_14,2ebf0cd778a64a00b1d5cee4e2c7de16,0.03,,,
2127,2026-05-29,SZ001979,0.01225876435637474,EXP_LinearModel_Alpha158_csi300_custom_step0_s_20260530_14,2ebf0cd778a64a00b1d5cee4e2c7de16,0.03,,,
2128,2026-05-29,SZ002142,0.0020867420826107264,EXP_LinearModel_Alpha158_csi300_custom_step0_s_20260530_14,2ebf0cd778a64a00b1d5cee4e2c7de16,0.03,,,
2129,2026-05-29,SZ003816,0.0659569501876831,EXP_LinearModel_Alpha158_csi300_custom_step0_s_20260530_14,2ebf0cd778a64a00b1d5cee4e2c7de16,0.03,,,
2130,2026-05-29,SZ002384,0.07018756121397018,EXP_LinearModel_Alpha158_csi300_custom_step0_s_20260530_14,2ebf0cd778a64a00b1d5cee4e2c7de16,0.03,,,
2131,2026-05-29,SZ002422,-0.043532419949769974,EXP_LinearModel_Alpha158_csi300_custom_step0_s_20260530_14,2ebf0cd778a64a00b1d5cee4e2c7de16,0.03,,,
2132,2026-05-29,SZ002920,0.0517425611615181,EXP_LinearModel_Alpha158_csi300_custom_step0_s_20260530_14,2ebf0cd778a64a00b1d5cee4e2c7de16,0.03,,,
2133,2026-05-29,SZ002916,-0.10417560487985611,EXP_LinearModel_Alpha158_csi300_custom_step0_s_20260530_14,2ebf0cd778a64a00b1d5cee4e2c7de16,0.03,,,
2134,2026-05-29,SZ002736,0.0400652177631855,EXP_LinearModel_Alpha158_csi300_custom_step0_s_20260530_14,2ebf0cd778a64a00b1d5cee4e2c7de16,0.03,,,
2135,2026-05-29,SZ002714,0.0017350757261738181,EXP_LinearModel_Alpha158_csi300_custom_step0_s_20260530_14,2ebf0cd778a64a00b1d5cee4e2c7de16,0.03,,,
2136,2026-05-29,SZ002709,0.19576594233512878,EXP_LinearModel_Alpha158_csi300_custom_step0_s_20260530_14,2ebf0cd778a64a00b1d5cee4e2c7de16,0.03,,,
2137,2026-05-29,SZ002648,0.07627236843109131,EXP_LinearModel_Alpha158_csi300_custom_step0_s_20260530_14,2ebf0cd778a64a00b1d5cee4e2c7de16,0.03,,,
2138,2026-05-29,SZ002625,-0.012958955951035023,EXP_LinearModel_Alpha158_csi300_custom_step0_s_20260530_14,2ebf0cd778a64a00b1d5cee4e2c7de16,0.03,,,
2139,2026-05-29,SZ002415,0.0073789674788713455,EXP_LinearModel_Alpha158_csi300_custom_step0_s_20260530_14,2ebf0cd778a64a00b1d5cee4e2c7de16,0.03,,,
2140,2026-05-29,SZ002601,0.007788319606333971,EXP_LinearModel_Alpha158_csi300_custom_step0_s_20260530_14,2ebf0cd778a64a00b1d5cee4e2c7de16,0.03,,,
2141,2026-05-29,SZ002594,-0.05417885631322861,EXP_LinearModel_Alpha158_csi300_custom_step0_s_20260530_14,2ebf0cd778a64a00b1d5cee4e2c7de16,0.03,,,
2142,2026-05-29,SZ002493,0.07185636460781097,EXP_LinearModel_Alpha158_csi300_custom_step0_s_20260530_14,2ebf0cd778a64a00b1d5cee4e2c7de16,0.03,,,
2143,2026-05-29,SZ002475,-0.009381081908941269,EXP_LinearModel_Alpha158_csi300_custom_step0_s_20260530_14,2ebf0cd778a64a00b1d5cee4e2c7de16,0.03,,,
2144,2026-05-29,SZ002466,0.054374586790800095,EXP_LinearModel_Alpha158_csi300_custom_step0_s_20260530_14,2ebf0cd778a64a00b1d5cee4e2c7de16,0.03,,,
2145,2026-05-29,SZ002463,-0.22284163534641266,EXP_LinearModel_Alpha158_csi300_custom_step0_s_20260530_14,2ebf0cd778a64a00b1d5cee4e2c7de16,0.03,,,
2146,2026-05-29,SZ002460,0.016137033700942993,EXP_LinearModel_Alpha158_csi300_custom_step0_s_20260530_14,2ebf0cd778a64a00b1d5cee4e2c7de16,0.03,,,
2147,2026-05-29,SZ002459,0.05321945622563362,EXP_LinearModel_Alpha158_csi300_custom_step0_s_20260530_14,2ebf0cd778a64a00b1d5cee4e2c7de16,0.03,,,
2148,2026-05-29,SZ002600,0.11093977838754654,EXP_LinearModel_Alpha158_csi300_custom_step0_s_20260530_14,2ebf0cd778a64a00b1d5cee4e2c7de16,0.03,,,
2149,2026-05-29,SZ002352,-0.01785390079021454,EXP_LinearModel_Alpha158_csi300_custom_step0_s_20260530_14,11954a32eaad4fdc8ce18a4edd1fb6cc,0.045,,,
2150,2026-05-29,SH600015,-0.07346594333648682,EXP_LinearModel_Alpha158_csi300_custom_step0_s_20260530_14,11954a32eaad4fdc8ce18a4edd1fb6cc,0.045,,,
2151,2026-05-29,SH600018,0.06387557834386826,EXP_LinearModel_Alpha158_csi300_custom_step0_s_20260530_14,11954a32eaad4fdc8ce18a4edd1fb6cc,0.045,,,
2152,2026-05-29,SH600741,-0.14142201840877533,EXP_LinearModel_Alpha158_csi300_custom_step0_s_20260530_14,11954a32eaad4fdc8ce18a4edd1fb6cc,0.045,,,
2153,2026-05-29,SH600690,0.047224126756191254,EXP_LinearModel_Alpha158_csi300_custom_step0_s_20260530_14,11954a32eaad4fdc8ce18a4edd1fb6cc,0.045,,,
2154,2026-05-29,SH600674,0.020557690411806107,EXP_LinearModel_Alpha158_csi300_custom_step0_s_20260530_14,11954a32eaad4fdc8ce18a4edd1fb6cc,0.045,,,
2155,2026-05-29,SH600660,-0.050212614238262177,EXP_LinearModel_Alpha158_csi300_custom_step0_s_20260530_14,11954a32eaad4fdc8ce18a4edd1fb6cc,0.045,,,
2156,2026-05-29,SH600600,-0.032401129603385925,EXP_LinearModel_Alpha158_csi300_custom_step0_s_20260530_14,11954a32eaad4fdc8ce18a4edd1fb6cc,0.045,,,
2157,2026-05-29,SH600588,-0.11978401988744736,EXP_LinearModel_Alpha158_csi300_custom_step0_s_20260530_14,11954a32eaad4fdc8ce18a4edd1fb6cc,0.045,,,
2158,2026-05-29,SH600585,-0.055322688072919846,EXP_LinearModel_Alpha158_csi300_custom_step0_s_20260530_14,11954a32eaad4fdc8ce18a4edd1fb6cc,0.045,,,
2159,2026-05-29,SH600760,0.0320734940469265,EXP_LinearModel_Alpha158_csi300_custom_step0_s_20260530_14,11954a32eaad4fdc8ce18a4edd1fb6cc,0.045,,,
2160,2026-05-29,SH600584,0.11039353907108307,EXP_LinearModel_Alpha158_csi300_custom_step0_s_20260530_14,11954a32eaad4fdc8ce18a4edd1fb6cc,0.045,,,
2161,2026-05-29,SH600547,0.09381523728370667,EXP_LinearModel_Alpha158_csi300_custom_step0_s_20260530_14,11954a32eaad4fdc8ce18a4edd1fb6cc,0.045,,,
2162,2026-05-29,SH600522,0.05775604397058487,EXP_LinearModel_Alpha158_csi300_custom_step0_s_20260530_14,11954a32eaad4fdc8ce18a4edd1fb6cc,0.045,,,
2163,2026-05-29,SH600519,-0.05643720179796219,EXP_LinearModel_Alpha158_csi300_custom_step0_s_20260530_14,11954a32eaad4fdc8ce18a4edd1fb6cc,0.045,,,
2164,2026-05-29,SH600515,0.01177610456943512,EXP_LinearModel_Alpha158_csi300_custom_step0_s_20260530_14,11954a32eaad4fdc8ce18a4edd1fb6cc,0.045,,,
2165,2026-05-29,SH600489,0.06602850556373596,EXP_LinearModel_Alpha158_csi300_custom_step0_s_20260530_14,11954a32eaad4fdc8ce18a4edd1fb6cc,0.045,,,
2166,2026-05-29,SH600482,-0.14934341609477997,EXP_LinearModel_Alpha158_csi300_custom_step0_s_20260530_14,11954a32eaad4fdc8ce18a4edd1fb6cc,0.045,,,
2167,2026-05-29,SH600460,-0.20496775209903717,EXP_LinearModel_Alpha158_csi300_custom_step0_s_20260530_14,11954a32eaad4fdc8ce18a4edd1fb6cc,0.045,,,
2168,2026-05-29,SH600570,-0.07409536093473434,EXP_LinearModel_Alpha158_csi300_custom_step0_s_20260530_14,11954a32eaad4fdc8ce18a4edd1fb6cc,0.045,,,
2169,2026-05-29,SH600438,,EXP_LinearModel_Alpha158_csi300_custom_step0_s_20260530_14,11954a32eaad4fdc8ce18a4edd1fb6cc,0.045,,,
2170,2026-05-29,SH600795,0.061543501913547516,EXP_LinearModel_Alpha158_csi300_custom_step0_s_20260530_14,11954a32eaad4fdc8ce18a4edd1fb6cc,0.045,,,
2171,2026-05-29,SH600809,0.060204748064279556,EXP_LinearModel_Alpha158_csi300_custom_step0_s_20260530_14,11954a32eaad4fdc8ce18a4edd1fb6cc,0.045,,,
2172,2026-05-29,SH600999,0.060199033468961716,EXP_LinearModel_Alpha158_csi300_custom_step0_s_20260530_14,11954a32eaad4fdc8ce18a4edd1fb6cc,0.045,,,
2173,2026-05-29,SH600989,0.1569574624300003,EXP_LinearModel_Alpha158_csi300_custom_step0_s_20260530_14,11954a32eaad4fdc8ce18a4edd1fb6cc,0.045,,,
2174,2026-05-29,SH600958,,EXP_LinearModel_Alpha158_csi300_custom_step0_s_20260530_14,11954a32eaad4fdc8ce18a4edd1fb6cc,0.045,,,
2175,2026-05-29,SH600941,0.04666467756032944,EXP_LinearModel_Alpha158_csi300_custom_step0_s_20260530_14,11954a32eaad4fdc8ce18a4edd1fb6cc,0.045,,,
2176,2026-05-29,SH600938,0.10628683865070343,EXP_LinearModel_Alpha158_csi300_custom_step0_s_20260530_14,11954a32eaad4fdc8ce18a4edd1fb6cc,0.045,,,
2177,2026-05-29,SH600930,-0.02761206403374672,EXP_LinearModel_Alpha158_csi300_custom_step0_s_20260530_14,11954a32eaad4fdc8ce18a4edd1fb6cc,0.045,,,
2178,2026-05-29,SH600926,-0.009178665466606617,EXP_LinearModel_Alpha158_csi300_custom_step0_s_20260530_14,11954a32eaad4fdc8ce18a4edd1fb6cc,0.045,,,
2179,2026-05-29,SH600803,-0.030782099813222885,EXP_LinearModel_Alpha158_csi300_custom_step0_s_20260530_14,11954a32eaad4fdc8ce18a4edd1fb6cc,0.045,,,
2180,2026-05-29,SH600919,0.012599015608429909,EXP_LinearModel_Alpha158_csi300_custom_step0_s_20260530_14,11954a32eaad4fdc8ce18a4edd1fb6cc,0.045,,,
2181,2026-05-29,SH600905,-0.0011462680995464325,EXP_LinearModel_Alpha158_csi300_custom_step0_s_20260530_14,11954a32eaad4fdc8ce18a4edd1fb6cc,0.045,,,
2182,2026-05-29,SH600900,0.03725961968302727,EXP_LinearModel_Alpha158_csi300_custom_step0_s_20260530_14,11954a32eaad4fdc8ce18a4edd1fb6cc,0.045,,,
2183,2026-05-29,SH600893,-0.06376108527183533,EXP_LinearModel_Alpha158_csi300_custom_step0_s_20260530_14,11954a32eaad4fdc8ce18a4edd1fb6cc,0.045,,,
2184,2026-05-29,SH600887,0.1324027180671692,EXP_LinearModel_Alpha158_csi300_custom_step0_s_20260530_14,11954a32eaad4fdc8ce18a4edd1fb6cc,0.045,,,
2185,2026-05-29,SH600886,0.00627345684915781,EXP_LinearModel_Alpha158_csi300_custom_step0_s_20260530_14,11954a32eaad4fdc8ce18a4edd1fb6cc,0.045,,,
2186,2026-05-29,SH600875,-0.12416199594736099,EXP_LinearModel_Alpha158_csi300_custom_step0_s_20260530_14,11954a32eaad4fdc8ce18a4edd1fb6cc,0.045,,,
2187,2026-05-29,SH600845,-0.06242254376411438,EXP_LinearModel_Alpha158_csi300_custom_step0_s_20260530_14,11954a32eaad4fdc8ce18a4edd1fb6cc,0.045,,,
2188,2026-05-29,SH600918,-0.09461686760187149,EXP_LinearModel_Alpha158_csi300_custom_step0_s_20260530_14,11954a32eaad4fdc8ce18a4edd1fb6cc,0.045,,,
2189,2026-05-29,SH600016,-0.09330229461193085,EXP_LinearModel_Alpha158_csi300_custom_step0_s_20260530_14,11954a32eaad4fdc8ce18a4edd1fb6cc,0.045,,,
2190,2026-05-29,SH600436,-0.0340922474861145,EXP_LinearModel_Alpha158_csi300_custom_step0_s_20260530_14,11954a32eaad4fdc8ce18a4edd1fb6cc,0.045,,,
2191,2026-05-29,SH600415,0.05353934317827225,EXP_LinearModel_Alpha158_csi300_custom_step0_s_20260530_14,11954a32eaad4fdc8ce18a4edd1fb6cc,0.045,,,
2192,2026-05-29,SH600085,0.029884859919548035,EXP_LinearModel_Alpha158_csi300_custom_step0_s_20260530_14,11954a32eaad4fdc8ce18a4edd1fb6cc,0.045,,,
2193,2026-05-29,SH600066,-0.010805441066622734,EXP_LinearModel_Alpha158_csi300_custom_step0_s_20260530_14,11954a32eaad4fdc8ce18a4edd1fb6cc,0.045,,,
2194,2026-05-29,SH600061,0.023898713290691376,EXP_LinearModel_Alpha158_csi300_custom_step0_s_20260530_14,11954a32eaad4fdc8ce18a4edd1fb6cc,0.045,,,
2195,2026-05-29,SH600050,-0.14806309342384338,EXP_LinearModel_Alpha158_csi300_custom_step0_s_20260530_14,11954a32eaad4fdc8ce18a4edd1fb6cc,0.045,,,
2196,2026-05-29,SH600048,0.06014014407992363,EXP_LinearModel_Alpha158_csi300_custom_step0_s_20260530_14,11954a32eaad4fdc8ce18a4edd1fb6cc,0.045,,,
2197,2026-05-29,SH600039,0.07161731272935867,EXP_LinearModel_Alpha158_csi300_custom_step0_s_20260530_14,11954a32eaad4fdc8ce18a4edd1fb6cc,0.045,,,
2198,2026-05-29,SH600036,-0.14070600271224976,EXP_LinearModel_Alpha158_csi300_custom_step0_s_20260530_14,11954a32eaad4fdc8ce18a4edd1fb6cc,0.045,,,
2199,2026-05-29,SH600089,-0.04983866214752197,EXP_LinearModel_Alpha158_csi300_custom_step0_s_20260530_14,11954a32eaad4fdc8ce18a4edd1fb6cc,0.045,,,
2200,2026-05-29,SH600031,0.07490505278110504,EXP_LinearModel_Alpha158_csi300_custom_step0_s_20260530_14,11954a32eaad4fdc8ce18a4edd1fb6cc,0.045,,,
2201,2026-05-29,SH600029,0.00820424035191536,EXP_LinearModel_Alpha158_csi300_custom_step0_s_20260530_14,11954a32eaad4fdc8ce18a4edd1fb6cc,0.045,,,
2202,2026-05-29,SH600028,0.004813477396965027,EXP_LinearModel_Alpha158_csi300_custom_step0_s_20260530_14,11954a32eaad4fdc8ce18a4edd1fb6cc,0.045,,,
2203,2026-05-29,SH600027,0.2132832407951355,EXP_LinearModel_Alpha158_csi300_custom_step0_s_20260530_14,11954a32eaad4fdc8ce18a4edd1fb6cc,0.045,,,
2204,2026-05-29,SH600026,0.05304783582687378,EXP_LinearModel_Alpha158_csi300_custom_step0_s_20260530_14,11954a32eaad4fdc8ce18a4edd1fb6cc,0.045,,,
2205,2026-05-29,SH600025,0.011082226410508156,EXP_LinearModel_Alpha158_csi300_custom_step0_s_20260530_14,11954a32eaad4fdc8ce18a4edd1fb6cc,0.045,,,
2206,2026-05-29,SH600023,0.02318255417048931,EXP_LinearModel_Alpha158_csi300_custom_step0_s_20260530_14,11954a32eaad4fdc8ce18a4edd1fb6cc,0.045,,,
2207,2026-05-29,SH600019,0.0003567538224160671,EXP_LinearModel_Alpha158_csi300_custom_step0_s_20260530_14,11954a32eaad4fdc8ce18a4edd1fb6cc,0.045,,,
2208,2026-05-29,SH600030,0.06796442717313766,EXP_LinearModel_Alpha158_csi300_custom_step0_s_20260530_14,11954a32eaad4fdc8ce18a4edd1fb6cc,0.045,,,
2209,2026-05-29,SH600426,0.11877427995204926,EXP_LinearModel_Alpha158_csi300_custom_step0_s_20260530_14,11954a32eaad4fdc8ce18a4edd1fb6cc,0.045,,,
2210,2026-05-29,SH600104,-0.044908374547958374,EXP_LinearModel_Alpha158_csi300_custom_step0_s_20260530_14,11954a32eaad4fdc8ce18a4edd1fb6cc,0.045,,,
2211,2026-05-29,SH600115,0.06219708174467087,EXP_LinearModel_Alpha158_csi300_custom_step0_s_20260530_14,11954a32eaad4fdc8ce18a4edd1fb6cc,0.045,,,
2212,2026-05-29,SH600406,-0.00283018103800714,EXP_LinearModel_Alpha158_csi300_custom_step0_s_20260530_14,11954a32eaad4fdc8ce18a4edd1fb6cc,0.045,,,
2213,2026-05-29,SH600377,0.04480820521712303,EXP_LinearModel_Alpha158_csi300_custom_step0_s_20260530_14,11954a32eaad4fdc8ce18a4edd1fb6cc,0.045,,,
2214,2026-05-29,SH600372,-0.039896368980407715,EXP_LinearModel_Alpha158_csi300_custom_step0_s_20260530_14,11954a32eaad4fdc8ce18a4edd1fb6cc,0.045,,,
2215,2026-05-29,SH600362,0.051944367587566376,EXP_LinearModel_Alpha158_csi300_custom_step0_s_20260530_14,11954a32eaad4fdc8ce18a4edd1fb6cc,0.045,,,
2216,2026-05-29,SH600346,-0.005337139591574669,EXP_LinearModel_Alpha158_csi300_custom_step0_s_20260530_14,11954a32eaad4fdc8ce18a4edd1fb6cc,0.045,,,
2217,2026-05-29,SH600309,0.05217063054442406,EXP_LinearModel_Alpha158_csi300_custom_step0_s_20260530_14,11954a32eaad4fdc8ce18a4edd1fb6cc,0.045,,,
2218,2026-05-29,SH600276,0.01915162429213524,EXP_LinearModel_Alpha158_csi300_custom_step0_s_20260530_14,11954a32eaad4fdc8ce18a4edd1fb6cc,0.045,,,
2219,2026-05-29,SH600111,0.24582073092460632,EXP_LinearModel_Alpha158_csi300_custom_step0_s_20260530_14,11954a32eaad4fdc8ce18a4edd1fb6cc,0.045,,,
2220,2026-05-29,SH600233,0.057912059128284454,EXP_LinearModel_Alpha158_csi300_custom_step0_s_20260530_14,11954a32eaad4fdc8ce18a4edd1fb6cc,0.045,,,
2221,2026-05-29,SH600196,-0.033889323472976685,EXP_LinearModel_Alpha158_csi300_custom_step0_s_20260530_14,11954a32eaad4fdc8ce18a4edd1fb6cc,0.045,,,
2222,2026-05-29,SH600188,0.08531295508146286,EXP_LinearModel_Alpha158_csi300_custom_step0_s_20260530_14,11954a32eaad4fdc8ce18a4edd1fb6cc,0.045,,,
2223,2026-05-29,SH600183,0.11736773699522018,EXP_LinearModel_Alpha158_csi300_custom_step0_s_20260530_14,11954a32eaad4fdc8ce18a4edd1fb6cc,0.045,,,
2224,2026-05-29,SH600176,0.1371121108531952,EXP_LinearModel_Alpha158_csi300_custom_step0_s_20260530_14,11954a32eaad4fdc8ce18a4edd1fb6cc,0.045,,,
2225,2026-05-29,SH600161,-0.028305623680353165,EXP_LinearModel_Alpha158_csi300_custom_step0_s_20260530_14,11954a32eaad4fdc8ce18a4edd1fb6cc,0.045,,,
2226,2026-05-29,SH600160,0.11721979081630707,EXP_LinearModel_Alpha158_csi300_custom_step0_s_20260530_14,11954a32eaad4fdc8ce18a4edd1fb6cc,0.045,,,
2227,2026-05-29,SH600150,0.22705580294132233,EXP_LinearModel_Alpha158_csi300_custom_step0_s_20260530_14,11954a32eaad4fdc8ce18a4edd1fb6cc,0.045,,,
2228,2026-05-29,SH600219,0.15653297305107117,EXP_LinearModel_Alpha158_csi300_custom_step0_s_20260530_14,11954a32eaad4fdc8ce18a4edd1fb6cc,0.045,,,
2229,2026-05-29,SZ001391,-0.09500036388635635,EXP_LinearModel_Alpha158_csi300_custom_step0_s_20260530_14,2ebf0cd778a64a00b1d5cee4e2c7de16,0.03,,,
2230,2026-05-29,SZ002371,0.10338544100522995,EXP_LinearModel_Alpha158_csi300_custom_step0_s_20260530_14,11954a32eaad4fdc8ce18a4edd1fb6cc,0.045,,,
2231,2026-05-29,SZ002415,-0.009706616401672363,EXP_LinearModel_Alpha158_csi300_custom_step0_s_20260530_14,11954a32eaad4fdc8ce18a4edd1fb6cc,0.045,,,
2232,2026-05-29,SH603288,-0.027181776240468025,EXP_XGBModel_Alpha158_csi300_custom_step0_s_20260530_14,5847baa7992646489eb365bce4ab2627,0.044,,,
2233,2026-05-29,SH603260,-0.02540457248687744,EXP_XGBModel_Alpha158_csi300_custom_step0_s_20260530_14,5847baa7992646489eb365bce4ab2627,0.044,,,
2234,2026-05-29,SH603259,-0.028010563924908638,EXP_XGBModel_Alpha158_csi300_custom_step0_s_20260530_14,5847baa7992646489eb365bce4ab2627,0.044,,,
2235,2026-05-29,SH603195,0.010137280449271202,EXP_XGBModel_Alpha158_csi300_custom_step0_s_20260530_14,5847baa7992646489eb365bce4ab2627,0.044,,,
2236,2026-05-29,SH603019,-0.04280440881848335,EXP_XGBModel_Alpha158_csi300_custom_step0_s_20260530_14,5847baa7992646489eb365bce4ab2627,0.044,,,
2237,2026-05-29,SH601998,-0.01730330102145672,EXP_XGBModel_Alpha158_csi300_custom_step0_s_20260530_14,5847baa7992646489eb365bce4ab2627,0.044,,,
2238,2026-05-29,SH601995,0.02427462674677372,EXP_XGBModel_Alpha158_csi300_custom_step0_s_20260530_14,5847baa7992646489eb365bce4ab2627,0.044,,,
2239,2026-05-29,SH601988,0.045004554092884064,EXP_XGBModel_Alpha158_csi300_custom_step0_s_20260530_14,5847baa7992646489eb365bce4ab2627,0.044,,,
2240,2026-05-29,SH601985,0.009141886606812477,EXP_XGBModel_Alpha158_csi300_custom_step0_s_20260530_14,5847baa7992646489eb365bce4ab2627,0.044,,,
2241,2026-05-29,SH601939,0.011426229029893875,EXP_XGBModel_Alpha158_csi300_custom_step0_s_20260530_14,5847baa7992646489eb365bce4ab2627,0.044,,,
2242,2026-05-29,SH601919,-0.006361657753586769,EXP_XGBModel_Alpha158_csi300_custom_step0_s_20260530_14,5847baa7992646489eb365bce4ab2627,0.044,,,
2243,2026-05-29,SH601916,0.05887247249484062,EXP_XGBModel_Alpha158_csi300_custom_step0_s_20260530_14,5847baa7992646489eb365bce4ab2627,0.044,,,
2244,2026-05-29,SH601901,0.0003631613217294216,EXP_XGBModel_Alpha158_csi300_custom_step0_s_20260530_14,5847baa7992646489eb365bce4ab2627,0.044,,,
2245,2026-05-29,SH601899,-0.03148987144231796,EXP_XGBModel_Alpha158_csi300_custom_step0_s_20260530_14,5847baa7992646489eb365bce4ab2627,0.044,,,
2246,2026-05-29,SH601898,-0.022250458598136902,EXP_XGBModel_Alpha158_csi300_custom_step0_s_20260530_14,5847baa7992646489eb365bce4ab2627,0.044,,,
2247,2026-05-29,SH603296,0.09716541320085526,EXP_XGBModel_Alpha158_csi300_custom_step0_s_20260530_14,5847baa7992646489eb365bce4ab2627,0.044,,,
2248,2026-05-29,SH603369,0.003970602992922068,EXP_XGBModel_Alpha158_csi300_custom_step0_s_20260530_14,5847baa7992646489eb365bce4ab2627,0.044,,,
2249,2026-05-29,SH603392,-0.043334100395441055,EXP_XGBModel_Alpha158_csi300_custom_step0_s_20260530_14,5847baa7992646489eb365bce4ab2627,0.044,,,
2250,2026-05-29,SH603501,-0.08644717186689377,EXP_XGBModel_Alpha158_csi300_custom_step0_s_20260530_14,5847baa7992646489eb365bce4ab2627,0.044,,,
2251,2026-05-29,SH688169,-0.030526498332619667,EXP_XGBModel_Alpha158_csi300_custom_step0_s_20260530_14,5847baa7992646489eb365bce4ab2627,0.044,,,
2252,2026-05-29,SH688126,0.06289755553007126,EXP_XGBModel_Alpha158_csi300_custom_step0_s_20260530_14,5847baa7992646489eb365bce4ab2627,0.044,,,
2253,2026-05-29,SH688111,-0.035447604954242706,EXP_XGBModel_Alpha158_csi300_custom_step0_s_20260530_14,5847baa7992646489eb365bce4ab2627,0.044,,,
2254,2026-05-29,SH688082,0.2241116762161255,EXP_XGBModel_Alpha158_csi300_custom_step0_s_20260530_14,5847baa7992646489eb365bce4ab2627,0.044,,,
2255,2026-05-29,SH688047,0.11114530265331268,EXP_XGBModel_Alpha158_csi300_custom_step0_s_20260530_14,5847baa7992646489eb365bce4ab2627,0.044,,,
2256,2026-05-29,SH688041,0.0899302139878273,EXP_XGBModel_Alpha158_csi300_custom_step0_s_20260530_14,5847baa7992646489eb365bce4ab2627,0.044,,,
2257,2026-05-29,SH688036,-0.0006175406742841005,EXP_XGBModel_Alpha158_csi300_custom_step0_s_20260530_14,5847baa7992646489eb365bce4ab2627,0.044,,,
2258,2026-05-29,SH601888,-0.020253943279385567,EXP_XGBModel_Alpha158_csi300_custom_step0_s_20260530_14,5847baa7992646489eb365bce4ab2627,0.044,,,
2259,2026-05-29,SH688012,-0.008480501361191273,EXP_XGBModel_Alpha158_csi300_custom_step0_s_20260530_14,5847baa7992646489eb365bce4ab2627,0.044,,,
2260,2026-05-29,SH688008,-0.019529802724719048,EXP_XGBModel_Alpha158_csi300_custom_step0_s_20260530_14,5847baa7992646489eb365bce4ab2627,0.044,,,
2261,2026-05-29,SH605499,-0.01644904725253582,EXP_XGBModel_Alpha158_csi300_custom_step0_s_20260530_14,5847baa7992646489eb365bce4ab2627,0.044,,,
2262,2026-05-29,SH605117,-0.04361281916499138,EXP_XGBModel_Alpha158_csi300_custom_step0_s_20260530_14,5847baa7992646489eb365bce4ab2627,0.044,,,
2263,2026-05-29,SH603993,-0.0567062571644783,EXP_XGBModel_Alpha158_csi300_custom_step0_s_20260530_14,5847baa7992646489eb365bce4ab2627,0.044,,,
2264,2026-05-29,SH603986,-0.004634309560060501,EXP_XGBModel_Alpha158_csi300_custom_step0_s_20260530_14,5847baa7992646489eb365bce4ab2627,0.044,,,
2265,2026-05-29,SH603893,0.0008310767589136958,EXP_XGBModel_Alpha158_csi300_custom_step0_s_20260530_14,5847baa7992646489eb365bce4ab2627,0.044,,,
2266,2026-05-29,SH603799,-0.036226991564035416,EXP_XGBModel_Alpha158_csi300_custom_step0_s_20260530_14,5847baa7992646489eb365bce4ab2627,0.044,,,
2267,2026-05-29,SH688009,0.0012203792575746775,EXP_XGBModel_Alpha158_csi300_custom_step0_s_20260530_14,5847baa7992646489eb365bce4ab2627,0.044,,,
2268,2026-05-29,SH601881,-0.022746503353118896,EXP_XGBModel_Alpha158_csi300_custom_step0_s_20260530_14,5847baa7992646489eb365bce4ab2627,0.044,,,
2269,2026-05-29,SH601878,-0.003345782170072198,EXP_XGBModel_Alpha158_csi300_custom_step0_s_20260530_14,5847baa7992646489eb365bce4ab2627,0.044,,,
2270,2026-05-29,SH601877,-0.0060694837011396885,EXP_XGBModel_Alpha158_csi300_custom_step0_s_20260530_14,5847baa7992646489eb365bce4ab2627,0.044,,,
2271,2026-05-29,SH601618,-0.002135754330083728,EXP_XGBModel_Alpha158_csi300_custom_step0_s_20260530_14,5847baa7992646489eb365bce4ab2627,0.044,,,
2272,2026-05-29,SH601607,0.014722799882292747,EXP_XGBModel_Alpha158_csi300_custom_step0_s_20260530_14,5847baa7992646489eb365bce4ab2627,0.044,,,
2273,2026-05-29,SH601601,-0.013051687739789486,EXP_XGBModel_Alpha158_csi300_custom_step0_s_20260530_14,5847baa7992646489eb365bce4ab2627,0.044,,,
2274,2026-05-29,SH601600,-0.04218539595603943,EXP_XGBModel_Alpha158_csi300_custom_step0_s_20260530_14,5847baa7992646489eb365bce4ab2627,0.044,,,
2275,2026-05-29,SH601456,-0.014771969988942146,EXP_XGBModel_Alpha158_csi300_custom_step0_s_20260530_14,5847baa7992646489eb365bce4ab2627,0.044,,,
2276,2026-05-29,SH601398,0.06565774232149124,EXP_XGBModel_Alpha158_csi300_custom_step0_s_20260530_14,5847baa7992646489eb365bce4ab2627,0.044,,,
2277,2026-05-29,SH601390,-0.026461096480488777,EXP_XGBModel_Alpha158_csi300_custom_step0_s_20260530_14,5847baa7992646489eb365bce4ab2627,0.044,,,
2278,2026-05-29,SH601628,-0.023744408041238785,EXP_XGBModel_Alpha158_csi300_custom_step0_s_20260530_14,5847baa7992646489eb365bce4ab2627,0.044,,,
2279,2026-05-29,SH601377,-0.00935546774417162,EXP_XGBModel_Alpha158_csi300_custom_step0_s_20260530_14,5847baa7992646489eb365bce4ab2627,0.044,,,
2280,2026-05-29,SH601336,-0.02397792972624302,EXP_XGBModel_Alpha158_csi300_custom_step0_s_20260530_14,5847baa7992646489eb365bce4ab2627,0.044,,,
2281,2026-05-29,SH601328,0.016420969739556313,EXP_XGBModel_Alpha158_csi300_custom_step0_s_20260530_14,5847baa7992646489eb365bce4ab2627,0.044,,,
2282,2026-05-29,SH601319,-0.018818769603967667,EXP_XGBModel_Alpha158_csi300_custom_step0_s_20260530_14,5847baa7992646489eb365bce4ab2627,0.044,,,
2283,2026-05-29,SH601318,-0.018021587282419205,EXP_XGBModel_Alpha158_csi300_custom_step0_s_20260530_14,5847baa7992646489eb365bce4ab2627,0.044,,,
2284,2026-05-29,SH601298,0.0489487461745739,EXP_XGBModel_Alpha158_csi300_custom_step0_s_20260530_14,5847baa7992646489eb365bce4ab2627,0.044,,,
2285,2026-05-29,SH601288,-0.024592731148004532,EXP_XGBModel_Alpha158_csi300_custom_step0_s_20260530_14,5847baa7992646489eb365bce4ab2627,0.044,,,
2286,2026-05-29,SH601238,-0.014822375029325485,EXP_XGBModel_Alpha158_csi300_custom_step0_s_20260530_14,5847baa7992646489eb365bce4ab2627,0.044,,,
2287,2026-05-29,SH601360,-0.05814773589372635,EXP_XGBModel_Alpha158_csi300_custom_step0_s_20260530_14,5847baa7992646489eb365bce4ab2627,0.044,,,
2288,2026-05-29,SH688187,-0.025642313063144684,EXP_XGBModel_Alpha158_csi300_custom_step0_s_20260530_14,5847baa7992646489eb365bce4ab2627,0.044,,,
2289,2026-05-29,SH601633,-0.004112738650292158,EXP_XGBModel_Alpha158_csi300_custom_step0_s_20260530_14,5847baa7992646489eb365bce4ab2627,0.044,,,
2290,2026-05-29,SH601668,0.03752407431602478,EXP_XGBModel_Alpha158_csi300_custom_step0_s_20260530_14,5847baa7992646489eb365bce4ab2627,0.044,,,
2291,2026-05-29,SH601872,-0.02803509682416916,EXP_XGBModel_Alpha158_csi300_custom_step0_s_20260530_14,5847baa7992646489eb365bce4ab2627,0.044,,,
2292,2026-05-29,SH601868,-0.016889020800590515,EXP_XGBModel_Alpha158_csi300_custom_step0_s_20260530_14,5847baa7992646489eb365bce4ab2627,0.044,,,
2293,2026-05-29,SH601857,-0.016723424196243286,EXP_XGBModel_Alpha158_csi300_custom_step0_s_20260530_14,5847baa7992646489eb365bce4ab2627,0.044,,,
2294,2026-05-29,SH601838,0.02321222610771656,EXP_XGBModel_Alpha158_csi300_custom_step0_s_20260530_14,5847baa7992646489eb365bce4ab2627,0.044,,,
2295,2026-05-29,SH601825,-0.003097847104072571,EXP_XGBModel_Alpha158_csi300_custom_step0_s_20260530_14,5847baa7992646489eb365bce4ab2627,0.044,,,
2296,2026-05-29,SH601818,0.041559211909770966,EXP_XGBModel_Alpha158_csi300_custom_step0_s_20260530_14,5847baa7992646489eb365bce4ab2627,0.044,,,
2297,2026-05-29,SH601816,0.03236221522092819,EXP_XGBModel_Alpha158_csi300_custom_step0_s_20260530_14,5847baa7992646489eb365bce4ab2627,0.044,,,
2298,2026-05-29,SH601658,0.013925350271165371,EXP_XGBModel_Alpha158_csi300_custom_step0_s_20260530_14,5847baa7992646489eb365bce4ab2627,0.044,,,
2299,2026-05-29,SH601808,0.028813868761062622,EXP_XGBModel_Alpha158_csi300_custom_step0_s_20260530_14,5847baa7992646489eb365bce4ab2627,0.044,,,
2300,2026-05-29,SH601788,-0.016388962045311928,EXP_XGBModel_Alpha158_csi300_custom_step0_s_20260530_14,5847baa7992646489eb365bce4ab2627,0.044,,,
2301,2026-05-29,SH601766,0.02452513948082924,EXP_XGBModel_Alpha158_csi300_custom_step0_s_20260530_14,5847baa7992646489eb365bce4ab2627,0.044,,,
2302,2026-05-29,SH601728,-0.026209047064185143,EXP_XGBModel_Alpha158_csi300_custom_step0_s_20260530_14,5847baa7992646489eb365bce4ab2627,0.044,,,
2303,2026-05-29,SH601698,-0.0768975019454956,EXP_XGBModel_Alpha158_csi300_custom_step0_s_20260530_14,5847baa7992646489eb365bce4ab2627,0.044,,,
2304,2026-05-29,SH601689,-0.04179547354578972,EXP_XGBModel_Alpha158_csi300_custom_step0_s_20260530_14,5847baa7992646489eb365bce4ab2627,0.044,,,
2305,2026-05-29,SH601688,-0.03129582852125168,EXP_XGBModel_Alpha158_csi300_custom_step0_s_20260530_14,5847baa7992646489eb365bce4ab2627,0.044,,,
2306,2026-05-29,SH601669,-0.021752294152975082,EXP_XGBModel_Alpha158_csi300_custom_step0_s_20260530_14,5847baa7992646489eb365bce4ab2627,0.044,,,
2307,2026-05-29,SH601800,-0.012216384522616863,EXP_XGBModel_Alpha158_csi300_custom_step0_s_20260530_14,5847baa7992646489eb365bce4ab2627,0.044,,,
2308,2026-05-29,SH688223,0.05414022132754326,EXP_XGBModel_Alpha158_csi300_custom_step0_s_20260530_14,5847baa7992646489eb365bce4ab2627,0.044,,,
2309,2026-05-29,SH688256,-0.10471279919147491,EXP_XGBModel_Alpha158_csi300_custom_step0_s_20260530_14,5847baa7992646489eb365bce4ab2627,0.044,,,
2310,2026-05-29,SH688271,-0.007474524900317192,EXP_XGBModel_Alpha158_csi300_custom_step0_s_20260530_14,5847baa7992646489eb365bce4ab2627,0.044,,,
2311,2026-05-29,SZ002304,-0.033078067004680634,EXP_XGBModel_Alpha158_csi300_custom_step0_s_20260530_14,5847baa7992646489eb365bce4ab2627,0.044,,,
2312,2026-05-29,SZ002252,-0.01722988858819008,EXP_XGBModel_Alpha158_csi300_custom_step0_s_20260530_14,5847baa7992646489eb365bce4ab2627,0.044,,,
2313,2026-05-29,SZ002241,0.018616972491145134,EXP_XGBModel_Alpha158_csi300_custom_step0_s_20260530_14,5847baa7992646489eb365bce4ab2627,0.044,,,
2314,2026-05-29,SZ002236,-0.015529599040746689,EXP_XGBModel_Alpha158_csi300_custom_step0_s_20260530_14,5847baa7992646489eb365bce4ab2627,0.044,,,
2315,2026-05-29,SZ002230,-0.026412367820739746,EXP_XGBModel_Alpha158_csi300_custom_step0_s_20260530_14,5847baa7992646489eb365bce4ab2627,0.044,,,
2316,2026-05-29,SZ002179,0.02511238493025303,EXP_XGBModel_Alpha158_csi300_custom_step0_s_20260530_14,5847baa7992646489eb365bce4ab2627,0.044,,,
2317,2026-05-29,SZ002142,-0.008897068910300732,EXP_XGBModel_Alpha158_csi300_custom_step0_s_20260530_14,5847baa7992646489eb365bce4ab2627,0.044,,,
2318,2026-05-29,SZ002311,-0.014618921093642712,EXP_XGBModel_Alpha158_csi300_custom_step0_s_20260530_14,5847baa7992646489eb365bce4ab2627,0.044,,,
2319,2026-05-29,SZ002074,-0.0413702130317688,EXP_XGBModel_Alpha158_csi300_custom_step0_s_20260530_14,5847baa7992646489eb365bce4ab2627,0.044,,,
2320,2026-05-29,SZ002049,-0.02728070132434368,EXP_XGBModel_Alpha158_csi300_custom_step0_s_20260530_14,5847baa7992646489eb365bce4ab2627,0.044,,,
2321,2026-05-29,SZ002028,-0.033550720661878586,EXP_XGBModel_Alpha158_csi300_custom_step0_s_20260530_14,5847baa7992646489eb365bce4ab2627,0.044,,,
2322,2026-05-29,SZ002027,-0.019585516303777695,EXP_XGBModel_Alpha158_csi300_custom_step0_s_20260530_14,5847baa7992646489eb365bce4ab2627,0.044,,,
2323,2026-05-29,SZ002001,-0.024568703025579453,EXP_XGBModel_Alpha158_csi300_custom_step0_s_20260530_14,5847baa7992646489eb365bce4ab2627,0.044,,,
2324,2026-05-29,SZ001979,0.0008852332248352468,EXP_XGBModel_Alpha158_csi300_custom_step0_s_20260530_14,5847baa7992646489eb365bce4ab2627,0.044,,,
2325,2026-05-29,SZ001965,0.021002870053052902,EXP_XGBModel_Alpha158_csi300_custom_step0_s_20260530_14,5847baa7992646489eb365bce4ab2627,0.044,,,
2326,2026-05-29,SZ001391,0.006428454536944628,EXP_XGBModel_Alpha158_csi300_custom_step0_s_20260530_14,5847baa7992646489eb365bce4ab2627,0.044,,,
2327,2026-05-29,SZ002050,-0.03735166788101196,EXP_XGBModel_Alpha158_csi300_custom_step0_s_20260530_14,5847baa7992646489eb365bce4ab2627,0.044,,,
2328,2026-05-29,SZ000999,-0.010345094837248325,EXP_XGBModel_Alpha158_csi300_custom_step0_s_20260530_14,5847baa7992646489eb365bce4ab2627,0.044,,,
2329,2026-05-29,SZ002352,0.017803968861699104,EXP_XGBModel_Alpha158_csi300_custom_step0_s_20260530_14,5847baa7992646489eb365bce4ab2627,0.044,,,
2330,2026-05-29,SZ002384,-0.013128146529197693,EXP_XGBModel_Alpha158_csi300_custom_step0_s_20260530_14,5847baa7992646489eb365bce4ab2627,0.044,,,
2331,2026-05-29,SZ002736,-0.003998130559921265,EXP_XGBModel_Alpha158_csi300_custom_step0_s_20260530_14,5847baa7992646489eb365bce4ab2627,0.044,,,
2332,2026-05-29,SZ002714,-0.022636743262410164,EXP_XGBModel_Alpha158_csi300_custom_step0_s_20260530_14,5847baa7992646489eb365bce4ab2627,0.044,,,
2333,2026-05-29,SZ002709,-0.033992938697338104,EXP_XGBModel_Alpha158_csi300_custom_step0_s_20260530_14,5847baa7992646489eb365bce4ab2627,0.044,,,
2334,2026-05-29,SZ002648,-0.009414367377758026,EXP_XGBModel_Alpha158_csi300_custom_step0_s_20260530_14,5847baa7992646489eb365bce4ab2627,0.044,,,
2335,2026-05-29,SZ002625,-0.102440744638443,EXP_XGBModel_Alpha158_csi300_custom_step0_s_20260530_14,5847baa7992646489eb365bce4ab2627,0.044,,,
2336,2026-05-29,SZ002601,0.016024921089410782,EXP_XGBModel_Alpha158_csi300_custom_step0_s_20260530_14,5847baa7992646489eb365bce4ab2627,0.044,,,
2337,2026-05-29,SZ002600,-0.0012928901705890894,EXP_XGBModel_Alpha158_csi300_custom_step0_s_20260530_14,5847baa7992646489eb365bce4ab2627,0.044,,,
2338,2026-05-29,SZ002371,0.030444394797086716,EXP_XGBModel_Alpha158_csi300_custom_step0_s_20260530_14,5847baa7992646489eb365bce4ab2627,0.044,,,
2339,2026-05-29,SZ002594,-0.018080124631524086,EXP_XGBModel_Alpha158_csi300_custom_step0_s_20260530_14,5847baa7992646489eb365bce4ab2627,0.044,,,
2340,2026-05-29,SZ002475,0.017475921660661697,EXP_XGBModel_Alpha158_csi300_custom_step0_s_20260530_14,5847baa7992646489eb365bce4ab2627,0.044,,,
2341,2026-05-29,SZ002466,-0.008858066983520985,EXP_XGBModel_Alpha158_csi300_custom_step0_s_20260530_14,5847baa7992646489eb365bce4ab2627,0.044,,,
2342,2026-05-29,SZ002463,0.018112819641828537,EXP_XGBModel_Alpha158_csi300_custom_step0_s_20260530_14,5847baa7992646489eb365bce4ab2627,0.044,,,
2343,2026-05-29,SZ002460,-0.008533412590622902,EXP_XGBModel_Alpha158_csi300_custom_step0_s_20260530_14,5847baa7992646489eb365bce4ab2627,0.044,,,
2344,2026-05-29,SZ002459,0.012409945018589497,EXP_XGBModel_Alpha158_csi300_custom_step0_s_20260530_14,5847baa7992646489eb365bce4ab2627,0.044,,,
2345,2026-05-29,SZ002422,-0.03273143619298935,EXP_XGBModel_Alpha158_csi300_custom_step0_s_20260530_14,5847baa7992646489eb365bce4ab2627,0.044,,,
2346,2026-05-29,SZ002415,-0.0069071524776518345,EXP_XGBModel_Alpha158_csi300_custom_step0_s_20260530_14,5847baa7992646489eb365bce4ab2627,0.044,,,
2347,2026-05-29,SZ002493,-0.04174455627799034,EXP_XGBModel_Alpha158_csi300_custom_step0_s_20260530_14,5847baa7992646489eb365bce4ab2627,0.044,,,
2348,2026-05-29,SH601236,0.001964727183803916,EXP_XGBModel_Alpha158_csi300_custom_step0_s_20260530_14,5847baa7992646489eb365bce4ab2627,0.044,,,
2349,2026-05-29,SZ000983,-0.04684041067957878,EXP_XGBModel_Alpha158_csi300_custom_step0_s_20260530_14,5847baa7992646489eb365bce4ab2627,0.044,,,
2350,2026-05-29,SZ000975,0.03364599868655205,EXP_XGBModel_Alpha158_csi300_custom_step0_s_20260530_14,5847baa7992646489eb365bce4ab2627,0.044,,,
2351,2026-05-29,SZ000425,0.0057489811442792416,EXP_XGBModel_Alpha158_csi300_custom_step0_s_20260530_14,5847baa7992646489eb365bce4ab2627,0.044,,,
2352,2026-05-29,SZ000408,-0.02419891022145748,EXP_XGBModel_Alpha158_csi300_custom_step0_s_20260530_14,5847baa7992646489eb365bce4ab2627,0.044,,,
2353,2026-05-29,SZ000338,-0.05389652028679848,EXP_XGBModel_Alpha158_csi300_custom_step0_s_20260530_14,5847baa7992646489eb365bce4ab2627,0.044,,,
2354,2026-05-29,SZ000333,0.03146066516637802,EXP_XGBModel_Alpha158_csi300_custom_step0_s_20260530_14,5847baa7992646489eb365bce4ab2627,0.044,,,
2355,2026-05-29,SZ000301,-0.008517605252563953,EXP_XGBModel_Alpha158_csi300_custom_step0_s_20260530_14,5847baa7992646489eb365bce4ab2627,0.044,,,
2356,2026-05-29,SZ000166,-0.0015276705380529165,EXP_XGBModel_Alpha158_csi300_custom_step0_s_20260530_14,5847baa7992646489eb365bce4ab2627,0.044,,,
2357,2026-05-29,SZ000157,-0.010079726576805115,EXP_XGBModel_Alpha158_csi300_custom_step0_s_20260530_14,5847baa7992646489eb365bce4ab2627,0.044,,,
2358,2026-05-29,SZ000538,0.012668452225625515,EXP_XGBModel_Alpha158_csi300_custom_step0_s_20260530_14,5847baa7992646489eb365bce4ab2627,0.044,,,
2359,2026-05-29,SZ000100,-0.030140744522213936,EXP_XGBModel_Alpha158_csi300_custom_step0_s_20260530_14,5847baa7992646489eb365bce4ab2627,0.044,,,
2360,2026-05-29,SZ000002,0.011950012296438217,EXP_XGBModel_Alpha158_csi300_custom_step0_s_20260530_14,5847baa7992646489eb365bce4ab2627,0.044,,,
2361,2026-05-29,SZ000001,-0.002691712463274598,EXP_XGBModel_Alpha158_csi300_custom_step0_s_20260530_14,5847baa7992646489eb365bce4ab2627,0.044,,,
2362,2026-05-29,SH688981,-0.06169914826750755,EXP_XGBModel_Alpha158_csi300_custom_step0_s_20260530_14,5847baa7992646489eb365bce4ab2627,0.044,,,
2363,2026-05-29,SH688506,0.0199484433978796,EXP_XGBModel_Alpha158_csi300_custom_step0_s_20260530_14,5847baa7992646489eb365bce4ab2627,0.044,,,
2364,2026-05-29,SH688472,-0.07525844871997833,EXP_XGBModel_Alpha158_csi300_custom_step0_s_20260530_14,5847baa7992646489eb365bce4ab2627,0.044,,,
2365,2026-05-29,SH688396,-0.04608288034796715,EXP_XGBModel_Alpha158_csi300_custom_step0_s_20260530_14,5847baa7992646489eb365bce4ab2627,0.044,,,
2366,2026-05-29,SH688303,-0.03646618500351906,EXP_XGBModel_Alpha158_csi300_custom_step0_s_20260530_14,5847baa7992646489eb365bce4ab2627,0.044,,,
2367,2026-05-29,SZ000063,0.0014747183304280043,EXP_XGBModel_Alpha158_csi300_custom_step0_s_20260530_14,5847baa7992646489eb365bce4ab2627,0.044,,,
2368,2026-05-29,SZ000977,0.055644746869802475,EXP_XGBModel_Alpha158_csi300_custom_step0_s_20260530_14,5847baa7992646489eb365bce4ab2627,0.044,,,
2369,2026-05-29,SZ000568,-0.018009085208177567,EXP_XGBModel_Alpha158_csi300_custom_step0_s_20260530_14,5847baa7992646489eb365bce4ab2627,0.044,,,
2370,2026-05-29,SZ000617,-0.014950077049434185,EXP_XGBModel_Alpha158_csi300_custom_step0_s_20260530_14,5847baa7992646489eb365bce4ab2627,0.044,,,
2371,2026-05-29,SZ000963,-0.014958434738218784,EXP_XGBModel_Alpha158_csi300_custom_step0_s_20260530_14,5847baa7992646489eb365bce4ab2627,0.044,,,
2372,2026-05-29,SZ000938,0.04688306525349617,EXP_XGBModel_Alpha158_csi300_custom_step0_s_20260530_14,5847baa7992646489eb365bce4ab2627,0.044,,,
2373,2026-05-29,SZ000895,0.006701788865029812,EXP_XGBModel_Alpha158_csi300_custom_step0_s_20260530_14,5847baa7992646489eb365bce4ab2627,0.044,,,
2374,2026-05-29,SZ000876,-0.050989504903554916,EXP_XGBModel_Alpha158_csi300_custom_step0_s_20260530_14,5847baa7992646489eb365bce4ab2627,0.044,,,
2375,2026-05-29,SZ000858,-0.004501402843743563,EXP_XGBModel_Alpha158_csi300_custom_step0_s_20260530_14,5847baa7992646489eb365bce4ab2627,0.044,,,
2376,2026-05-29,SZ000807,-0.03528232499957085,EXP_XGBModel_Alpha158_csi300_custom_step0_s_20260530_14,5847baa7992646489eb365bce4ab2627,0.044,,,
2377,2026-05-29,SZ000792,-0.006911183707416058,EXP_XGBModel_Alpha158_csi300_custom_step0_s_20260530_14,5847baa7992646489eb365bce4ab2627,0.044,,,
2378,2026-05-29,SZ000596,-0.036326538771390915,EXP_XGBModel_Alpha158_csi300_custom_step0_s_20260530_14,5847baa7992646489eb365bce4ab2627,0.044,,,
2379,2026-05-29,SZ000786,0.0012102776672691107,EXP_XGBModel_Alpha158_csi300_custom_step0_s_20260530_14,5847baa7992646489eb365bce4ab2627,0.044,,,
2380,2026-05-29,SZ000768,-0.012873991392552853,EXP_XGBModel_Alpha158_csi300_custom_step0_s_20260530_14,5847baa7992646489eb365bce4ab2627,0.044,,,
2381,2026-05-29,SZ000725,0.12039154022932053,EXP_XGBModel_Alpha158_csi300_custom_step0_s_20260530_14,5847baa7992646489eb365bce4ab2627,0.044,,,
2382,2026-05-29,SZ000708,-0.01530169416218996,EXP_XGBModel_Alpha158_csi300_custom_step0_s_20260530_14,5847baa7992646489eb365bce4ab2627,0.044,,,
2383,2026-05-29,SZ000661,-0.0371554009616375,EXP_XGBModel_Alpha158_csi300_custom_step0_s_20260530_14,5847baa7992646489eb365bce4ab2627,0.044,,,
2384,2026-05-29,SZ000651,0.012964052148163319,EXP_XGBModel_Alpha158_csi300_custom_step0_s_20260530_14,5847baa7992646489eb365bce4ab2627,0.044,,,
2385,2026-05-29,SZ000630,-0.014324737712740898,EXP_XGBModel_Alpha158_csi300_custom_step0_s_20260530_14,5847baa7992646489eb365bce4ab2627,0.044,,,
2386,2026-05-29,SZ000625,-0.020047316327691078,EXP_XGBModel_Alpha158_csi300_custom_step0_s_20260530_14,5847baa7992646489eb365bce4ab2627,0.044,,,
2387,2026-05-29,SZ000776,-0.019784865900874138,EXP_XGBModel_Alpha158_csi300_custom_step0_s_20260530_14,5847baa7992646489eb365bce4ab2627,0.044,,,
2388,2026-05-29,SH601229,-0.005498860031366348,EXP_XGBModel_Alpha158_csi300_custom_step0_s_20260530_14,5847baa7992646489eb365bce4ab2627,0.044,,,
2389,2026-05-29,SH601225,-0.03197496384382248,EXP_XGBModel_Alpha158_csi300_custom_step0_s_20260530_14,5847baa7992646489eb365bce4ab2627,0.044,,,
2390,2026-05-29,SH601211,-0.018585912883281708,EXP_XGBModel_Alpha158_csi300_custom_step0_s_20260530_14,5847baa7992646489eb365bce4ab2627,0.044,,,
2391,2026-05-29,SH600009,-0.022673504427075386,EXP_XGBModel_Alpha158_csi300_custom_step0_s_20260530_14,5847baa7992646489eb365bce4ab2627,0.044,,,
2392,2026-05-29,SH600000,-0.01820659264922142,EXP_XGBModel_Alpha158_csi300_custom_step0_s_20260530_14,5847baa7992646489eb365bce4ab2627,0.044,,,
2393,2026-05-29,SZ302132,-0.03365068510174751,EXP_LinearModel_Alpha158_csi300_custom_step0_s_20260530_14,11954a32eaad4fdc8ce18a4edd1fb6cc,0.045,,,
2394,2026-05-29,SZ301269,-0.2900218367576599,EXP_LinearModel_Alpha158_csi300_custom_step0_s_20260530_14,11954a32eaad4fdc8ce18a4edd1fb6cc,0.045,,,
2395,2026-05-29,SZ301236,-0.22951184213161469,EXP_LinearModel_Alpha158_csi300_custom_step0_s_20260530_14,11954a32eaad4fdc8ce18a4edd1fb6cc,0.045,,,
2396,2026-05-29,SZ300999,-0.017504369840025902,EXP_LinearModel_Alpha158_csi300_custom_step0_s_20260530_14,11954a32eaad4fdc8ce18a4edd1fb6cc,0.045,,,
2397,2026-05-29,SZ300979,-0.029934009537100792,EXP_LinearModel_Alpha158_csi300_custom_step0_s_20260530_14,11954a32eaad4fdc8ce18a4edd1fb6cc,0.045,,,
2398,2026-05-29,SH600010,-0.0532442107796669,EXP_XGBModel_Alpha158_csi300_custom_step0_s_20260530_14,5847baa7992646489eb365bce4ab2627,0.044,,,
2399,2026-05-29,SZ300896,0.0955519899725914,EXP_LinearModel_Alpha158_csi300_custom_step0_s_20260530_14,11954a32eaad4fdc8ce18a4edd1fb6cc,0.045,,,
2400,2026-05-29,SZ300832,0.1473688930273056,EXP_LinearModel_Alpha158_csi300_custom_step0_s_20260530_14,11954a32eaad4fdc8ce18a4edd1fb6cc,0.045,,,
2401,2026-05-29,SZ300803,-0.0633092075586319,EXP_LinearModel_Alpha158_csi300_custom_step0_s_20260530_14,11954a32eaad4fdc8ce18a4edd1fb6cc,0.045,,,
2402,2026-05-29,SZ300782,-0.045368678867816925,EXP_LinearModel_Alpha158_csi300_custom_step0_s_20260530_14,11954a32eaad4fdc8ce18a4edd1fb6cc,0.045,,,
2403,2026-05-29,SZ300760,0.06322760134935379,EXP_LinearModel_Alpha158_csi300_custom_step0_s_20260530_14,11954a32eaad4fdc8ce18a4edd1fb6cc,0.045,,,
2404,2026-05-29,SZ300759,-0.1010534018278122,EXP_LinearModel_Alpha158_csi300_custom_step0_s_20260530_14,11954a32eaad4fdc8ce18a4edd1fb6cc,0.045,,,
2405,2026-05-29,SZ300750,-0.039973024278879166,EXP_LinearModel_Alpha158_csi300_custom_step0_s_20260530_14,11954a32eaad4fdc8ce18a4edd1fb6cc,0.045,,,
2406,2026-05-29,SZ300661,-0.035582032054662704,EXP_LinearModel_Alpha158_csi300_custom_step0_s_20260530_14,11954a32eaad4fdc8ce18a4edd1fb6cc,0.045,,,
2407,2026-05-29,SZ300866,0.07987187802791595,EXP_LinearModel_Alpha158_csi300_custom_step0_s_20260530_14,11954a32eaad4fdc8ce18a4edd1fb6cc,0.045,,,
2408,2026-05-29,SZ300628,0.005016939714550972,EXP_LinearModel_Alpha158_csi300_custom_step0_s_20260530_14,11954a32eaad4fdc8ce18a4edd1fb6cc,0.045,,,
2409,2026-05-29,SH600011,0.047957610338926315,EXP_XGBModel_Alpha158_csi300_custom_step0_s_20260530_14,5847baa7992646489eb365bce4ab2627,0.044,,,
2410,2026-05-29,SH600016,-0.007289998233318329,EXP_XGBModel_Alpha158_csi300_custom_step0_s_20260530_14,5847baa7992646489eb365bce4ab2627,0.044,,,
2411,2026-05-29,SH600066,-0.01756466180086136,EXP_XGBModel_Alpha158_csi300_custom_step0_s_20260530_14,5847baa7992646489eb365bce4ab2627,0.044,,,
2412,2026-05-29,SH600061,-0.02375531755387783,EXP_XGBModel_Alpha158_csi300_custom_step0_s_20260530_14,5847baa7992646489eb365bce4ab2627,0.044,,,
2413,2026-05-29,SH600050,-0.012309645302593708,EXP_XGBModel_Alpha158_csi300_custom_step0_s_20260530_14,5847baa7992646489eb365bce4ab2627,0.044,,,
2414,2026-05-29,SH600048,-0.029639016836881638,EXP_XGBModel_Alpha158_csi300_custom_step0_s_20260530_14,5847baa7992646489eb365bce4ab2627,0.044,,,
2415,2026-05-29,SH600039,-0.029015090316534042,EXP_XGBModel_Alpha158_csi300_custom_step0_s_20260530_14,5847baa7992646489eb365bce4ab2627,0.044,,,
2416,2026-05-29,SH600036,0.030252765864133835,EXP_XGBModel_Alpha158_csi300_custom_step0_s_20260530_14,5847baa7992646489eb365bce4ab2627,0.044,,,
2417,2026-05-29,SH600031,-0.03688278794288635,EXP_XGBModel_Alpha158_csi300_custom_step0_s_20260530_14,5847baa7992646489eb365bce4ab2627,0.044,,,
2418,2026-05-29,SH600015,-0.020370634272694588,EXP_XGBModel_Alpha158_csi300_custom_step0_s_20260530_14,5847baa7992646489eb365bce4ab2627,0.044,,,
2419,2026-05-29,SH600030,-0.007749377284198999,EXP_XGBModel_Alpha158_csi300_custom_step0_s_20260530_14,5847baa7992646489eb365bce4ab2627,0.044,,,
2420,2026-05-29,SH600028,-0.020370876416563988,EXP_XGBModel_Alpha158_csi300_custom_step0_s_20260530_14,5847baa7992646489eb365bce4ab2627,0.044,,,
2421,2026-05-29,SH600027,-0.014696146361529827,EXP_XGBModel_Alpha158_csi300_custom_step0_s_20260530_14,5847baa7992646489eb365bce4ab2627,0.044,,,
2422,2026-05-29,SH600026,-0.020726867020130157,EXP_XGBModel_Alpha158_csi300_custom_step0_s_20260530_14,5847baa7992646489eb365bce4ab2627,0.044,,,
2423,2026-05-29,SH600025,0.021808719262480736,EXP_XGBModel_Alpha158_csi300_custom_step0_s_20260530_14,5847baa7992646489eb365bce4ab2627,0.044,,,
2424,2026-05-29,SH600023,0.030318966135382652,EXP_XGBModel_Alpha158_csi300_custom_step0_s_20260530_14,5847baa7992646489eb365bce4ab2627,0.044,,,
2425,2026-05-29,SH600019,-0.002688064007088542,EXP_XGBModel_Alpha158_csi300_custom_step0_s_20260530_14,5847baa7992646489eb365bce4ab2627,0.044,,,
2426,2026-05-29,SH600018,0.039330221712589264,EXP_XGBModel_Alpha158_csi300_custom_step0_s_20260530_14,5847baa7992646489eb365bce4ab2627,0.044,,,
2427,2026-05-29,SH600029,-0.0498136430978775,EXP_XGBModel_Alpha158_csi300_custom_step0_s_20260530_14,5847baa7992646489eb365bce4ab2627,0.044,,,
2428,2026-05-29,SH600085,-0.020357387140393257,EXP_XGBModel_Alpha158_csi300_custom_step0_s_20260530_14,5847baa7992646489eb365bce4ab2627,0.044,,,
2429,2026-05-29,SZ300502,0.07518476247787476,EXP_LinearModel_Alpha158_csi300_custom_step0_s_20260530_14,11954a32eaad4fdc8ce18a4edd1fb6cc,0.045,,,
2430,2026-05-29,SZ300476,0.05922353267669678,EXP_LinearModel_Alpha158_csi300_custom_step0_s_20260530_14,11954a32eaad4fdc8ce18a4edd1fb6cc,0.045,,,
2431,2026-05-29,SZ002916,0.13028188049793243,EXP_LinearModel_Alpha158_csi300_custom_step0_s_20260530_14,11954a32eaad4fdc8ce18a4edd1fb6cc,0.045,,,
2432,2026-05-29,SZ002736,0.030237941071391106,EXP_LinearModel_Alpha158_csi300_custom_step0_s_20260530_14,11954a32eaad4fdc8ce18a4edd1fb6cc,0.045,,,
2433,2026-05-29,SZ002714,0.1058223769068718,EXP_LinearModel_Alpha158_csi300_custom_step0_s_20260530_14,11954a32eaad4fdc8ce18a4edd1fb6cc,0.045,,,
2434,2026-05-29,SZ002709,0.4203549921512604,EXP_LinearModel_Alpha158_csi300_custom_step0_s_20260530_14,11954a32eaad4fdc8ce18a4edd1fb6cc,0.045,,,
2435,2026-05-29,SZ002648,0.14595119655132294,EXP_LinearModel_Alpha158_csi300_custom_step0_s_20260530_14,11954a32eaad4fdc8ce18a4edd1fb6cc,0.045,,,
2436,2026-05-29,SZ002625,-0.022425098344683647,EXP_LinearModel_Alpha158_csi300_custom_step0_s_20260530_14,11954a32eaad4fdc8ce18a4edd1fb6cc,0.045,,,
2437,2026-05-29,SZ002601,0.10756387561559677,EXP_LinearModel_Alpha158_csi300_custom_step0_s_20260530_14,11954a32eaad4fdc8ce18a4edd1fb6cc,0.045,,,
2438,2026-05-29,SZ002920,-0.18746325373649597,EXP_LinearModel_Alpha158_csi300_custom_step0_s_20260530_14,11954a32eaad4fdc8ce18a4edd1fb6cc,0.045,,,
2439,2026-05-29,SZ002600,-0.15875296294689178,EXP_LinearModel_Alpha158_csi300_custom_step0_s_20260530_14,11954a32eaad4fdc8ce18a4edd1fb6cc,0.045,,,
2440,2026-05-29,SZ002493,0.1302962750196457,EXP_LinearModel_Alpha158_csi300_custom_step0_s_20260530_14,11954a32eaad4fdc8ce18a4edd1fb6cc,0.045,,,
2441,2026-05-29,SZ002475,-0.09277218580245972,EXP_LinearModel_Alpha158_csi300_custom_step0_s_20260530_14,11954a32eaad4fdc8ce18a4edd1fb6cc,0.045,,,
2442,2026-05-29,SZ002466,0.05849902331829071,EXP_LinearModel_Alpha158_csi300_custom_step0_s_20260530_14,11954a32eaad4fdc8ce18a4edd1fb6cc,0.045,,,
2443,2026-05-29,SZ002463,0.10868614912033081,EXP_LinearModel_Alpha158_csi300_custom_step0_s_20260530_14,11954a32eaad4fdc8ce18a4edd1fb6cc,0.045,,,
2444,2026-05-29,SZ002460,0.07558391243219376,EXP_LinearModel_Alpha158_csi300_custom_step0_s_20260530_14,11954a32eaad4fdc8ce18a4edd1fb6cc,0.045,,,
2445,2026-05-29,SZ002459,0.04600037261843681,EXP_LinearModel_Alpha158_csi300_custom_step0_s_20260530_14,11954a32eaad4fdc8ce18a4edd1fb6cc,0.045,,,
2446,2026-05-29,SZ002422,0.05532063543796539,EXP_LinearModel_Alpha158_csi300_custom_step0_s_20260530_14,11954a32eaad4fdc8ce18a4edd1fb6cc,0.045,,,
2447,2026-05-29,SZ002594,-0.02228553034365177,EXP_LinearModel_Alpha158_csi300_custom_step0_s_20260530_14,11954a32eaad4fdc8ce18a4edd1fb6cc,0.045,,,
2448,2026-05-29,SZ300498,0.05540059506893158,EXP_LinearModel_Alpha158_csi300_custom_step0_s_20260530_14,11954a32eaad4fdc8ce18a4edd1fb6cc,0.045,,,
2449,2026-05-29,SZ002938,-0.09864876419305801,EXP_LinearModel_Alpha158_csi300_custom_step0_s_20260530_14,11954a32eaad4fdc8ce18a4edd1fb6cc,0.045,,,
2450,2026-05-29,SZ300014,0.04497165605425835,EXP_LinearModel_Alpha158_csi300_custom_step0_s_20260530_14,11954a32eaad4fdc8ce18a4edd1fb6cc,0.045,,,
2451,2026-05-29,SZ300442,0.11773724108934402,EXP_LinearModel_Alpha158_csi300_custom_step0_s_20260530_14,11954a32eaad4fdc8ce18a4edd1fb6cc,0.045,,,
2452,2026-05-29,SZ300433,0.07313957810401917,EXP_LinearModel_Alpha158_csi300_custom_step0_s_20260530_14,11954a32eaad4fdc8ce18a4edd1fb6cc,0.045,,,
2453,2026-05-29,SZ300418,-0.0032874010503292084,EXP_LinearModel_Alpha158_csi300_custom_step0_s_20260530_14,11954a32eaad4fdc8ce18a4edd1fb6cc,0.045,,,
2454,2026-05-29,SZ300413,0.06480806320905685,EXP_LinearModel_Alpha158_csi300_custom_step0_s_20260530_14,11954a32eaad4fdc8ce18a4edd1fb6cc,0.045,,,
2455,2026-05-29,SZ300408,0.1005077064037323,EXP_LinearModel_Alpha158_csi300_custom_step0_s_20260530_14,11954a32eaad4fdc8ce18a4edd1fb6cc,0.045,,,
2456,2026-05-29,SZ300394,0.1126897931098938,EXP_LinearModel_Alpha158_csi300_custom_step0_s_20260530_14,11954a32eaad4fdc8ce18a4edd1fb6cc,0.045,,,
2457,2026-05-29,SZ300347,0.043073028326034546,EXP_LinearModel_Alpha158_csi300_custom_step0_s_20260530_14,11954a32eaad4fdc8ce18a4edd1fb6cc,0.045,,,
2458,2026-05-29,SZ003816,0.040713466703891754,EXP_LinearModel_Alpha158_csi300_custom_step0_s_20260530_14,11954a32eaad4fdc8ce18a4edd1fb6cc,0.045,,,
2459,2026-05-29,SZ300316,-0.018429819494485855,EXP_LinearModel_Alpha158_csi300_custom_step0_s_20260530_14,11954a32eaad4fdc8ce18a4edd1fb6cc,0.045,,,
2460,2026-05-29,SZ300274,0.13758444786071777,EXP_LinearModel_Alpha158_csi300_custom_step0_s_20260530_14,11954a32eaad4fdc8ce18a4edd1fb6cc,0.045,,,
2461,2026-05-29,SZ300251,0.19803479313850403,EXP_LinearModel_Alpha158_csi300_custom_step0_s_20260530_14,11954a32eaad4fdc8ce18a4edd1fb6cc,0.045,,,
2462,2026-05-29,SZ300124,0.15344756841659546,EXP_LinearModel_Alpha158_csi300_custom_step0_s_20260530_14,11954a32eaad4fdc8ce18a4edd1fb6cc,0.045,,,
2463,2026-05-29,SZ300122,0.08976586163043976,EXP_LinearModel_Alpha158_csi300_custom_step0_s_20260530_14,11954a32eaad4fdc8ce18a4edd1fb6cc,0.045,,,
2464,2026-05-29,SZ300059,0.00312219001352787,EXP_LinearModel_Alpha158_csi300_custom_step0_s_20260530_14,11954a32eaad4fdc8ce18a4edd1fb6cc,0.045,,,
2465,2026-05-29,SZ300033,-0.04185483232140541,EXP_LinearModel_Alpha158_csi300_custom_step0_s_20260530_14,11954a32eaad4fdc8ce18a4edd1fb6cc,0.045,,,
2466,2026-05-29,SZ300015,0.18287362158298492,EXP_LinearModel_Alpha158_csi300_custom_step0_s_20260530_14,11954a32eaad4fdc8ce18a4edd1fb6cc,0.045,,,
2467,2026-05-29,SZ300308,0.1251797080039978,EXP_LinearModel_Alpha158_csi300_custom_step0_s_20260530_14,11954a32eaad4fdc8ce18a4edd1fb6cc,0.045,,,
2468,2026-05-29,SZ002384,0.1435844600200653,EXP_LinearModel_Alpha158_csi300_custom_step0_s_20260530_14,11954a32eaad4fdc8ce18a4edd1fb6cc,0.045,,,
2469,2026-05-29,SH600089,-0.02679602988064289,EXP_XGBModel_Alpha158_csi300_custom_step0_s_20260530_14,5847baa7992646489eb365bce4ab2627,0.044,,,
2470,2026-05-29,SH600111,-0.037171244621276855,EXP_XGBModel_Alpha158_csi300_custom_step0_s_20260530_14,5847baa7992646489eb365bce4ab2627,0.044,,,
2471,2026-05-29,SH600989,0.012058993801474571,EXP_XGBModel_Alpha158_csi300_custom_step0_s_20260530_14,5847baa7992646489eb365bce4ab2627,0.044,,,
2472,2026-05-29,SH600958,-0.034831784665584564,EXP_XGBModel_Alpha158_csi300_custom_step0_s_20260530_14,5847baa7992646489eb365bce4ab2627,0.044,,,
2473,2026-05-29,SH600941,0.009277891367673874,EXP_XGBModel_Alpha158_csi300_custom_step0_s_20260530_14,5847baa7992646489eb365bce4ab2627,0.044,,,
2474,2026-05-29,SH600938,-0.02139296941459179,EXP_XGBModel_Alpha158_csi300_custom_step0_s_20260530_14,5847baa7992646489eb365bce4ab2627,0.044,,,
2475,2026-05-29,SH600930,-0.03244783729314804,EXP_XGBModel_Alpha158_csi300_custom_step0_s_20260530_14,5847baa7992646489eb365bce4ab2627,0.044,,,
2476,2026-05-29,SH600926,-0.011061027646064758,EXP_XGBModel_Alpha158_csi300_custom_step0_s_20260530_14,5847baa7992646489eb365bce4ab2627,0.044,,,
2477,2026-05-29,SH600919,0.04792901128530502,EXP_XGBModel_Alpha158_csi300_custom_step0_s_20260530_14,5847baa7992646489eb365bce4ab2627,0.044,,,
2478,2026-05-29,SH600999,0.007956854067742825,EXP_XGBModel_Alpha158_csi300_custom_step0_s_20260530_14,5847baa7992646489eb365bce4ab2627,0.044,,,
2479,2026-05-29,SH600918,-0.009786572307348251,EXP_XGBModel_Alpha158_csi300_custom_step0_s_20260530_14,5847baa7992646489eb365bce4ab2627,0.044,,,
2480,2026-05-29,SH600900,0.11503846198320389,EXP_XGBModel_Alpha158_csi300_custom_step0_s_20260530_14,5847baa7992646489eb365bce4ab2627,0.044,,,
2481,2026-05-29,SH600893,-0.02872283197939396,EXP_XGBModel_Alpha158_csi300_custom_step0_s_20260530_14,5847baa7992646489eb365bce4ab2627,0.044,,,
2482,2026-05-29,SH600887,0.0076881637796759605,EXP_XGBModel_Alpha158_csi300_custom_step0_s_20260530_14,5847baa7992646489eb365bce4ab2627,0.044,,,
2483,2026-05-29,SH600886,0.053669389337301254,EXP_XGBModel_Alpha158_csi300_custom_step0_s_20260530_14,5847baa7992646489eb365bce4ab2627,0.044,,,
2484,2026-05-29,SH600875,-0.03044799342751503,EXP_XGBModel_Alpha158_csi300_custom_step0_s_20260530_14,5847baa7992646489eb365bce4ab2627,0.044,,,
2485,2026-05-29,SH600845,-0.024107297882437706,EXP_XGBModel_Alpha158_csi300_custom_step0_s_20260530_14,5847baa7992646489eb365bce4ab2627,0.044,,,
2486,2026-05-29,SH600809,-0.032732799649238586,EXP_XGBModel_Alpha158_csi300_custom_step0_s_20260530_14,5847baa7992646489eb365bce4ab2627,0.044,,,
2487,2026-05-29,SH600905,0.03501535579562187,EXP_XGBModel_Alpha158_csi300_custom_step0_s_20260530_14,5847baa7992646489eb365bce4ab2627,0.044,,,
2488,2026-05-29,SH600803,-0.01416830439120531,EXP_XGBModel_Alpha158_csi300_custom_step0_s_20260530_14,5847baa7992646489eb365bce4ab2627,0.044,,,
2489,2026-05-29,SH601006,0.0017716048751026392,EXP_XGBModel_Alpha158_csi300_custom_step0_s_20260530_14,5847baa7992646489eb365bce4ab2627,0.044,,,
2490,2026-05-29,SH601012,0.04348580911755562,EXP_XGBModel_Alpha158_csi300_custom_step0_s_20260530_14,5847baa7992646489eb365bce4ab2627,0.044,,,
2491,2026-05-29,SH601186,-0.011103752069175243,EXP_XGBModel_Alpha158_csi300_custom_step0_s_20260530_14,5847baa7992646489eb365bce4ab2627,0.044,,,
2492,2026-05-29,SH601169,0.026111897081136703,EXP_XGBModel_Alpha158_csi300_custom_step0_s_20260530_14,5847baa7992646489eb365bce4ab2627,0.044,,,
2493,2026-05-29,SH601166,0.043181002140045166,EXP_XGBModel_Alpha158_csi300_custom_step0_s_20260530_14,5847baa7992646489eb365bce4ab2627,0.044,,,
2494,2026-05-29,SH601138,-0.06294559687376022,EXP_XGBModel_Alpha158_csi300_custom_step0_s_20260530_14,5847baa7992646489eb365bce4ab2627,0.044,,,
2495,2026-05-29,SH601136,-0.059681013226509094,EXP_XGBModel_Alpha158_csi300_custom_step0_s_20260530_14,5847baa7992646489eb365bce4ab2627,0.044,,,
2496,2026-05-29,SH601127,-0.02406112104654312,EXP_XGBModel_Alpha158_csi300_custom_step0_s_20260530_14,5847baa7992646489eb365bce4ab2627,0.044,,,
2497,2026-05-29,SH601117,-0.014173468574881554,EXP_XGBModel_Alpha158_csi300_custom_step0_s_20260530_14,5847baa7992646489eb365bce4ab2627,0.044,,,
2498,2026-05-29,SH601009,-0.016667600721120834,EXP_XGBModel_Alpha158_csi300_custom_step0_s_20260530_14,5847baa7992646489eb365bce4ab2627,0.044,,,
2499,2026-05-29,SH601111,-0.026373736560344696,EXP_XGBModel_Alpha158_csi300_custom_step0_s_20260530_14,5847baa7992646489eb365bce4ab2627,0.044,,,
2500,2026-05-29,SH601088,0.00045348709682002664,EXP_XGBModel_Alpha158_csi300_custom_step0_s_20260530_14,5847baa7992646489eb365bce4ab2627,0.044,,,
2501,2026-05-29,SH601077,0.007624318357557058,EXP_XGBModel_Alpha158_csi300_custom_step0_s_20260530_14,5847baa7992646489eb365bce4ab2627,0.044,,,
2502,2026-05-29,SH601066,0.0367574580013752,EXP_XGBModel_Alpha158_csi300_custom_step0_s_20260530_14,5847baa7992646489eb365bce4ab2627,0.044,,,
2503,2026-05-29,SH601059,0.05957571044564247,EXP_XGBModel_Alpha158_csi300_custom_step0_s_20260530_14,5847baa7992646489eb365bce4ab2627,0.044,,,
2504,2026-05-29,SH601058,-0.022824857383966446,EXP_XGBModel_Alpha158_csi300_custom_step0_s_20260530_14,5847baa7992646489eb365bce4ab2627,0.044,,,
2505,2026-05-29,SH601021,-0.016386868432164192,EXP_XGBModel_Alpha158_csi300_custom_step0_s_20260530_14,5847baa7992646489eb365bce4ab2627,0.044,,,
2506,2026-05-29,SH601018,-0.02284376323223114,EXP_XGBModel_Alpha158_csi300_custom_step0_s_20260530_14,5847baa7992646489eb365bce4ab2627,0.044,,,
2507,2026-05-29,SH601100,-0.012200144119560719,EXP_XGBModel_Alpha158_csi300_custom_step0_s_20260530_14,5847baa7992646489eb365bce4ab2627,0.044,,,
2508,2026-05-29,SH600104,-0.029318829998373985,EXP_XGBModel_Alpha158_csi300_custom_step0_s_20260530_14,5847baa7992646489eb365bce4ab2627,0.044,,,
2509,2026-05-29,SH600795,0.00908692181110382,EXP_XGBModel_Alpha158_csi300_custom_step0_s_20260530_14,5847baa7992646489eb365bce4ab2627,0.044,,,
2510,2026-05-29,SH600741,-0.007391076534986496,EXP_XGBModel_Alpha158_csi300_custom_step0_s_20260530_14,5847baa7992646489eb365bce4ab2627,0.044,,,
2511,2026-05-29,SH600377,0.23035955429077148,EXP_XGBModel_Alpha158_csi300_custom_step0_s_20260530_14,5847baa7992646489eb365bce4ab2627,0.044,,,
2512,2026-05-29,SH600372,-0.015366713516414165,EXP_XGBModel_Alpha158_csi300_custom_step0_s_20260530_14,5847baa7992646489eb365bce4ab2627,0.044,,,
2513,2026-05-29,SH600362,-0.0588916540145874,EXP_XGBModel_Alpha158_csi300_custom_step0_s_20260530_14,5847baa7992646489eb365bce4ab2627,0.044,,,
2514,2026-05-29,SH600346,0.045480165630578995,EXP_XGBModel_Alpha158_csi300_custom_step0_s_20260530_14,5847baa7992646489eb365bce4ab2627,0.044,,,
2515,2026-05-29,SH600309,0.0008267795783467591,EXP_XGBModel_Alpha158_csi300_custom_step0_s_20260530_14,5847baa7992646489eb365bce4ab2627,0.044,,,
2516,2026-05-29,SH600276,-0.022996626794338226,EXP_XGBModel_Alpha158_csi300_custom_step0_s_20260530_14,5847baa7992646489eb365bce4ab2627,0.044,,,
2517,2026-05-29,SH600233,-0.024456702172756195,EXP_XGBModel_Alpha158_csi300_custom_step0_s_20260530_14,5847baa7992646489eb365bce4ab2627,0.044,,,
2518,2026-05-29,SH600406,-0.02378367818892002,EXP_XGBModel_Alpha158_csi300_custom_step0_s_20260530_14,5847baa7992646489eb365bce4ab2627,0.044,,,
2519,2026-05-29,SH600219,-0.11642409861087799,EXP_XGBModel_Alpha158_csi300_custom_step0_s_20260530_14,5847baa7992646489eb365bce4ab2627,0.044,,,
2520,2026-05-29,SH600188,-0.04038112983107567,EXP_XGBModel_Alpha158_csi300_custom_step0_s_20260530_14,5847baa7992646489eb365bce4ab2627,0.044,,,
2521,2026-05-29,SH600183,0.0028121396899223328,EXP_XGBModel_Alpha158_csi300_custom_step0_s_20260530_14,5847baa7992646489eb365bce4ab2627,0.044,,,
2522,2026-05-29,SH600176,-0.18580304086208344,EXP_XGBModel_Alpha158_csi300_custom_step0_s_20260530_14,5847baa7992646489eb365bce4ab2627,0.044,,,
2523,2026-05-29,SH600161,-0.015065901912748814,EXP_XGBModel_Alpha158_csi300_custom_step0_s_20260530_14,5847baa7992646489eb365bce4ab2627,0.044,,,
2524,2026-05-29,SH600160,-0.059648752212524414,EXP_XGBModel_Alpha158_csi300_custom_step0_s_20260530_14,5847baa7992646489eb365bce4ab2627,0.044,,,
2525,2026-05-29,SH600150,0.07981177419424057,EXP_XGBModel_Alpha158_csi300_custom_step0_s_20260530_14,5847baa7992646489eb365bce4ab2627,0.044,,,
2526,2026-05-29,SH600115,-0.03750387206673622,EXP_XGBModel_Alpha158_csi300_custom_step0_s_20260530_14,5847baa7992646489eb365bce4ab2627,0.044,,,
2527,2026-05-29,SH600196,-0.02148640900850296,EXP_XGBModel_Alpha158_csi300_custom_step0_s_20260530_14,5847baa7992646489eb365bce4ab2627,0.044,,,
2528,2026-05-29,SH600760,-0.03136158734560013,EXP_XGBModel_Alpha158_csi300_custom_step0_s_20260530_14,5847baa7992646489eb365bce4ab2627,0.044,,,
2529,2026-05-29,SH600415,-0.04406597465276718,EXP_XGBModel_Alpha158_csi300_custom_step0_s_20260530_14,5847baa7992646489eb365bce4ab2627,0.044,,,
2530,2026-05-29,SH600436,-0.018806369975209236,EXP_XGBModel_Alpha158_csi300_custom_step0_s_20260530_14,5847baa7992646489eb365bce4ab2627,0.044,,,
2531,2026-05-29,SH600690,-0.014095038175582886,EXP_XGBModel_Alpha158_csi300_custom_step0_s_20260530_14,5847baa7992646489eb365bce4ab2627,0.044,,,
2532,2026-05-29,SH600674,0.01843157410621643,EXP_XGBModel_Alpha158_csi300_custom_step0_s_20260530_14,5847baa7992646489eb365bce4ab2627,0.044,,,
2533,2026-05-29,SH600660,-0.019724998623132706,EXP_XGBModel_Alpha158_csi300_custom_step0_s_20260530_14,5847baa7992646489eb365bce4ab2627,0.044,,,
2534,2026-05-29,SH600600,0.028558598831295967,EXP_XGBModel_Alpha158_csi300_custom_step0_s_20260530_14,5847baa7992646489eb365bce4ab2627,0.044,,,
2535,2026-05-29,SH600588,-0.022560274228453636,EXP_XGBModel_Alpha158_csi300_custom_step0_s_20260530_14,5847baa7992646489eb365bce4ab2627,0.044,,,
2536,2026-05-29,SH600585,-0.014285650104284286,EXP_XGBModel_Alpha158_csi300_custom_step0_s_20260530_14,5847baa7992646489eb365bce4ab2627,0.044,,,
2537,2026-05-29,SH600584,0.2980257570743561,EXP_XGBModel_Alpha158_csi300_custom_step0_s_20260530_14,5847baa7992646489eb365bce4ab2627,0.044,,,
2538,2026-05-29,SH600426,0.011637544259428978,EXP_XGBModel_Alpha158_csi300_custom_step0_s_20260530_14,5847baa7992646489eb365bce4ab2627,0.044,,,
2539,2026-05-29,SH600570,-0.01802462711930275,EXP_XGBModel_Alpha158_csi300_custom_step0_s_20260530_14,5847baa7992646489eb365bce4ab2627,0.044,,,
2540,2026-05-29,SH600522,0.03921715170145035,EXP_XGBModel_Alpha158_csi300_custom_step0_s_20260530_14,5847baa7992646489eb365bce4ab2627,0.044,,,
2541,2026-05-29,SH600519,-0.013583645224571228,EXP_XGBModel_Alpha158_csi300_custom_step0_s_20260530_14,5847baa7992646489eb365bce4ab2627,0.044,,,
2542,2026-05-29,SH600515,-0.020830700173974037,EXP_XGBModel_Alpha158_csi300_custom_step0_s_20260530_14,5847baa7992646489eb365bce4ab2627,0.044,,,
2543,2026-05-29,SH600489,-0.00586412288248539,EXP_XGBModel_Alpha158_csi300_custom_step0_s_20260530_14,5847baa7992646489eb365bce4ab2627,0.044,,,
2544,2026-05-29,SH600482,-0.010259082540869713,EXP_XGBModel_Alpha158_csi300_custom_step0_s_20260530_14,5847baa7992646489eb365bce4ab2627,0.044,,,
2545,2026-05-29,SH600460,0.008173593319952488,EXP_XGBModel_Alpha158_csi300_custom_step0_s_20260530_14,5847baa7992646489eb365bce4ab2627,0.044,,,
2546,2026-05-29,SH600438,-0.05366188660264015,EXP_XGBModel_Alpha158_csi300_custom_step0_s_20260530_14,5847baa7992646489eb365bce4ab2627,0.044,,,
2547,2026-05-29,SH600547,0.021149806678295135,EXP_XGBModel_Alpha158_csi300_custom_step0_s_20260530_14,5847baa7992646489eb365bce4ab2627,0.044,,,
2548,2026-05-29,SH601919,-0.031199023415910812,EXP_DEnsembleModel_Alpha158_csi300_custom_step0_s_20260530_14,1310739e01884cbf950d939194a8bab6,0.074,,,
2549,2026-05-29,SH601916,0.14002330223669443,EXP_DEnsembleModel_Alpha158_csi300_custom_step0_s_20260530_14,1310739e01884cbf950d939194a8bab6,0.074,,,
2550,2026-05-29,SH601901,0.06923681708201794,EXP_DEnsembleModel_Alpha158_csi300_custom_step0_s_20260530_14,1310739e01884cbf950d939194a8bab6,0.074,,,
2551,2026-05-29,SZ002493,-0.002957443700578083,EXP_CatBoostModel_Alpha158_csi300_custom_step0_s_20260530_16,6ff1d289d155480884054fb016db8e08,0.071,,,
2552,2026-05-29,SZ002475,-0.0010602453079332566,EXP_CatBoostModel_Alpha158_csi300_custom_step0_s_20260530_16,6ff1d289d155480884054fb016db8e08,0.071,,,
2553,2026-05-29,SZ002466,-0.0026413995678567243,EXP_CatBoostModel_Alpha158_csi300_custom_step0_s_20260530_16,6ff1d289d155480884054fb016db8e08,0.071,,,
2554,2026-05-29,SZ002463,-0.0021004167621092424,EXP_CatBoostModel_Alpha158_csi300_custom_step0_s_20260530_16,6ff1d289d155480884054fb016db8e08,0.071,,,
2555,2026-05-29,SZ002460,0.0003666297844528916,EXP_CatBoostModel_Alpha158_csi300_custom_step0_s_20260530_16,6ff1d289d155480884054fb016db8e08,0.071,,,
2556,2026-05-29,SZ002459,-0.003606797698675732,EXP_CatBoostModel_Alpha158_csi300_custom_step0_s_20260530_16,6ff1d289d155480884054fb016db8e08,0.071,,,
2557,2026-05-29,SZ002422,-0.0021004167621092424,EXP_CatBoostModel_Alpha158_csi300_custom_step0_s_20260530_16,6ff1d289d155480884054fb016db8e08,0.071,,,
2558,2026-05-29,SZ002415,-0.002816424283608943,EXP_CatBoostModel_Alpha158_csi300_custom_step0_s_20260530_16,6ff1d289d155480884054fb016db8e08,0.071,,,
2559,2026-05-29,SZ002384,0.011564826551511965,EXP_CatBoostModel_Alpha158_csi300_custom_step0_s_20260530_16,6ff1d289d155480884054fb016db8e08,0.071,,,
2560,2026-05-29,SZ002371,0.004622759029436718,EXP_CatBoostModel_Alpha158_csi300_custom_step0_s_20260530_16,6ff1d289d155480884054fb016db8e08,0.071,,,
2561,2026-05-29,SZ002352,0.0023689872014446027,EXP_CatBoostModel_Alpha158_csi300_custom_step0_s_20260530_16,6ff1d289d155480884054fb016db8e08,0.071,,,
2562,2026-05-29,SZ002311,-0.0008318998597508384,EXP_CatBoostModel_Alpha158_csi300_custom_step0_s_20260530_16,6ff1d289d155480884054fb016db8e08,0.071,,,
2563,2026-05-29,SZ002304,-0.0017972979905698458,EXP_CatBoostModel_Alpha158_csi300_custom_step0_s_20260530_16,6ff1d289d155480884054fb016db8e08,0.071,,,
2564,2026-05-29,SZ002252,-0.0017972979905698458,EXP_CatBoostModel_Alpha158_csi300_custom_step0_s_20260530_16,6ff1d289d155480884054fb016db8e08,0.071,,,
2565,2026-05-29,SZ002241,-0.003156871437185211,EXP_CatBoostModel_Alpha158_csi300_custom_step0_s_20260530_16,6ff1d289d155480884054fb016db8e08,0.071,,,
2566,2026-05-29,SZ002594,-0.0007002742927409819,EXP_CatBoostModel_Alpha158_csi300_custom_step0_s_20260530_16,6ff1d289d155480884054fb016db8e08,0.071,,,
2567,2026-05-29,SZ002600,-0.003606797698675732,EXP_CatBoostModel_Alpha158_csi300_custom_step0_s_20260530_16,6ff1d289d155480884054fb016db8e08,0.071,,,
2568,2026-05-29,SZ002601,-0.0020617097310255774,EXP_CatBoostModel_Alpha158_csi300_custom_step0_s_20260530_16,6ff1d289d155480884054fb016db8e08,0.071,,,
2569,2026-05-29,SZ002625,-0.002957443700578083,EXP_CatBoostModel_Alpha158_csi300_custom_step0_s_20260530_16,6ff1d289d155480884054fb016db8e08,0.071,,,
2570,2026-05-29,SZ300274,-0.003968070367881735,EXP_CatBoostModel_Alpha158_csi300_custom_step0_s_20260530_16,6ff1d289d155480884054fb016db8e08,0.071,,,
2571,2026-05-29,SZ300251,-0.0022027291479947177,EXP_CatBoostModel_Alpha158_csi300_custom_step0_s_20260530_16,6ff1d289d155480884054fb016db8e08,0.071,,,
2572,2026-05-29,SZ300124,-0.0014989157277952637,EXP_CatBoostModel_Alpha158_csi300_custom_step0_s_20260530_16,6ff1d289d155480884054fb016db8e08,0.071,,,
2573,2026-05-29,SZ300122,-0.0022027291479947177,EXP_CatBoostModel_Alpha158_csi300_custom_step0_s_20260530_16,6ff1d289d155480884054fb016db8e08,0.071,,,
2574,2026-05-29,SZ300059,-0.0008318998597508384,EXP_CatBoostModel_Alpha158_csi300_custom_step0_s_20260530_16,6ff1d289d155480884054fb016db8e08,0.071,,,
2575,2026-05-29,SZ300033,-0.00392284183139709,EXP_CatBoostModel_Alpha158_csi300_custom_step0_s_20260530_16,6ff1d289d155480884054fb016db8e08,0.071,,,
2576,2026-05-29,SZ300015,-0.002957443700578083,EXP_CatBoostModel_Alpha158_csi300_custom_step0_s_20260530_16,6ff1d289d155480884054fb016db8e08,0.071,,,
2577,2026-05-29,SZ002236,-0.003168127278813725,EXP_CatBoostModel_Alpha158_csi300_custom_step0_s_20260530_16,6ff1d289d155480884054fb016db8e08,0.071,,,
2578,2026-05-29,SZ300014,-0.0008318998597508384,EXP_CatBoostModel_Alpha158_csi300_custom_step0_s_20260530_16,6ff1d289d155480884054fb016db8e08,0.071,,,
2579,2026-05-29,SZ002938,0.0015746834912184655,EXP_CatBoostModel_Alpha158_csi300_custom_step0_s_20260530_16,6ff1d289d155480884054fb016db8e08,0.071,,,
2580,2026-05-29,SZ002920,-0.00392284183139709,EXP_CatBoostModel_Alpha158_csi300_custom_step0_s_20260530_16,6ff1d289d155480884054fb016db8e08,0.071,,,
2581,2026-05-29,SZ002916,-0.0018714442386297803,EXP_CatBoostModel_Alpha158_csi300_custom_step0_s_20260530_16,6ff1d289d155480884054fb016db8e08,0.071,,,
2582,2026-05-29,SZ002736,0.0002651238380780255,EXP_CatBoostModel_Alpha158_csi300_custom_step0_s_20260530_16,6ff1d289d155480884054fb016db8e08,0.071,,,
2583,2026-05-29,SZ002714,-0.003168127278813725,EXP_CatBoostModel_Alpha158_csi300_custom_step0_s_20260530_16,6ff1d289d155480884054fb016db8e08,0.071,,,
2584,2026-05-29,SZ002709,0.0005076492014220315,EXP_CatBoostModel_Alpha158_csi300_custom_step0_s_20260530_16,6ff1d289d155480884054fb016db8e08,0.071,,,
2585,2026-05-29,SZ002648,-0.0025003801508875845,EXP_CatBoostModel_Alpha158_csi300_custom_step0_s_20260530_16,6ff1d289d155480884054fb016db8e08,0.071,,,
2586,2026-05-29,SZ003816,-0.001814959860516622,EXP_CatBoostModel_Alpha158_csi300_custom_step0_s_20260530_16,6ff1d289d155480884054fb016db8e08,0.071,,,
2587,2026-05-29,SZ002230,-0.0008226525502148894,EXP_CatBoostModel_Alpha158_csi300_custom_step0_s_20260530_16,6ff1d289d155480884054fb016db8e08,0.071,,,
2588,2026-05-29,SZ002179,-0.003168127278813725,EXP_CatBoostModel_Alpha158_csi300_custom_step0_s_20260530_16,6ff1d289d155480884054fb016db8e08,0.071,,,
2589,2026-05-29,SZ002142,0.0029661404861316683,EXP_CatBoostModel_Alpha158_csi300_custom_step0_s_20260530_16,6ff1d289d155480884054fb016db8e08,0.071,,,
2590,2026-05-29,SZ000786,-0.0022027291479947177,EXP_CatBoostModel_Alpha158_csi300_custom_step0_s_20260530_16,6ff1d289d155480884054fb016db8e08,0.071,,,
2591,2026-05-29,SZ000776,-0.0008318998597508384,EXP_CatBoostModel_Alpha158_csi300_custom_step0_s_20260530_16,6ff1d289d155480884054fb016db8e08,0.071,,,
2592,2026-05-29,SZ000768,-0.0025003801508875845,EXP_CatBoostModel_Alpha158_csi300_custom_step0_s_20260530_16,6ff1d289d155480884054fb016db8e08,0.071,,,
2593,2026-05-29,SZ000725,-0.022658212817313957,EXP_CatBoostModel_Alpha158_csi300_custom_step0_s_20260530_16,6ff1d289d155480884054fb016db8e08,0.071,,,
2594,2026-05-29,SZ000708,-0.0007002742927409819,EXP_CatBoostModel_Alpha158_csi300_custom_step0_s_20260530_16,6ff1d289d155480884054fb016db8e08,0.071,,,
2595,2026-05-29,SZ000661,-0.003168127278813725,EXP_CatBoostModel_Alpha158_csi300_custom_step0_s_20260530_16,6ff1d289d155480884054fb016db8e08,0.071,,,
2596,2026-05-29,SZ000651,0.002268920581880991,EXP_CatBoostModel_Alpha158_csi300_custom_step0_s_20260530_16,6ff1d289d155480884054fb016db8e08,0.071,,,
2597,2026-05-29,SZ000792,-0.0026413995678567243,EXP_CatBoostModel_Alpha158_csi300_custom_step0_s_20260530_16,6ff1d289d155480884054fb016db8e08,0.071,,,
2598,2026-05-29,SZ000630,-0.001814959860516622,EXP_CatBoostModel_Alpha158_csi300_custom_step0_s_20260530_16,6ff1d289d155480884054fb016db8e08,0.071,,,
2599,2026-05-29,SZ000617,-0.0022027291479947177,EXP_CatBoostModel_Alpha158_csi300_custom_step0_s_20260530_16,6ff1d289d155480884054fb016db8e08,0.071,,,
2600,2026-05-29,SZ000596,-0.0017972979905698458,EXP_CatBoostModel_Alpha158_csi300_custom_step0_s_20260530_16,6ff1d289d155480884054fb016db8e08,0.071,,,
2601,2026-05-29,SZ000568,-0.0007002742927409819,EXP_CatBoostModel_Alpha158_csi300_custom_step0_s_20260530_16,6ff1d289d155480884054fb016db8e08,0.071,,,
2602,2026-05-29,SZ000538,-0.0017972979905698458,EXP_CatBoostModel_Alpha158_csi300_custom_step0_s_20260530_16,6ff1d289d155480884054fb016db8e08,0.071,,,
2603,2026-05-29,SZ000425,-0.0017972979905698458,EXP_CatBoostModel_Alpha158_csi300_custom_step0_s_20260530_16,6ff1d289d155480884054fb016db8e08,0.071,,,
2604,2026-05-29,SZ000408,-0.0005987683463661159,EXP_CatBoostModel_Alpha158_csi300_custom_step0_s_20260530_16,6ff1d289d155480884054fb016db8e08,0.071,,,
2605,2026-05-29,SZ000338,-3.790632857287641e-06,EXP_CatBoostModel_Alpha158_csi300_custom_step0_s_20260530_16,6ff1d289d155480884054fb016db8e08,0.071,,,
2606,2026-05-29,SZ000625,-0.0020617097310255774,EXP_CatBoostModel_Alpha158_csi300_custom_step0_s_20260530_16,6ff1d289d155480884054fb016db8e08,0.071,,,
2607,2026-05-29,SZ300308,-0.003968070367881735,EXP_CatBoostModel_Alpha158_csi300_custom_step0_s_20260530_16,6ff1d289d155480884054fb016db8e08,0.071,,,
2608,2026-05-29,SZ000807,-0.003606797698675732,EXP_CatBoostModel_Alpha158_csi300_custom_step0_s_20260530_16,6ff1d289d155480884054fb016db8e08,0.071,,,
2609,2026-05-29,SZ000876,-0.0025003801508875845,EXP_CatBoostModel_Alpha158_csi300_custom_step0_s_20260530_16,6ff1d289d155480884054fb016db8e08,0.071,,,
2610,2026-05-29,SZ002074,-0.0026413995678567243,EXP_CatBoostModel_Alpha158_csi300_custom_step0_s_20260530_16,6ff1d289d155480884054fb016db8e08,0.071,,,
2611,2026-05-29,SZ002050,-0.0005987683463661159,EXP_CatBoostModel_Alpha158_csi300_custom_step0_s_20260530_16,6ff1d289d155480884054fb016db8e08,0.071,,,
2612,2026-05-29,SZ002049,-0.0010602453079332566,EXP_CatBoostModel_Alpha158_csi300_custom_step0_s_20260530_16,6ff1d289d155480884054fb016db8e08,0.071,,,
2613,2026-05-29,SZ002028,-0.0026413995678567243,EXP_CatBoostModel_Alpha158_csi300_custom_step0_s_20260530_16,6ff1d289d155480884054fb016db8e08,0.071,,,
2614,2026-05-29,SZ002027,-0.003168127278813725,EXP_CatBoostModel_Alpha158_csi300_custom_step0_s_20260530_16,6ff1d289d155480884054fb016db8e08,0.071,,,
2615,2026-05-29,SZ002001,-0.0022027291479947177,EXP_CatBoostModel_Alpha158_csi300_custom_step0_s_20260530_16,6ff1d289d155480884054fb016db8e08,0.071,,,
2616,2026-05-29,SZ001979,-0.00392284183139709,EXP_CatBoostModel_Alpha158_csi300_custom_step0_s_20260530_16,6ff1d289d155480884054fb016db8e08,0.071,,,
2617,2026-05-29,SZ000858,-0.0017972979905698458,EXP_CatBoostModel_Alpha158_csi300_custom_step0_s_20260530_16,6ff1d289d155480884054fb016db8e08,0.071,,,
2618,2026-05-29,SZ001965,0.001987420504057337,EXP_CatBoostModel_Alpha158_csi300_custom_step0_s_20260530_16,6ff1d289d155480884054fb016db8e08,0.071,,,
2619,2026-05-29,SZ000999,0.0002651238380780255,EXP_CatBoostModel_Alpha158_csi300_custom_step0_s_20260530_16,6ff1d289d155480884054fb016db8e08,0.071,,,
2620,2026-05-29,SZ000983,-0.002957443700578083,EXP_CatBoostModel_Alpha158_csi300_custom_step0_s_20260530_16,6ff1d289d155480884054fb016db8e08,0.071,,,
2621,2026-05-29,SZ000977,-0.00392284183139709,EXP_CatBoostModel_Alpha158_csi300_custom_step0_s_20260530_16,6ff1d289d155480884054fb016db8e08,0.071,,,
2622,2026-05-29,SZ000975,0.00601081685078325,EXP_CatBoostModel_Alpha158_csi300_custom_step0_s_20260530_16,6ff1d289d155480884054fb016db8e08,0.071,,,
2623,2026-05-29,SZ000963,-0.0017972979905698458,EXP_CatBoostModel_Alpha158_csi300_custom_step0_s_20260530_16,6ff1d289d155480884054fb016db8e08,0.071,,,
2624,2026-05-29,SZ000938,0.010542773858098445,EXP_CatBoostModel_Alpha158_csi300_custom_step0_s_20260530_16,6ff1d289d155480884054fb016db8e08,0.071,,,
2625,2026-05-29,SZ000895,-0.0022027291479947177,EXP_CatBoostModel_Alpha158_csi300_custom_step0_s_20260530_16,6ff1d289d155480884054fb016db8e08,0.071,,,
2626,2026-05-29,SZ001391,-0.0030816886752710933,EXP_CatBoostModel_Alpha158_csi300_custom_step0_s_20260530_16,6ff1d289d155480884054fb016db8e08,0.071,,,
2627,2026-05-29,SZ300316,0.008118698821663719,EXP_CatBoostModel_Alpha158_csi300_custom_step0_s_20260530_16,6ff1d289d155480884054fb016db8e08,0.071,,,
2628,2026-05-29,SZ300347,0.004622759029436718,EXP_CatBoostModel_Alpha158_csi300_custom_step0_s_20260530_16,6ff1d289d155480884054fb016db8e08,0.071,,,
2629,2026-05-29,SZ300394,-0.0021004167621092424,EXP_CatBoostModel_Alpha158_csi300_custom_step0_s_20260530_16,6ff1d289d155480884054fb016db8e08,0.071,,,
2630,2026-05-29,SH600188,0.0157443825608753,EXP_CatBoostModel_Alpha158_csi300_custom_step0_s_20260530_16,92c49d6ffbdc412fb9404fc2938d4418,0.021,,,
2631,2026-05-29,SH600183,0.026094419698873637,EXP_CatBoostModel_Alpha158_csi300_custom_step0_s_20260530_16,92c49d6ffbdc412fb9404fc2938d4418,0.021,,,
2632,2026-05-29,SH600176,0.06868452337300306,EXP_CatBoostModel_Alpha158_csi300_custom_step0_s_20260530_16,92c49d6ffbdc412fb9404fc2938d4418,0.021,,,
2633,2026-05-29,SH600161,-0.02073981960454321,EXP_CatBoostModel_Alpha158_csi300_custom_step0_s_20260530_16,92c49d6ffbdc412fb9404fc2938d4418,0.021,,,
2634,2026-05-29,SH600160,-0.02595067094051233,EXP_CatBoostModel_Alpha158_csi300_custom_step0_s_20260530_16,92c49d6ffbdc412fb9404fc2938d4418,0.021,,,
2635,2026-05-29,SH600150,0.0074862611601548635,EXP_CatBoostModel_Alpha158_csi300_custom_step0_s_20260530_16,92c49d6ffbdc412fb9404fc2938d4418,0.021,,,
2636,2026-05-29,SH600115,-0.017211843406680895,EXP_CatBoostModel_Alpha158_csi300_custom_step0_s_20260530_16,92c49d6ffbdc412fb9404fc2938d4418,0.021,,,
2637,2026-05-29,SH600196,-0.023209406596762225,EXP_CatBoostModel_Alpha158_csi300_custom_step0_s_20260530_16,92c49d6ffbdc412fb9404fc2938d4418,0.021,,,
2638,2026-05-29,SH600111,-0.006578674562114006,EXP_CatBoostModel_Alpha158_csi300_custom_step0_s_20260530_16,92c49d6ffbdc412fb9404fc2938d4418,0.021,,,
2639,2026-05-29,SH600089,-0.020894839719585348,EXP_CatBoostModel_Alpha158_csi300_custom_step0_s_20260530_16,92c49d6ffbdc412fb9404fc2938d4418,0.021,,,
2640,2026-05-29,SH600085,-0.002446575798997598,EXP_CatBoostModel_Alpha158_csi300_custom_step0_s_20260530_16,92c49d6ffbdc412fb9404fc2938d4418,0.021,,,
2641,2026-05-29,SH600066,-0.019978867154813323,EXP_CatBoostModel_Alpha158_csi300_custom_step0_s_20260530_16,92c49d6ffbdc412fb9404fc2938d4418,0.021,,,
2642,2026-05-29,SH600061,-0.013037876748892507,EXP_CatBoostModel_Alpha158_csi300_custom_step0_s_20260530_16,92c49d6ffbdc412fb9404fc2938d4418,0.021,,,
2643,2026-05-29,SH600050,-0.019432070897097642,EXP_CatBoostModel_Alpha158_csi300_custom_step0_s_20260530_16,92c49d6ffbdc412fb9404fc2938d4418,0.021,,,
2644,2026-05-29,SH600048,5.9506099962858055e-06,EXP_CatBoostModel_Alpha158_csi300_custom_step0_s_20260530_16,92c49d6ffbdc412fb9404fc2938d4418,0.021,,,
2645,2026-05-29,SH600039,0.09419095043777435,EXP_CatBoostModel_Alpha158_csi300_custom_step0_s_20260530_16,92c49d6ffbdc412fb9404fc2938d4418,0.021,,,
2646,2026-05-29,SH600104,-0.01766172146256932,EXP_CatBoostModel_Alpha158_csi300_custom_step0_s_20260530_16,92c49d6ffbdc412fb9404fc2938d4418,0.021,,,
2647,2026-05-29,SH600036,-0.014635976083864289,EXP_CatBoostModel_Alpha158_csi300_custom_step0_s_20260530_16,92c49d6ffbdc412fb9404fc2938d4418,0.021,,,
2648,2026-05-29,SH600219,0.0705308501623764,EXP_CatBoostModel_Alpha158_csi300_custom_step0_s_20260530_16,92c49d6ffbdc412fb9404fc2938d4418,0.021,,,
2649,2026-05-29,SH600276,-0.008660996410083163,EXP_CatBoostModel_Alpha158_csi300_custom_step0_s_20260530_16,92c49d6ffbdc412fb9404fc2938d4418,0.021,,,
2650,2026-05-29,SH600522,0.00263404176410637,EXP_CatBoostModel_Alpha158_csi300_custom_step0_s_20260530_16,92c49d6ffbdc412fb9404fc2938d4418,0.021,,,
2651,2026-05-29,SH600519,-0.014732523555995462,EXP_CatBoostModel_Alpha158_csi300_custom_step0_s_20260530_16,92c49d6ffbdc412fb9404fc2938d4418,0.021,,,
2652,2026-05-29,SH600515,-0.019117059050134916,EXP_CatBoostModel_Alpha158_csi300_custom_step0_s_20260530_16,92c49d6ffbdc412fb9404fc2938d4418,0.021,,,
2653,2026-05-29,SH600489,0.062079390260126155,EXP_CatBoostModel_Alpha158_csi300_custom_step0_s_20260530_16,92c49d6ffbdc412fb9404fc2938d4418,0.021,,,
2654,2026-05-29,SH600482,-0.002786962300021373,EXP_CatBoostModel_Alpha158_csi300_custom_step0_s_20260530_16,92c49d6ffbdc412fb9404fc2938d4418,0.021,,,
2655,2026-05-29,SH600460,-0.13602886246328832,EXP_CatBoostModel_Alpha158_csi300_custom_step0_s_20260530_16,92c49d6ffbdc412fb9404fc2938d4418,0.021,,,
2656,2026-05-29,SH600438,0.10341560717995288,EXP_CatBoostModel_Alpha158_csi300_custom_step0_s_20260530_16,92c49d6ffbdc412fb9404fc2938d4418,0.021,,,
2657,2026-05-29,SH600233,-0.011645110036355974,EXP_CatBoostModel_Alpha158_csi300_custom_step0_s_20260530_16,92c49d6ffbdc412fb9404fc2938d4418,0.021,,,
2658,2026-05-29,SH600436,0.0027547386448755103,EXP_CatBoostModel_Alpha158_csi300_custom_step0_s_20260530_16,92c49d6ffbdc412fb9404fc2938d4418,0.021,,,
2659,2026-05-29,SH600415,-0.006946593952021474,EXP_CatBoostModel_Alpha158_csi300_custom_step0_s_20260530_16,92c49d6ffbdc412fb9404fc2938d4418,0.021,,,
2660,2026-05-29,SH600406,-0.02540058212269022,EXP_CatBoostModel_Alpha158_csi300_custom_step0_s_20260530_16,92c49d6ffbdc412fb9404fc2938d4418,0.021,,,
2661,2026-05-29,SH600377,-0.0013289217788965996,EXP_CatBoostModel_Alpha158_csi300_custom_step0_s_20260530_16,92c49d6ffbdc412fb9404fc2938d4418,0.021,,,
2662,2026-05-29,SH600372,0.024335174105830554,EXP_CatBoostModel_Alpha158_csi300_custom_step0_s_20260530_16,92c49d6ffbdc412fb9404fc2938d4418,0.021,,,
2663,2026-05-29,SH600362,-0.009956871130940067,EXP_CatBoostModel_Alpha158_csi300_custom_step0_s_20260530_16,92c49d6ffbdc412fb9404fc2938d4418,0.021,,,
2664,2026-05-29,SH600346,0.12446811675751107,EXP_CatBoostModel_Alpha158_csi300_custom_step0_s_20260530_16,92c49d6ffbdc412fb9404fc2938d4418,0.021,,,
2665,2026-05-29,SH600309,0.010176962594070848,EXP_CatBoostModel_Alpha158_csi300_custom_step0_s_20260530_16,92c49d6ffbdc412fb9404fc2938d4418,0.021,,,
2666,2026-05-29,SH600426,0.07680613305130099,EXP_CatBoostModel_Alpha158_csi300_custom_step0_s_20260530_16,92c49d6ffbdc412fb9404fc2938d4418,0.021,,,
2667,2026-05-29,SZ000333,0.0029797278143590695,EXP_CatBoostModel_Alpha158_csi300_custom_step0_s_20260530_16,6ff1d289d155480884054fb016db8e08,0.071,,,
2668,2026-05-29,SH600031,0.042412471680000056,EXP_CatBoostModel_Alpha158_csi300_custom_step0_s_20260530_16,92c49d6ffbdc412fb9404fc2938d4418,0.021,,,
2669,2026-05-29,SH600029,-0.002107686447751035,EXP_CatBoostModel_Alpha158_csi300_custom_step0_s_20260530_16,92c49d6ffbdc412fb9404fc2938d4418,0.021,,,
2670,2026-05-29,SZ300832,-0.0011462744729187485,EXP_CatBoostModel_Alpha158_csi300_custom_step0_s_20260530_16,6ff1d289d155480884054fb016db8e08,0.071,,,
2671,2026-05-29,SZ300803,-0.00392284183139709,EXP_CatBoostModel_Alpha158_csi300_custom_step0_s_20260530_16,6ff1d289d155480884054fb016db8e08,0.071,,,
2672,2026-05-29,SZ300782,0.00601081685078325,EXP_CatBoostModel_Alpha158_csi300_custom_step0_s_20260530_16,6ff1d289d155480884054fb016db8e08,0.071,,,
2673,2026-05-29,SZ300760,-0.0008318998597508384,EXP_CatBoostModel_Alpha158_csi300_custom_step0_s_20260530_16,6ff1d289d155480884054fb016db8e08,0.071,,,
2674,2026-05-29,SZ300759,-0.0020617097310255774,EXP_CatBoostModel_Alpha158_csi300_custom_step0_s_20260530_16,6ff1d289d155480884054fb016db8e08,0.071,,,
2675,2026-05-29,SZ300750,-0.0010347806288948577,EXP_CatBoostModel_Alpha158_csi300_custom_step0_s_20260530_16,6ff1d289d155480884054fb016db8e08,0.071,,,
2676,2026-05-29,SZ300661,0.036822053062700595,EXP_CatBoostModel_Alpha158_csi300_custom_step0_s_20260530_16,6ff1d289d155480884054fb016db8e08,0.071,,,
2677,2026-05-29,SZ300866,-0.0021004167621092424,EXP_CatBoostModel_Alpha158_csi300_custom_step0_s_20260530_16,6ff1d289d155480884054fb016db8e08,0.071,,,
2678,2026-05-29,SZ300628,0.0003105839803106225,EXP_CatBoostModel_Alpha158_csi300_custom_step0_s_20260530_16,6ff1d289d155480884054fb016db8e08,0.071,,,
2679,2026-05-29,SZ300498,-0.0020617097310255774,EXP_CatBoostModel_Alpha158_csi300_custom_step0_s_20260530_16,6ff1d289d155480884054fb016db8e08,0.071,,,
2680,2026-05-29,SZ300476,-0.0010602453079332566,EXP_CatBoostModel_Alpha158_csi300_custom_step0_s_20260530_16,6ff1d289d155480884054fb016db8e08,0.071,,,
2681,2026-05-29,SZ300442,-0.0025003801508875845,EXP_CatBoostModel_Alpha158_csi300_custom_step0_s_20260530_16,6ff1d289d155480884054fb016db8e08,0.071,,,
2682,2026-05-29,SZ300433,0.010851924218262792,EXP_CatBoostModel_Alpha158_csi300_custom_step0_s_20260530_16,6ff1d289d155480884054fb016db8e08,0.071,,,
2683,2026-05-29,SZ300418,-0.003168127278813725,EXP_CatBoostModel_Alpha158_csi300_custom_step0_s_20260530_16,6ff1d289d155480884054fb016db8e08,0.071,,,
2684,2026-05-29,SZ300413,-0.0022027291479947177,EXP_CatBoostModel_Alpha158_csi300_custom_step0_s_20260530_16,6ff1d289d155480884054fb016db8e08,0.071,,,
2685,2026-05-29,SZ300408,-0.010323266554361017,EXP_CatBoostModel_Alpha158_csi300_custom_step0_s_20260530_16,6ff1d289d155480884054fb016db8e08,0.071,,,
2686,2026-05-29,SZ300502,-0.0021004167621092424,EXP_CatBoostModel_Alpha158_csi300_custom_step0_s_20260530_16,6ff1d289d155480884054fb016db8e08,0.071,,,
2687,2026-05-29,SH600030,0.001223436117067845,EXP_CatBoostModel_Alpha158_csi300_custom_step0_s_20260530_16,92c49d6ffbdc412fb9404fc2938d4418,0.021,,,
2688,2026-05-29,SZ300896,-0.003168127278813725,EXP_CatBoostModel_Alpha158_csi300_custom_step0_s_20260530_16,6ff1d289d155480884054fb016db8e08,0.071,,,
2689,2026-05-29,SZ300999,-0.0017972979905698458,EXP_CatBoostModel_Alpha158_csi300_custom_step0_s_20260530_16,6ff1d289d155480884054fb016db8e08,0.071,,,
2690,2026-05-29,SH600028,-0.01914592761791694,EXP_CatBoostModel_Alpha158_csi300_custom_step0_s_20260530_16,92c49d6ffbdc412fb9404fc2938d4418,0.021,,,
2691,2026-05-29,SH600027,0.010633745892115076,EXP_CatBoostModel_Alpha158_csi300_custom_step0_s_20260530_16,92c49d6ffbdc412fb9404fc2938d4418,0.021,,,
2692,2026-05-29,SH600026,0.015713520537927097,EXP_CatBoostModel_Alpha158_csi300_custom_step0_s_20260530_16,92c49d6ffbdc412fb9404fc2938d4418,0.021,,,
2693,2026-05-29,SH600025,-0.005054039216701425,EXP_CatBoostModel_Alpha158_csi300_custom_step0_s_20260530_16,92c49d6ffbdc412fb9404fc2938d4418,0.021,,,
2694,2026-05-29,SH600023,-0.008449511725370638,EXP_CatBoostModel_Alpha158_csi300_custom_step0_s_20260530_16,92c49d6ffbdc412fb9404fc2938d4418,0.021,,,
2695,2026-05-29,SH600019,-0.02754163155405171,EXP_CatBoostModel_Alpha158_csi300_custom_step0_s_20260530_16,92c49d6ffbdc412fb9404fc2938d4418,0.021,,,
2696,2026-05-29,SH600018,0.006555925481945369,EXP_CatBoostModel_Alpha158_csi300_custom_step0_s_20260530_16,92c49d6ffbdc412fb9404fc2938d4418,0.021,,,
2697,2026-05-29,SZ300979,-0.003168127278813725,EXP_CatBoostModel_Alpha158_csi300_custom_step0_s_20260530_16,6ff1d289d155480884054fb016db8e08,0.071,,,
2698,2026-05-29,SH600016,-0.01908087271244245,EXP_CatBoostModel_Alpha158_csi300_custom_step0_s_20260530_16,92c49d6ffbdc412fb9404fc2938d4418,0.021,,,
2699,2026-05-29,SH600011,0.09919927658066933,EXP_CatBoostModel_Alpha158_csi300_custom_step0_s_20260530_16,92c49d6ffbdc412fb9404fc2938d4418,0.021,,,
2700,2026-05-29,SH600010,0.035417865889603856,EXP_CatBoostModel_Alpha158_csi300_custom_step0_s_20260530_16,92c49d6ffbdc412fb9404fc2938d4418,0.021,,,
2701,2026-05-29,SH600009,-0.003645169630685975,EXP_CatBoostModel_Alpha158_csi300_custom_step0_s_20260530_16,92c49d6ffbdc412fb9404fc2938d4418,0.021,,,
2702,2026-05-29,SH600000,-0.012993912228108192,EXP_CatBoostModel_Alpha158_csi300_custom_step0_s_20260530_16,92c49d6ffbdc412fb9404fc2938d4418,0.021,,,
2703,2026-05-29,SZ302132,-0.003168127278813725,EXP_CatBoostModel_Alpha158_csi300_custom_step0_s_20260530_16,6ff1d289d155480884054fb016db8e08,0.071,,,
2704,2026-05-29,SZ301269,-0.010416924880654297,EXP_CatBoostModel_Alpha158_csi300_custom_step0_s_20260530_16,6ff1d289d155480884054fb016db8e08,0.071,,,
2705,2026-05-29,SZ301236,-0.0022027291479947177,EXP_CatBoostModel_Alpha158_csi300_custom_step0_s_20260530_16,6ff1d289d155480884054fb016db8e08,0.071,,,
2706,2026-05-29,SH600015,-0.009770755768864036,EXP_CatBoostModel_Alpha158_csi300_custom_step0_s_20260530_16,92c49d6ffbdc412fb9404fc2938d4418,0.021,,,
2707,2026-05-29,SH600547,0.3132514241970785,EXP_CatBoostModel_Alpha158_csi300_custom_step0_s_20260530_16,92c49d6ffbdc412fb9404fc2938d4418,0.021,,,
2708,2026-05-29,SZ000301,0.0016446278635742896,EXP_CatBoostModel_Alpha158_csi300_custom_step0_s_20260530_16,6ff1d289d155480884054fb016db8e08,0.071,,,
2709,2026-05-29,SZ000157,0.0002651238380780255,EXP_CatBoostModel_Alpha158_csi300_custom_step0_s_20260530_16,6ff1d289d155480884054fb016db8e08,0.071,,,
2710,2026-05-29,SH601100,0.0015091136245143524,EXP_CatBoostModel_Alpha158_csi300_custom_step0_s_20260530_16,6ff1d289d155480884054fb016db8e08,0.071,,,
2711,2026-05-29,SH601088,0.0029714019748628114,EXP_CatBoostModel_Alpha158_csi300_custom_step0_s_20260530_16,6ff1d289d155480884054fb016db8e08,0.071,,,
2712,2026-05-29,SH601077,-0.0006908804427816985,EXP_CatBoostModel_Alpha158_csi300_custom_step0_s_20260530_16,6ff1d289d155480884054fb016db8e08,0.071,,,
2713,2026-05-29,SH601066,0.001954545968713081,EXP_CatBoostModel_Alpha158_csi300_custom_step0_s_20260530_16,6ff1d289d155480884054fb016db8e08,0.071,,,
2714,2026-05-29,SH601059,0.0033171641526452008,EXP_CatBoostModel_Alpha158_csi300_custom_step0_s_20260530_16,6ff1d289d155480884054fb016db8e08,0.071,,,
2715,2026-05-29,SH601058,-0.0025003801508875845,EXP_CatBoostModel_Alpha158_csi300_custom_step0_s_20260530_16,6ff1d289d155480884054fb016db8e08,0.071,,,
2716,2026-05-29,SH601021,9.459661398909238e-05,EXP_CatBoostModel_Alpha158_csi300_custom_step0_s_20260530_16,6ff1d289d155480884054fb016db8e08,0.071,,,
2717,2026-05-29,SH601018,-0.0017972979905698458,EXP_CatBoostModel_Alpha158_csi300_custom_step0_s_20260530_16,6ff1d289d155480884054fb016db8e08,0.071,,,
2718,2026-05-29,SH601012,-0.003606797698675732,EXP_CatBoostModel_Alpha158_csi300_custom_step0_s_20260530_16,6ff1d289d155480884054fb016db8e08,0.071,,,
2719,2026-05-29,SH601009,-0.0007002742927409819,EXP_CatBoostModel_Alpha158_csi300_custom_step0_s_20260530_16,6ff1d289d155480884054fb016db8e08,0.071,,,
2720,2026-05-29,SH601006,-0.003017652629969744,EXP_CatBoostModel_Alpha158_csi300_custom_step0_s_20260530_16,6ff1d289d155480884054fb016db8e08,0.071,,,
2721,2026-05-29,SH600999,-0.0010602453079332566,EXP_CatBoostModel_Alpha158_csi300_custom_step0_s_20260530_16,6ff1d289d155480884054fb016db8e08,0.071,,,
2722,2026-05-29,SH600989,-0.0026413995678567243,EXP_CatBoostModel_Alpha158_csi300_custom_step0_s_20260530_16,6ff1d289d155480884054fb016db8e08,0.071,,,
2723,2026-05-29,SH600958,0.0004106407467104507,EXP_CatBoostModel_Alpha158_csi300_custom_step0_s_20260530_16,6ff1d289d155480884054fb016db8e08,0.071,,,
2724,2026-05-29,SH600941,0.005012153640813466,EXP_CatBoostModel_Alpha158_csi300_custom_step0_s_20260530_16,6ff1d289d155480884054fb016db8e08,0.071,,,
2725,2026-05-29,SH601111,-0.0017972979905698458,EXP_CatBoostModel_Alpha158_csi300_custom_step0_s_20260530_16,6ff1d289d155480884054fb016db8e08,0.071,,,
2726,2026-05-29,SH601117,-0.0008318998597508384,EXP_CatBoostModel_Alpha158_csi300_custom_step0_s_20260530_16,6ff1d289d155480884054fb016db8e08,0.071,,,
2727,2026-05-29,SH601127,-0.0020617097310255774,EXP_CatBoostModel_Alpha158_csi300_custom_step0_s_20260530_16,6ff1d289d155480884054fb016db8e08,0.071,,,
2728,2026-05-29,SH601136,-0.003168127278813725,EXP_CatBoostModel_Alpha158_csi300_custom_step0_s_20260530_16,6ff1d289d155480884054fb016db8e08,0.071,,,
2729,2026-05-29,SH601360,-0.00392284183139709,EXP_CatBoostModel_Alpha158_csi300_custom_step0_s_20260530_16,6ff1d289d155480884054fb016db8e08,0.071,,,
2730,2026-05-29,SH601336,-0.0007002742927409819,EXP_CatBoostModel_Alpha158_csi300_custom_step0_s_20260530_16,6ff1d289d155480884054fb016db8e08,0.071,,,
2731,2026-05-29,SH601328,0.0023689872014446027,EXP_CatBoostModel_Alpha158_csi300_custom_step0_s_20260530_16,6ff1d289d155480884054fb016db8e08,0.071,,,
2732,2026-05-29,SH601319,-0.0017972979905698458,EXP_CatBoostModel_Alpha158_csi300_custom_step0_s_20260530_16,6ff1d289d155480884054fb016db8e08,0.071,,,
2733,2026-05-29,SH601318,-0.0007002742927409819,EXP_CatBoostModel_Alpha158_csi300_custom_step0_s_20260530_16,6ff1d289d155480884054fb016db8e08,0.071,,,
2734,2026-05-29,SH601298,0.0035477725254394834,EXP_CatBoostModel_Alpha158_csi300_custom_step0_s_20260530_16,6ff1d289d155480884054fb016db8e08,0.071,,,
2735,2026-05-29,SH601288,-0.003606797698675732,EXP_CatBoostModel_Alpha158_csi300_custom_step0_s_20260530_16,6ff1d289d155480884054fb016db8e08,0.071,,,
2736,2026-05-29,SH600938,-0.0020617097310255774,EXP_CatBoostModel_Alpha158_csi300_custom_step0_s_20260530_16,6ff1d289d155480884054fb016db8e08,0.071,,,
2737,2026-05-29,SH601238,-0.003168127278813725,EXP_CatBoostModel_Alpha158_csi300_custom_step0_s_20260530_16,6ff1d289d155480884054fb016db8e08,0.071,,,
2738,2026-05-29,SH601229,0.0002651238380780255,EXP_CatBoostModel_Alpha158_csi300_custom_step0_s_20260530_16,6ff1d289d155480884054fb016db8e08,0.071,,,
2739,2026-05-29,SH601225,-0.003156871437185211,EXP_CatBoostModel_Alpha158_csi300_custom_step0_s_20260530_16,6ff1d289d155480884054fb016db8e08,0.071,,,
2740,2026-05-29,SH601211,0.0002651238380780255,EXP_CatBoostModel_Alpha158_csi300_custom_step0_s_20260530_16,6ff1d289d155480884054fb016db8e08,0.071,,,
2741,2026-05-29,SH601186,-0.0017972979905698458,EXP_CatBoostModel_Alpha158_csi300_custom_step0_s_20260530_16,6ff1d289d155480884054fb016db8e08,0.071,,,
2742,2026-05-29,SH601169,0.0002651238380780255,EXP_CatBoostModel_Alpha158_csi300_custom_step0_s_20260530_16,6ff1d289d155480884054fb016db8e08,0.071,,,
2743,2026-05-29,SH601166,0.000988516677444445,EXP_CatBoostModel_Alpha158_csi300_custom_step0_s_20260530_16,6ff1d289d155480884054fb016db8e08,0.071,,,
2744,2026-05-29,SH601138,-0.014951133381990705,EXP_CatBoostModel_Alpha158_csi300_custom_step0_s_20260530_16,6ff1d289d155480884054fb016db8e08,0.071,,,
2745,2026-05-29,SH601236,0.0002651238380780255,EXP_CatBoostModel_Alpha158_csi300_custom_step0_s_20260530_16,6ff1d289d155480884054fb016db8e08,0.071,,,
2746,2026-05-29,SH600930,0.00014337674105374676,EXP_CatBoostModel_Alpha158_csi300_custom_step0_s_20260530_16,6ff1d289d155480884054fb016db8e08,0.071,,,
2747,2026-05-29,SH600926,-0.0007002742927409819,EXP_CatBoostModel_Alpha158_csi300_custom_step0_s_20260530_16,6ff1d289d155480884054fb016db8e08,0.071,,,
2748,2026-05-29,SH600919,0.0029797278143590695,EXP_CatBoostModel_Alpha158_csi300_custom_step0_s_20260530_16,6ff1d289d155480884054fb016db8e08,0.071,,,
2749,2026-05-29,SH600570,-0.00392284183139709,EXP_CatBoostModel_Alpha158_csi300_custom_step0_s_20260530_16,6ff1d289d155480884054fb016db8e08,0.071,,,
2750,2026-05-29,SH600547,-0.0009312506712919957,EXP_CatBoostModel_Alpha158_csi300_custom_step0_s_20260530_16,6ff1d289d155480884054fb016db8e08,0.071,,,
2751,2026-05-29,SH600522,0.011901866158698537,EXP_CatBoostModel_Alpha158_csi300_custom_step0_s_20260530_16,6ff1d289d155480884054fb016db8e08,0.071,,,
2752,2026-05-29,SH600519,-0.0017972979905698458,EXP_CatBoostModel_Alpha158_csi300_custom_step0_s_20260530_16,6ff1d289d155480884054fb016db8e08,0.071,,,
2753,2026-05-29,SH600515,-0.0008318998597508384,EXP_CatBoostModel_Alpha158_csi300_custom_step0_s_20260530_16,6ff1d289d155480884054fb016db8e08,0.071,,,
2754,2026-05-29,SH600489,-0.003606797698675732,EXP_CatBoostModel_Alpha158_csi300_custom_step0_s_20260530_16,6ff1d289d155480884054fb016db8e08,0.071,,,
2755,2026-05-29,SH600482,-0.0011462744729187485,EXP_CatBoostModel_Alpha158_csi300_custom_step0_s_20260530_16,6ff1d289d155480884054fb016db8e08,0.071,,,
2756,2026-05-29,SH600584,0.024225984259902005,EXP_CatBoostModel_Alpha158_csi300_custom_step0_s_20260530_16,6ff1d289d155480884054fb016db8e08,0.071,,,
2757,2026-05-29,SH600460,-0.003156871437185211,EXP_CatBoostModel_Alpha158_csi300_custom_step0_s_20260530_16,6ff1d289d155480884054fb016db8e08,0.071,,,
2758,2026-05-29,SH600436,-0.003168127278813725,EXP_CatBoostModel_Alpha158_csi300_custom_step0_s_20260530_16,6ff1d289d155480884054fb016db8e08,0.071,,,
2759,2026-05-29,SH600426,3.414745952701171e-05,EXP_CatBoostModel_Alpha158_csi300_custom_step0_s_20260530_16,6ff1d289d155480884054fb016db8e08,0.071,,,
2760,2026-05-29,SH600415,-0.0026413995678567243,EXP_CatBoostModel_Alpha158_csi300_custom_step0_s_20260530_16,6ff1d289d155480884054fb016db8e08,0.071,,,
2761,2026-05-29,SH600406,-0.0025003801508875845,EXP_CatBoostModel_Alpha158_csi300_custom_step0_s_20260530_16,6ff1d289d155480884054fb016db8e08,0.071,,,
2762,2026-05-29,SH600377,0.0041275853513573334,EXP_CatBoostModel_Alpha158_csi300_custom_step0_s_20260530_16,6ff1d289d155480884054fb016db8e08,0.071,,,
2763,2026-05-29,SH600372,-0.0026413995678567243,EXP_CatBoostModel_Alpha158_csi300_custom_step0_s_20260530_16,6ff1d289d155480884054fb016db8e08,0.071,,,
2764,2026-05-29,SH600362,-0.003606797698675732,EXP_CatBoostModel_Alpha158_csi300_custom_step0_s_20260530_16,6ff1d289d155480884054fb016db8e08,0.071,,,
2765,2026-05-29,SH600438,-0.0026413995678567243,EXP_CatBoostModel_Alpha158_csi300_custom_step0_s_20260530_16,6ff1d289d155480884054fb016db8e08,0.071,,,
2766,2026-05-29,SH601377,0.0023689872014446027,EXP_CatBoostModel_Alpha158_csi300_custom_step0_s_20260530_16,6ff1d289d155480884054fb016db8e08,0.071,,,
2767,2026-05-29,SH600585,-0.0007002742927409819,EXP_CatBoostModel_Alpha158_csi300_custom_step0_s_20260530_16,6ff1d289d155480884054fb016db8e08,0.071,,,
2768,2026-05-29,SH600600,0.0023689872014446027,EXP_CatBoostModel_Alpha158_csi300_custom_step0_s_20260530_16,6ff1d289d155480884054fb016db8e08,0.071,,,
2769,2026-05-29,SH600918,-0.003168127278813725,EXP_CatBoostModel_Alpha158_csi300_custom_step0_s_20260530_16,6ff1d289d155480884054fb016db8e08,0.071,,,
2770,2026-05-29,SH600905,0.0033171641526452008,EXP_CatBoostModel_Alpha158_csi300_custom_step0_s_20260530_16,6ff1d289d155480884054fb016db8e08,0.071,,,
2771,2026-05-29,SH600900,0.0029797278143590695,EXP_CatBoostModel_Alpha158_csi300_custom_step0_s_20260530_16,6ff1d289d155480884054fb016db8e08,0.071,,,
2772,2026-05-29,SH600893,-0.0022027291479947177,EXP_CatBoostModel_Alpha158_csi300_custom_step0_s_20260530_16,6ff1d289d155480884054fb016db8e08,0.071,,,
2773,2026-05-29,SH600887,0.0003105839803106225,EXP_CatBoostModel_Alpha158_csi300_custom_step0_s_20260530_16,6ff1d289d155480884054fb016db8e08,0.071,,,
2774,2026-05-29,SH600886,0.000988516677444445,EXP_CatBoostModel_Alpha158_csi300_custom_step0_s_20260530_16,6ff1d289d155480884054fb016db8e08,0.071,,,
2775,2026-05-29,SH600875,-0.0026413995678567243,EXP_CatBoostModel_Alpha158_csi300_custom_step0_s_20260530_16,6ff1d289d155480884054fb016db8e08,0.071,,,
2776,2026-05-29,SH600588,0.010858817990819803,EXP_CatBoostModel_Alpha158_csi300_custom_step0_s_20260530_16,6ff1d289d155480884054fb016db8e08,0.071,,,
2777,2026-05-29,SH600845,0.0003666297844528916,EXP_CatBoostModel_Alpha158_csi300_custom_step0_s_20260530_16,6ff1d289d155480884054fb016db8e08,0.071,,,
2778,2026-05-29,SH600803,-0.0022027291479947177,EXP_CatBoostModel_Alpha158_csi300_custom_step0_s_20260530_16,6ff1d289d155480884054fb016db8e08,0.071,,,
2779,2026-05-29,SH600795,-6.793799763152395e-05,EXP_CatBoostModel_Alpha158_csi300_custom_step0_s_20260530_16,6ff1d289d155480884054fb016db8e08,0.071,,,
2780,2026-05-29,SH600760,-0.0020617097310255774,EXP_CatBoostModel_Alpha158_csi300_custom_step0_s_20260530_16,6ff1d289d155480884054fb016db8e08,0.071,,,
2781,2026-05-29,SH600741,-0.0006908804427816985,EXP_CatBoostModel_Alpha158_csi300_custom_step0_s_20260530_16,6ff1d289d155480884054fb016db8e08,0.071,,,
2782,2026-05-29,SH600690,-0.0023822131959229777,EXP_CatBoostModel_Alpha158_csi300_custom_step0_s_20260530_16,6ff1d289d155480884054fb016db8e08,0.071,,,
2783,2026-05-29,SH600674,0.0041275853513573334,EXP_CatBoostModel_Alpha158_csi300_custom_step0_s_20260530_16,6ff1d289d155480884054fb016db8e08,0.071,,,
2784,2026-05-29,SH600660,-0.0020617097310255774,EXP_CatBoostModel_Alpha158_csi300_custom_step0_s_20260530_16,6ff1d289d155480884054fb016db8e08,0.071,,,
2785,2026-05-29,SH600809,-0.0017972979905698458,EXP_CatBoostModel_Alpha158_csi300_custom_step0_s_20260530_16,6ff1d289d155480884054fb016db8e08,0.071,,,
2786,2026-05-29,SH601390,-0.0017972979905698458,EXP_CatBoostModel_Alpha158_csi300_custom_step0_s_20260530_16,6ff1d289d155480884054fb016db8e08,0.071,,,
2787,2026-05-29,SH601398,0.0033171641526452008,EXP_CatBoostModel_Alpha158_csi300_custom_step0_s_20260530_16,6ff1d289d155480884054fb016db8e08,0.071,,,
2788,2026-05-29,SH601456,-0.0022027291479947177,EXP_CatBoostModel_Alpha158_csi300_custom_step0_s_20260530_16,6ff1d289d155480884054fb016db8e08,0.071,,,
2789,2026-05-29,SH688012,0.011564826551511965,EXP_CatBoostModel_Alpha158_csi300_custom_step0_s_20260530_16,6ff1d289d155480884054fb016db8e08,0.071,,,
2790,2026-05-29,SH688009,-0.0007002742927409819,EXP_CatBoostModel_Alpha158_csi300_custom_step0_s_20260530_16,6ff1d289d155480884054fb016db8e08,0.071,,,
2791,2026-05-29,SH688008,0.011564826551511965,EXP_CatBoostModel_Alpha158_csi300_custom_step0_s_20260530_16,6ff1d289d155480884054fb016db8e08,0.071,,,
2792,2026-05-29,SH605499,-0.0020617097310255774,EXP_CatBoostModel_Alpha158_csi300_custom_step0_s_20260530_16,6ff1d289d155480884054fb016db8e08,0.071,,,
2793,2026-05-29,SH605117,-0.0010602453079332566,EXP_CatBoostModel_Alpha158_csi300_custom_step0_s_20260530_16,6ff1d289d155480884054fb016db8e08,0.071,,,
2794,2026-05-29,SH603993,-0.0026413995678567243,EXP_CatBoostModel_Alpha158_csi300_custom_step0_s_20260530_16,6ff1d289d155480884054fb016db8e08,0.071,,,
2795,2026-05-29,SH603986,0.010851924218262792,EXP_CatBoostModel_Alpha158_csi300_custom_step0_s_20260530_16,6ff1d289d155480884054fb016db8e08,0.071,,,
2796,2026-05-29,SH688036,0.0015091136245143524,EXP_CatBoostModel_Alpha158_csi300_custom_step0_s_20260530_16,6ff1d289d155480884054fb016db8e08,0.071,,,
2797,2026-05-29,SH603893,-0.003168127278813725,EXP_CatBoostModel_Alpha158_csi300_custom_step0_s_20260530_16,6ff1d289d155480884054fb016db8e08,0.071,,,
2798,2026-05-29,SH603501,-0.0022027291479947177,EXP_CatBoostModel_Alpha158_csi300_custom_step0_s_20260530_16,6ff1d289d155480884054fb016db8e08,0.071,,,
2799,2026-05-29,SH603392,-0.0022027291479947177,EXP_CatBoostModel_Alpha158_csi300_custom_step0_s_20260530_16,6ff1d289d155480884054fb016db8e08,0.071,,,
2800,2026-05-29,SH603369,0.001954545968713081,EXP_CatBoostModel_Alpha158_csi300_custom_step0_s_20260530_16,6ff1d289d155480884054fb016db8e08,0.071,,,
2801,2026-05-29,SH603296,-0.0010602453079332566,EXP_CatBoostModel_Alpha158_csi300_custom_step0_s_20260530_16,6ff1d289d155480884054fb016db8e08,0.071,,,
2802,2026-05-29,SH603288,-0.0007002742927409819,EXP_CatBoostModel_Alpha158_csi300_custom_step0_s_20260530_16,6ff1d289d155480884054fb016db8e08,0.071,,,
2803,2026-05-29,SH603260,-0.003168127278813725,EXP_CatBoostModel_Alpha158_csi300_custom_step0_s_20260530_16,6ff1d289d155480884054fb016db8e08,0.071,,,
2804,2026-05-29,SH603259,0.0029661404861316683,EXP_CatBoostModel_Alpha158_csi300_custom_step0_s_20260530_16,6ff1d289d155480884054fb016db8e08,0.071,,,
2805,2026-05-29,SH603799,-0.0026413995678567243,EXP_CatBoostModel_Alpha158_csi300_custom_step0_s_20260530_16,6ff1d289d155480884054fb016db8e08,0.071,,,
2806,2026-05-29,SH603195,-0.00392284183139709,EXP_CatBoostModel_Alpha158_csi300_custom_step0_s_20260530_16,6ff1d289d155480884054fb016db8e08,0.071,,,
2807,2026-05-29,SH688041,0.00601081685078325,EXP_CatBoostModel_Alpha158_csi300_custom_step0_s_20260530_16,6ff1d289d155480884054fb016db8e08,0.071,,,
2808,2026-05-29,SH688082,0.0008617811579692937,EXP_CatBoostModel_Alpha158_csi300_custom_step0_s_20260530_16,6ff1d289d155480884054fb016db8e08,0.071,,,
2809,2026-05-29,SZ000100,-0.00392284183139709,EXP_CatBoostModel_Alpha158_csi300_custom_step0_s_20260530_16,6ff1d289d155480884054fb016db8e08,0.071,,,
2810,2026-05-29,SZ000063,0.00014337674105374676,EXP_CatBoostModel_Alpha158_csi300_custom_step0_s_20260530_16,6ff1d289d155480884054fb016db8e08,0.071,,,
2811,2026-05-29,SZ000002,-0.003168127278813725,EXP_CatBoostModel_Alpha158_csi300_custom_step0_s_20260530_16,6ff1d289d155480884054fb016db8e08,0.071,,,
2812,2026-05-29,SZ000001,0.002399914988441219,EXP_CatBoostModel_Alpha158_csi300_custom_step0_s_20260530_16,6ff1d289d155480884054fb016db8e08,0.071,,,
2813,2026-05-29,SH688981,0.008118698821663719,EXP_CatBoostModel_Alpha158_csi300_custom_step0_s_20260530_16,6ff1d289d155480884054fb016db8e08,0.071,,,
2814,2026-05-29,SH688506,0.0063478564579698225,EXP_CatBoostModel_Alpha158_csi300_custom_step0_s_20260530_16,6ff1d289d155480884054fb016db8e08,0.071,,,
2815,2026-05-29,SH688472,-0.0026413995678567243,EXP_CatBoostModel_Alpha158_csi300_custom_step0_s_20260530_16,6ff1d289d155480884054fb016db8e08,0.071,,,
2816,2026-05-29,SH688047,-0.002957443700578083,EXP_CatBoostModel_Alpha158_csi300_custom_step0_s_20260530_16,6ff1d289d155480884054fb016db8e08,0.071,,,
2817,2026-05-29,SH688396,-0.0010602453079332566,EXP_CatBoostModel_Alpha158_csi300_custom_step0_s_20260530_16,6ff1d289d155480884054fb016db8e08,0.071,,,
2818,2026-05-29,SH688271,-0.0039115859897685765,EXP_CatBoostModel_Alpha158_csi300_custom_step0_s_20260530_16,6ff1d289d155480884054fb016db8e08,0.071,,,
2819,2026-05-29,SH688256,0.011564826551511965,EXP_CatBoostModel_Alpha158_csi300_custom_step0_s_20260530_16,6ff1d289d155480884054fb016db8e08,0.071,,,
2820,2026-05-29,SH688223,-0.003606797698675732,EXP_CatBoostModel_Alpha158_csi300_custom_step0_s_20260530_16,6ff1d289d155480884054fb016db8e08,0.071,,,
2821,2026-05-29,SH688187,-0.0021004167621092424,EXP_CatBoostModel_Alpha158_csi300_custom_step0_s_20260530_16,6ff1d289d155480884054fb016db8e08,0.071,,,
2822,2026-05-29,SH688169,-0.003606797698675732,EXP_CatBoostModel_Alpha158_csi300_custom_step0_s_20260530_16,6ff1d289d155480884054fb016db8e08,0.071,,,
2823,2026-05-29,SH688126,-0.011925820003132005,EXP_CatBoostModel_Alpha158_csi300_custom_step0_s_20260530_16,6ff1d289d155480884054fb016db8e08,0.071,,,
2824,2026-05-29,SH688111,-0.002816424283608943,EXP_CatBoostModel_Alpha158_csi300_custom_step0_s_20260530_16,6ff1d289d155480884054fb016db8e08,0.071,,,
2825,2026-05-29,SH688303,0.01129748841068181,EXP_CatBoostModel_Alpha158_csi300_custom_step0_s_20260530_16,6ff1d289d155480884054fb016db8e08,0.071,,,
2826,2026-05-29,SZ000166,-0.0007002742927409819,EXP_CatBoostModel_Alpha158_csi300_custom_step0_s_20260530_16,6ff1d289d155480884054fb016db8e08,0.071,,,
2827,2026-05-29,SH603019,-0.0026413995678567243,EXP_CatBoostModel_Alpha158_csi300_custom_step0_s_20260530_16,6ff1d289d155480884054fb016db8e08,0.071,,,
2828,2026-05-29,SH601995,0.002399914988441219,EXP_CatBoostModel_Alpha158_csi300_custom_step0_s_20260530_16,6ff1d289d155480884054fb016db8e08,0.071,,,
2829,2026-05-29,SH601800,-0.003168127278813725,EXP_CatBoostModel_Alpha158_csi300_custom_step0_s_20260530_16,6ff1d289d155480884054fb016db8e08,0.071,,,
2830,2026-05-29,SH601788,-0.0022027291479947177,EXP_CatBoostModel_Alpha158_csi300_custom_step0_s_20260530_16,6ff1d289d155480884054fb016db8e08,0.071,,,
2831,2026-05-29,SH601766,0.0023689872014446027,EXP_CatBoostModel_Alpha158_csi300_custom_step0_s_20260530_16,6ff1d289d155480884054fb016db8e08,0.071,,,
2832,2026-05-29,SH601728,-0.0010602453079332566,EXP_CatBoostModel_Alpha158_csi300_custom_step0_s_20260530_16,6ff1d289d155480884054fb016db8e08,0.071,,,
2833,2026-05-29,SH601698,-0.0026413995678567243,EXP_CatBoostModel_Alpha158_csi300_custom_step0_s_20260530_16,6ff1d289d155480884054fb016db8e08,0.071,,,
2834,2026-05-29,SH601689,-0.0005987683463661159,EXP_CatBoostModel_Alpha158_csi300_custom_step0_s_20260530_16,6ff1d289d155480884054fb016db8e08,0.071,,,
2835,2026-05-29,SH601688,0.00020491490868636427,EXP_CatBoostModel_Alpha158_csi300_custom_step0_s_20260530_16,6ff1d289d155480884054fb016db8e08,0.071,,,
2836,2026-05-29,SH601808,-0.0020617097310255774,EXP_CatBoostModel_Alpha158_csi300_custom_step0_s_20260530_16,6ff1d289d155480884054fb016db8e08,0.071,,,
2837,2026-05-29,SH601669,-0.0026413995678567243,EXP_CatBoostModel_Alpha158_csi300_custom_step0_s_20260530_16,6ff1d289d155480884054fb016db8e08,0.071,,,
2838,2026-05-29,SH601658,0.0023689872014446027,EXP_CatBoostModel_Alpha158_csi300_custom_step0_s_20260530_16,6ff1d289d155480884054fb016db8e08,0.071,,,
2839,2026-05-29,SH601633,-0.0020617097310255774,EXP_CatBoostModel_Alpha158_csi300_custom_step0_s_20260530_16,6ff1d289d155480884054fb016db8e08,0.071,,,
2840,2026-05-29,SH601628,-0.0017972979905698458,EXP_CatBoostModel_Alpha158_csi300_custom_step0_s_20260530_16,6ff1d289d155480884054fb016db8e08,0.071,,,
2841,2026-05-29,SH601618,0.0043521666054696624,EXP_CatBoostModel_Alpha158_csi300_custom_step0_s_20260530_16,6ff1d289d155480884054fb016db8e08,0.071,,,
2842,2026-05-29,SH601607,0.0023689872014446027,EXP_CatBoostModel_Alpha158_csi300_custom_step0_s_20260530_16,6ff1d289d155480884054fb016db8e08,0.071,,,
2843,2026-05-29,SH601601,-0.003168127278813725,EXP_CatBoostModel_Alpha158_csi300_custom_step0_s_20260530_16,6ff1d289d155480884054fb016db8e08,0.071,,,
2844,2026-05-29,SH601600,-0.0020617097310255774,EXP_CatBoostModel_Alpha158_csi300_custom_step0_s_20260530_16,6ff1d289d155480884054fb016db8e08,0.071,,,
2845,2026-05-29,SH601668,0.0023689872014446027,EXP_CatBoostModel_Alpha158_csi300_custom_step0_s_20260530_16,6ff1d289d155480884054fb016db8e08,0.071,,,
2846,2026-05-29,SH601998,-0.0020617097310255774,EXP_CatBoostModel_Alpha158_csi300_custom_step0_s_20260530_16,6ff1d289d155480884054fb016db8e08,0.071,,,
2847,2026-05-29,SH601816,-0.00386717963591267,EXP_CatBoostModel_Alpha158_csi300_custom_step0_s_20260530_16,6ff1d289d155480884054fb016db8e08,0.071,,,
2848,2026-05-29,SH601825,-0.0017972979905698458,EXP_CatBoostModel_Alpha158_csi300_custom_step0_s_20260530_16,6ff1d289d155480884054fb016db8e08,0.071,,,
2849,2026-05-29,SH601988,0.0039584477964334005,EXP_CatBoostModel_Alpha158_csi300_custom_step0_s_20260530_16,6ff1d289d155480884054fb016db8e08,0.071,,,
2850,2026-05-29,SH601985,0.000325204986783375,EXP_CatBoostModel_Alpha158_csi300_custom_step0_s_20260530_16,6ff1d289d155480884054fb016db8e08,0.071,,,
2851,2026-05-29,SH601939,0.0041275853513573334,EXP_CatBoostModel_Alpha158_csi300_custom_step0_s_20260530_16,6ff1d289d155480884054fb016db8e08,0.071,,,
2852,2026-05-29,SH601919,-0.002701608497248386,EXP_CatBoostModel_Alpha158_csi300_custom_step0_s_20260530_16,6ff1d289d155480884054fb016db8e08,0.071,,,
2853,2026-05-29,SH601916,0.0033171641526452008,EXP_CatBoostModel_Alpha158_csi300_custom_step0_s_20260530_16,6ff1d289d155480884054fb016db8e08,0.071,,,
2854,2026-05-29,SH601901,0.00020491490868636427,EXP_CatBoostModel_Alpha158_csi300_custom_step0_s_20260530_16,6ff1d289d155480884054fb016db8e08,0.071,,,
2855,2026-05-29,SH601899,-0.003606797698675732,EXP_CatBoostModel_Alpha158_csi300_custom_step0_s_20260530_16,6ff1d289d155480884054fb016db8e08,0.071,,,
2856,2026-05-29,SH601818,0.0023689872014446027,EXP_CatBoostModel_Alpha158_csi300_custom_step0_s_20260530_16,6ff1d289d155480884054fb016db8e08,0.071,,,
2857,2026-05-29,SH601898,-0.0020617097310255774,EXP_CatBoostModel_Alpha158_csi300_custom_step0_s_20260530_16,6ff1d289d155480884054fb016db8e08,0.071,,,
2858,2026-05-29,SH601881,-0.0008921087891424997,EXP_CatBoostModel_Alpha158_csi300_custom_step0_s_20260530_16,6ff1d289d155480884054fb016db8e08,0.071,,,
2859,2026-05-29,SH601878,0.0023689872014446027,EXP_CatBoostModel_Alpha158_csi300_custom_step0_s_20260530_16,6ff1d289d155480884054fb016db8e08,0.071,,,
2860,2026-05-29,SH601877,-0.0025003801508875845,EXP_CatBoostModel_Alpha158_csi300_custom_step0_s_20260530_16,6ff1d289d155480884054fb016db8e08,0.071,,,
2861,2026-05-29,SH601872,-0.0020617097310255774,EXP_CatBoostModel_Alpha158_csi300_custom_step0_s_20260530_16,6ff1d289d155480884054fb016db8e08,0.071,,,
2862,2026-05-29,SH601868,-0.0025003801508875845,EXP_CatBoostModel_Alpha158_csi300_custom_step0_s_20260530_16,6ff1d289d155480884054fb016db8e08,0.071,,,
2863,2026-05-29,SH601857,-0.0025003801508875845,EXP_CatBoostModel_Alpha158_csi300_custom_step0_s_20260530_16,6ff1d289d155480884054fb016db8e08,0.071,,,
2864,2026-05-29,SH601838,0.0029661404861316683,EXP_CatBoostModel_Alpha158_csi300_custom_step0_s_20260530_16,6ff1d289d155480884054fb016db8e08,0.071,,,
2865,2026-05-29,SH601888,-0.003168127278813725,EXP_CatBoostModel_Alpha158_csi300_custom_step0_s_20260530_16,6ff1d289d155480884054fb016db8e08,0.071,,,
2866,2026-05-29,SH600570,-0.009221445026881048,EXP_CatBoostModel_Alpha158_csi300_custom_step0_s_20260530_16,92c49d6ffbdc412fb9404fc2938d4418,0.021,,,
2867,2026-05-29,SH600584,-0.4587681156486386,EXP_CatBoostModel_Alpha158_csi300_custom_step0_s_20260530_16,92c49d6ffbdc412fb9404fc2938d4418,0.021,,,
2868,2026-05-29,SH600585,-0.02058998463398178,EXP_CatBoostModel_Alpha158_csi300_custom_step0_s_20260530_16,92c49d6ffbdc412fb9404fc2938d4418,0.021,,,
2869,2026-05-29,SZ300251,0.02496993966431103,EXP_CatBoostModel_Alpha158_csi300_custom_step0_s_20260530_16,92c49d6ffbdc412fb9404fc2938d4418,0.021,,,
2870,2026-05-29,SZ300124,0.051223360832673565,EXP_CatBoostModel_Alpha158_csi300_custom_step0_s_20260530_16,92c49d6ffbdc412fb9404fc2938d4418,0.021,,,
2871,2026-05-29,SZ300122,-0.023563521498050927,EXP_CatBoostModel_Alpha158_csi300_custom_step0_s_20260530_16,92c49d6ffbdc412fb9404fc2938d4418,0.021,,,
2872,2026-05-29,SZ300059,0.012836935810980572,EXP_CatBoostModel_Alpha158_csi300_custom_step0_s_20260530_16,92c49d6ffbdc412fb9404fc2938d4418,0.021,,,
2873,2026-05-29,SZ300033,-0.03292399537876791,EXP_CatBoostModel_Alpha158_csi300_custom_step0_s_20260530_16,92c49d6ffbdc412fb9404fc2938d4418,0.021,,,
2874,2026-05-29,SZ300015,0.02758049960784891,EXP_CatBoostModel_Alpha158_csi300_custom_step0_s_20260530_16,92c49d6ffbdc412fb9404fc2938d4418,0.021,,,
2875,2026-05-29,SZ300014,-0.01279858719305534,EXP_CatBoostModel_Alpha158_csi300_custom_step0_s_20260530_16,92c49d6ffbdc412fb9404fc2938d4418,0.021,,,
2876,2026-05-29,SZ003816,-0.010839838370582541,EXP_CatBoostModel_Alpha158_csi300_custom_step0_s_20260530_16,92c49d6ffbdc412fb9404fc2938d4418,0.021,,,
2877,2026-05-29,SZ002938,-0.3671341566605598,EXP_CatBoostModel_Alpha158_csi300_custom_step0_s_20260530_16,92c49d6ffbdc412fb9404fc2938d4418,0.021,,,
2878,2026-05-29,SZ002920,-0.030145521370430296,EXP_CatBoostModel_Alpha158_csi300_custom_step0_s_20260530_16,92c49d6ffbdc412fb9404fc2938d4418,0.021,,,
2879,2026-05-29,SZ002916,0.07485583628365192,EXP_CatBoostModel_Alpha158_csi300_custom_step0_s_20260530_16,92c49d6ffbdc412fb9404fc2938d4418,0.021,,,
2880,2026-05-29,SZ002736,-0.025953810280893774,EXP_CatBoostModel_Alpha158_csi300_custom_step0_s_20260530_16,92c49d6ffbdc412fb9404fc2938d4418,0.021,,,
2881,2026-05-29,SZ002714,0.003006964182965612,EXP_CatBoostModel_Alpha158_csi300_custom_step0_s_20260530_16,92c49d6ffbdc412fb9404fc2938d4418,0.021,,,
2882,2026-05-29,SZ002709,0.04696177350206542,EXP_CatBoostModel_Alpha158_csi300_custom_step0_s_20260530_16,92c49d6ffbdc412fb9404fc2938d4418,0.021,,,
2883,2026-05-29,SZ002648,0.09211004557557816,EXP_CatBoostModel_Alpha158_csi300_custom_step0_s_20260530_16,92c49d6ffbdc412fb9404fc2938d4418,0.021,,,
2884,2026-05-29,SZ300274,-0.08228310259645494,EXP_CatBoostModel_Alpha158_csi300_custom_step0_s_20260530_16,92c49d6ffbdc412fb9404fc2938d4418,0.021,,,
2885,2026-05-29,SZ300308,0.16497972755598558,EXP_CatBoostModel_Alpha158_csi300_custom_step0_s_20260530_16,92c49d6ffbdc412fb9404fc2938d4418,0.021,,,
2886,2026-05-29,SZ300316,-0.10364747845350054,EXP_CatBoostModel_Alpha158_csi300_custom_step0_s_20260530_16,92c49d6ffbdc412fb9404fc2938d4418,0.021,,,
2887,2026-05-29,SZ300347,0.09483807221449723,EXP_CatBoostModel_Alpha158_csi300_custom_step0_s_20260530_16,92c49d6ffbdc412fb9404fc2938d4418,0.021,,,
2888,2026-05-29,SZ300803,0.019717236218433874,EXP_CatBoostModel_Alpha158_csi300_custom_step0_s_20260530_16,92c49d6ffbdc412fb9404fc2938d4418,0.021,,,
2889,2026-05-29,SZ300782,0.04980117231827081,EXP_CatBoostModel_Alpha158_csi300_custom_step0_s_20260530_16,92c49d6ffbdc412fb9404fc2938d4418,0.021,,,
2890,2026-05-29,SZ300760,-0.017146032205556234,EXP_CatBoostModel_Alpha158_csi300_custom_step0_s_20260530_16,92c49d6ffbdc412fb9404fc2938d4418,0.021,,,
2891,2026-05-29,SZ300759,0.004169659469736059,EXP_CatBoostModel_Alpha158_csi300_custom_step0_s_20260530_16,92c49d6ffbdc412fb9404fc2938d4418,0.021,,,
2892,2026-05-29,SZ300750,-0.011710807969526043,EXP_CatBoostModel_Alpha158_csi300_custom_step0_s_20260530_16,92c49d6ffbdc412fb9404fc2938d4418,0.021,,,
2893,2026-05-29,SZ300661,0.0793836637073417,EXP_CatBoostModel_Alpha158_csi300_custom_step0_s_20260530_16,92c49d6ffbdc412fb9404fc2938d4418,0.021,,,
2894,2026-05-29,SZ300628,-0.00996452347799603,EXP_CatBoostModel_Alpha158_csi300_custom_step0_s_20260530_16,92c49d6ffbdc412fb9404fc2938d4418,0.021,,,
2895,2026-05-29,SZ002625,-0.01460121601580992,EXP_CatBoostModel_Alpha158_csi300_custom_step0_s_20260530_16,92c49d6ffbdc412fb9404fc2938d4418,0.021,,,
2896,2026-05-29,SZ300502,0.04043856744661641,EXP_CatBoostModel_Alpha158_csi300_custom_step0_s_20260530_16,92c49d6ffbdc412fb9404fc2938d4418,0.021,,,
2897,2026-05-29,SZ300476,0.008614082073499115,EXP_CatBoostModel_Alpha158_csi300_custom_step0_s_20260530_16,92c49d6ffbdc412fb9404fc2938d4418,0.021,,,
2898,2026-05-29,SZ300442,0.03711716628600689,EXP_CatBoostModel_Alpha158_csi300_custom_step0_s_20260530_16,92c49d6ffbdc412fb9404fc2938d4418,0.021,,,
2899,2026-05-29,SZ300433,0.010706356829834188,EXP_CatBoostModel_Alpha158_csi300_custom_step0_s_20260530_16,92c49d6ffbdc412fb9404fc2938d4418,0.021,,,
2900,2026-05-29,SZ300418,0.04682897161170506,EXP_CatBoostModel_Alpha158_csi300_custom_step0_s_20260530_16,92c49d6ffbdc412fb9404fc2938d4418,0.021,,,
2901,2026-05-29,SZ300413,0.0028990498906183004,EXP_CatBoostModel_Alpha158_csi300_custom_step0_s_20260530_16,92c49d6ffbdc412fb9404fc2938d4418,0.021,,,
2902,2026-05-29,SZ300408,0.10109523570217735,EXP_CatBoostModel_Alpha158_csi300_custom_step0_s_20260530_16,92c49d6ffbdc412fb9404fc2938d4418,0.021,,,
2903,2026-05-29,SZ300394,-0.505691237149232,EXP_CatBoostModel_Alpha158_csi300_custom_step0_s_20260530_16,92c49d6ffbdc412fb9404fc2938d4418,0.021,,,
2904,2026-05-29,SZ300498,0.062254033283308446,EXP_CatBoostModel_Alpha158_csi300_custom_step0_s_20260530_16,92c49d6ffbdc412fb9404fc2938d4418,0.021,,,
2905,2026-05-29,SZ002601,0.08206808187409562,EXP_CatBoostModel_Alpha158_csi300_custom_step0_s_20260530_16,92c49d6ffbdc412fb9404fc2938d4418,0.021,,,
2906,2026-05-29,SZ002600,-0.033244712559180205,EXP_CatBoostModel_Alpha158_csi300_custom_step0_s_20260530_16,92c49d6ffbdc412fb9404fc2938d4418,0.021,,,
2907,2026-05-29,SZ002594,-0.02112272353104457,EXP_CatBoostModel_Alpha158_csi300_custom_step0_s_20260530_16,92c49d6ffbdc412fb9404fc2938d4418,0.021,,,
2908,2026-05-29,SZ002050,0.0042072934434605235,EXP_CatBoostModel_Alpha158_csi300_custom_step0_s_20260530_16,92c49d6ffbdc412fb9404fc2938d4418,0.021,,,
2909,2026-05-29,SZ002049,0.005072106283133985,EXP_CatBoostModel_Alpha158_csi300_custom_step0_s_20260530_16,92c49d6ffbdc412fb9404fc2938d4418,0.021,,,
2910,2026-05-29,SZ002028,-0.02234440471658348,EXP_CatBoostModel_Alpha158_csi300_custom_step0_s_20260530_16,92c49d6ffbdc412fb9404fc2938d4418,0.021,,,
2911,2026-05-29,SZ002027,-0.008845478803911382,EXP_CatBoostModel_Alpha158_csi300_custom_step0_s_20260530_16,92c49d6ffbdc412fb9404fc2938d4418,0.021,,,
2912,2026-05-29,SZ002001,-0.01652755128511782,EXP_CatBoostModel_Alpha158_csi300_custom_step0_s_20260530_16,92c49d6ffbdc412fb9404fc2938d4418,0.021,,,
2913,2026-05-29,SZ001979,0.022281518154767435,EXP_CatBoostModel_Alpha158_csi300_custom_step0_s_20260530_16,92c49d6ffbdc412fb9404fc2938d4418,0.021,,,
2914,2026-05-29,SZ001965,0.016515204378194672,EXP_CatBoostModel_Alpha158_csi300_custom_step0_s_20260530_16,92c49d6ffbdc412fb9404fc2938d4418,0.021,,,
2915,2026-05-29,SZ002074,0.006714857601203223,EXP_CatBoostModel_Alpha158_csi300_custom_step0_s_20260530_16,92c49d6ffbdc412fb9404fc2938d4418,0.021,,,
2916,2026-05-29,SZ001391,-0.007969806956804158,EXP_CatBoostModel_Alpha158_csi300_custom_step0_s_20260530_16,92c49d6ffbdc412fb9404fc2938d4418,0.021,,,
2917,2026-05-29,SZ000983,-0.00228575098834508,EXP_CatBoostModel_Alpha158_csi300_custom_step0_s_20260530_16,92c49d6ffbdc412fb9404fc2938d4418,0.021,,,
2918,2026-05-29,SZ000977,-0.07378082067777185,EXP_CatBoostModel_Alpha158_csi300_custom_step0_s_20260530_16,92c49d6ffbdc412fb9404fc2938d4418,0.021,,,
2919,2026-05-29,SZ000975,0.017370091050774604,EXP_CatBoostModel_Alpha158_csi300_custom_step0_s_20260530_16,92c49d6ffbdc412fb9404fc2938d4418,0.021,,,
2920,2026-05-29,SZ000963,0.0004326201852854866,EXP_CatBoostModel_Alpha158_csi300_custom_step0_s_20260530_16,92c49d6ffbdc412fb9404fc2938d4418,0.021,,,
2921,2026-05-29,SZ000938,0.015967458793205744,EXP_CatBoostModel_Alpha158_csi300_custom_step0_s_20260530_16,92c49d6ffbdc412fb9404fc2938d4418,0.021,,,
2922,2026-05-29,SZ000895,-0.01911904918075643,EXP_CatBoostModel_Alpha158_csi300_custom_step0_s_20260530_16,92c49d6ffbdc412fb9404fc2938d4418,0.021,,,
2923,2026-05-29,SZ000876,-0.029525315503309356,EXP_CatBoostModel_Alpha158_csi300_custom_step0_s_20260530_16,92c49d6ffbdc412fb9404fc2938d4418,0.021,,,
2924,2026-05-29,SZ000999,-0.017117985206881865,EXP_CatBoostModel_Alpha158_csi300_custom_step0_s_20260530_16,92c49d6ffbdc412fb9404fc2938d4418,0.021,,,
2925,2026-05-29,SZ300832,0.022906764045982513,EXP_CatBoostModel_Alpha158_csi300_custom_step0_s_20260530_16,92c49d6ffbdc412fb9404fc2938d4418,0.021,,,
2926,2026-05-29,SZ002142,-0.01292641265246421,EXP_CatBoostModel_Alpha158_csi300_custom_step0_s_20260530_16,92c49d6ffbdc412fb9404fc2938d4418,0.021,,,
2927,2026-05-29,SZ002230,-0.039906880405691764,EXP_CatBoostModel_Alpha158_csi300_custom_step0_s_20260530_16,92c49d6ffbdc412fb9404fc2938d4418,0.021,,,
2928,2026-05-29,SZ002493,0.08567010584567401,EXP_CatBoostModel_Alpha158_csi300_custom_step0_s_20260530_16,92c49d6ffbdc412fb9404fc2938d4418,0.021,,,
2929,2026-05-29,SZ002475,0.023645440294344185,EXP_CatBoostModel_Alpha158_csi300_custom_step0_s_20260530_16,92c49d6ffbdc412fb9404fc2938d4418,0.021,,,
2930,2026-05-29,SZ002466,0.056400647640339065,EXP_CatBoostModel_Alpha158_csi300_custom_step0_s_20260530_16,92c49d6ffbdc412fb9404fc2938d4418,0.021,,,
2931,2026-05-29,SZ002463,0.06502459671604123,EXP_CatBoostModel_Alpha158_csi300_custom_step0_s_20260530_16,92c49d6ffbdc412fb9404fc2938d4418,0.021,,,
2932,2026-05-29,SZ002460,0.09051151562657636,EXP_CatBoostModel_Alpha158_csi300_custom_step0_s_20260530_16,92c49d6ffbdc412fb9404fc2938d4418,0.021,,,
2933,2026-05-29,SZ002459,0.04253126116986039,EXP_CatBoostModel_Alpha158_csi300_custom_step0_s_20260530_16,92c49d6ffbdc412fb9404fc2938d4418,0.021,,,
2934,2026-05-29,SZ002422,0.01217849127764552,EXP_CatBoostModel_Alpha158_csi300_custom_step0_s_20260530_16,92c49d6ffbdc412fb9404fc2938d4418,0.021,,,
2935,2026-05-29,SZ002179,-0.002361555633053282,EXP_CatBoostModel_Alpha158_csi300_custom_step0_s_20260530_16,92c49d6ffbdc412fb9404fc2938d4418,0.021,,,
2936,2026-05-29,SZ002415,-0.020827049652186427,EXP_CatBoostModel_Alpha158_csi300_custom_step0_s_20260530_16,92c49d6ffbdc412fb9404fc2938d4418,0.021,,,
2937,2026-05-29,SZ002371,0.06455902423654057,EXP_CatBoostModel_Alpha158_csi300_custom_step0_s_20260530_16,92c49d6ffbdc412fb9404fc2938d4418,0.021,,,
2938,2026-05-29,SZ002352,-0.029312769873328176,EXP_CatBoostModel_Alpha158_csi300_custom_step0_s_20260530_16,92c49d6ffbdc412fb9404fc2938d4418,0.021,,,
2939,2026-05-29,SZ002311,-0.022535348632456726,EXP_CatBoostModel_Alpha158_csi300_custom_step0_s_20260530_16,92c49d6ffbdc412fb9404fc2938d4418,0.021,,,
2940,2026-05-29,SZ002304,-0.022132796637947722,EXP_CatBoostModel_Alpha158_csi300_custom_step0_s_20260530_16,92c49d6ffbdc412fb9404fc2938d4418,0.021,,,
2941,2026-05-29,SZ002252,-0.017237106733332636,EXP_CatBoostModel_Alpha158_csi300_custom_step0_s_20260530_16,92c49d6ffbdc412fb9404fc2938d4418,0.021,,,
2942,2026-05-29,SZ002241,-0.0019348954574096547,EXP_CatBoostModel_Alpha158_csi300_custom_step0_s_20260530_16,92c49d6ffbdc412fb9404fc2938d4418,0.021,,,
2943,2026-05-29,SZ002236,-0.01483797136504255,EXP_CatBoostModel_Alpha158_csi300_custom_step0_s_20260530_16,92c49d6ffbdc412fb9404fc2938d4418,0.021,,,
2944,2026-05-29,SZ002384,-0.062240441372171634,EXP_CatBoostModel_Alpha158_csi300_custom_step0_s_20260530_16,92c49d6ffbdc412fb9404fc2938d4418,0.021,,,
2945,2026-05-29,SZ300866,0.025805667991113335,EXP_CatBoostModel_Alpha158_csi300_custom_step0_s_20260530_16,92c49d6ffbdc412fb9404fc2938d4418,0.021,,,
2946,2026-05-29,SZ300896,-0.0067872226274565605,EXP_CatBoostModel_Alpha158_csi300_custom_step0_s_20260530_16,92c49d6ffbdc412fb9404fc2938d4418,0.021,,,
2947,2026-05-29,SZ300979,0.012684419837783418,EXP_CatBoostModel_Alpha158_csi300_custom_step0_s_20260530_16,92c49d6ffbdc412fb9404fc2938d4418,0.021,,,
2948,2026-05-29,SH600519,-0.0013417368121017813,EXP_LGBModel_Alpha158_csi300_custom_step0_s_20260530_16,3231f0374a7742759c31a5a704613286,0.068,,,
2949,2026-05-29,SH600515,-0.0016862614610701676,EXP_LGBModel_Alpha158_csi300_custom_step0_s_20260530_16,3231f0374a7742759c31a5a704613286,0.068,,,
2950,2026-05-29,SH600489,-0.009254737542199106,EXP_LGBModel_Alpha158_csi300_custom_step0_s_20260530_16,3231f0374a7742759c31a5a704613286,0.068,,,
2951,2026-05-29,SH600482,-0.010242144308427315,EXP_LGBModel_Alpha158_csi300_custom_step0_s_20260530_16,3231f0374a7742759c31a5a704613286,0.068,,,
2952,2026-05-29,SH600460,-0.006707463804606266,EXP_LGBModel_Alpha158_csi300_custom_step0_s_20260530_16,3231f0374a7742759c31a5a704613286,0.068,,,
2953,2026-05-29,SH600438,-0.00685245730309564,EXP_LGBModel_Alpha158_csi300_custom_step0_s_20260530_16,3231f0374a7742759c31a5a704613286,0.068,,,
2954,2026-05-29,SH600436,-0.00130632263623801,EXP_LGBModel_Alpha158_csi300_custom_step0_s_20260530_16,3231f0374a7742759c31a5a704613286,0.068,,,
2955,2026-05-29,SH600522,-2.8657375019641603e-10,EXP_LGBModel_Alpha158_csi300_custom_step0_s_20260530_16,3231f0374a7742759c31a5a704613286,0.068,,,
2956,2026-05-29,SH600426,0.01284502820612365,EXP_LGBModel_Alpha158_csi300_custom_step0_s_20260530_16,3231f0374a7742759c31a5a704613286,0.068,,,
2957,2026-05-29,SH600406,-0.010242144308427315,EXP_LGBModel_Alpha158_csi300_custom_step0_s_20260530_16,3231f0374a7742759c31a5a704613286,0.068,,,
2958,2026-05-29,SH600377,0.005186955106483665,EXP_LGBModel_Alpha158_csi300_custom_step0_s_20260530_16,3231f0374a7742759c31a5a704613286,0.068,,,
2959,2026-05-29,SH600372,-0.00685245730309564,EXP_LGBModel_Alpha158_csi300_custom_step0_s_20260530_16,3231f0374a7742759c31a5a704613286,0.068,,,
2960,2026-05-29,SH600362,-0.010242144308427315,EXP_LGBModel_Alpha158_csi300_custom_step0_s_20260530_16,3231f0374a7742759c31a5a704613286,0.068,,,
2961,2026-05-29,SH600346,0.008747514857228227,EXP_LGBModel_Alpha158_csi300_custom_step0_s_20260530_16,3231f0374a7742759c31a5a704613286,0.068,,,
2962,2026-05-29,SH600309,0.0017045881487029067,EXP_LGBModel_Alpha158_csi300_custom_step0_s_20260530_16,3231f0374a7742759c31a5a704613286,0.068,,,
2963,2026-05-29,SH600276,-0.005394864049837892,EXP_LGBModel_Alpha158_csi300_custom_step0_s_20260530_16,3231f0374a7742759c31a5a704613286,0.068,,,
2964,2026-05-29,SH600415,-0.00840458017302844,EXP_LGBModel_Alpha158_csi300_custom_step0_s_20260530_16,3231f0374a7742759c31a5a704613286,0.068,,,
2965,2026-05-29,SH600233,-0.006523322055181514,EXP_LGBModel_Alpha158_csi300_custom_step0_s_20260530_16,3231f0374a7742759c31a5a704613286,0.068,,,
2966,2026-05-29,SH600547,-2.8657375019641603e-10,EXP_LGBModel_Alpha158_csi300_custom_step0_s_20260530_16,3231f0374a7742759c31a5a704613286,0.068,,,
2967,2026-05-29,SH600584,-0.004692067382195722,EXP_LGBModel_Alpha158_csi300_custom_step0_s_20260530_16,3231f0374a7742759c31a5a704613286,0.068,,,
2968,2026-05-29,SH600893,-0.0047072783918611135,EXP_LGBModel_Alpha158_csi300_custom_step0_s_20260530_16,3231f0374a7742759c31a5a704613286,0.068,,,
2969,2026-05-29,SH600887,-0.002744840732891334,EXP_LGBModel_Alpha158_csi300_custom_step0_s_20260530_16,3231f0374a7742759c31a5a704613286,0.068,,,
2970,2026-05-29,SH600886,0.0011398997338899653,EXP_LGBModel_Alpha158_csi300_custom_step0_s_20260530_16,3231f0374a7742759c31a5a704613286,0.068,,,
2971,2026-05-29,SH600875,-0.010242144308427315,EXP_LGBModel_Alpha158_csi300_custom_step0_s_20260530_16,3231f0374a7742759c31a5a704613286,0.068,,,
2972,2026-05-29,SH600845,-0.00840458017302844,EXP_LGBModel_Alpha158_csi300_custom_step0_s_20260530_16,3231f0374a7742759c31a5a704613286,0.068,,,
2973,2026-05-29,SH600809,0.0006715461309800076,EXP_LGBModel_Alpha158_csi300_custom_step0_s_20260530_16,3231f0374a7742759c31a5a704613286,0.068,,,
2974,2026-05-29,SH600803,-0.002571166242907266,EXP_LGBModel_Alpha158_csi300_custom_step0_s_20260530_16,3231f0374a7742759c31a5a704613286,0.068,,,
2975,2026-05-29,SH600570,-0.00360151291778538,EXP_LGBModel_Alpha158_csi300_custom_step0_s_20260530_16,3231f0374a7742759c31a5a704613286,0.068,,,
2976,2026-05-29,SH600795,0.0022773363663241737,EXP_LGBModel_Alpha158_csi300_custom_step0_s_20260530_16,3231f0374a7742759c31a5a704613286,0.068,,,
2977,2026-05-29,SH600741,0.0017045881487029067,EXP_LGBModel_Alpha158_csi300_custom_step0_s_20260530_16,3231f0374a7742759c31a5a704613286,0.068,,,
2978,2026-05-29,SH600690,-0.00130632263623801,EXP_LGBModel_Alpha158_csi300_custom_step0_s_20260530_16,3231f0374a7742759c31a5a704613286,0.068,,,
2979,2026-05-29,SH600674,0.0027393226311640457,EXP_LGBModel_Alpha158_csi300_custom_step0_s_20260530_16,3231f0374a7742759c31a5a704613286,0.068,,,
2980,2026-05-29,SH600660,-0.0063544363379514635,EXP_LGBModel_Alpha158_csi300_custom_step0_s_20260530_16,3231f0374a7742759c31a5a704613286,0.068,,,
2981,2026-05-29,SH600600,-2.8657375019641603e-10,EXP_LGBModel_Alpha158_csi300_custom_step0_s_20260530_16,3231f0374a7742759c31a5a704613286,0.068,,,
2982,2026-05-29,SH600588,0.0005771982671905128,EXP_LGBModel_Alpha158_csi300_custom_step0_s_20260530_16,3231f0374a7742759c31a5a704613286,0.068,,,
2983,2026-05-29,SH600585,-0.0030279979865981987,EXP_LGBModel_Alpha158_csi300_custom_step0_s_20260530_16,3231f0374a7742759c31a5a704613286,0.068,,,
2984,2026-05-29,SH600760,-0.005534752684511904,EXP_LGBModel_Alpha158_csi300_custom_step0_s_20260530_16,3231f0374a7742759c31a5a704613286,0.068,,,
2985,2026-05-29,SZ000858,-0.030104760734411973,EXP_CatBoostModel_Alpha158_csi300_custom_step0_s_20260530_16,92c49d6ffbdc412fb9404fc2938d4418,0.021,,,
2986,2026-05-29,SH600219,-0.010242144308427315,EXP_LGBModel_Alpha158_csi300_custom_step0_s_20260530_16,3231f0374a7742759c31a5a704613286,0.068,,,
2987,2026-05-29,SH600188,-0.007670978352093799,EXP_LGBModel_Alpha158_csi300_custom_step0_s_20260530_16,3231f0374a7742759c31a5a704613286,0.068,,,
2988,2026-05-29,SH600027,0.003636140992137228,EXP_LGBModel_Alpha158_csi300_custom_step0_s_20260530_16,3231f0374a7742759c31a5a704613286,0.068,,,
2989,2026-05-29,SH600026,-0.010242144308427315,EXP_LGBModel_Alpha158_csi300_custom_step0_s_20260530_16,3231f0374a7742759c31a5a704613286,0.068,,,
2990,2026-05-29,SH600025,0.0022773363663241737,EXP_LGBModel_Alpha158_csi300_custom_step0_s_20260530_16,3231f0374a7742759c31a5a704613286,0.068,,,
2991,2026-05-29,SH600023,0.003636140992137228,EXP_LGBModel_Alpha158_csi300_custom_step0_s_20260530_16,3231f0374a7742759c31a5a704613286,0.068,,,
2992,2026-05-29,SH600019,0.0024476321887458687,EXP_LGBModel_Alpha158_csi300_custom_step0_s_20260530_16,3231f0374a7742759c31a5a704613286,0.068,,,
2993,2026-05-29,SH600018,0.00708354259939767,EXP_LGBModel_Alpha158_csi300_custom_step0_s_20260530_16,3231f0374a7742759c31a5a704613286,0.068,,,
2994,2026-05-29,SH600016,-0.0016862614610701676,EXP_LGBModel_Alpha158_csi300_custom_step0_s_20260530_16,3231f0374a7742759c31a5a704613286,0.068,,,
2995,2026-05-29,SH600028,-0.004668175163455046,EXP_LGBModel_Alpha158_csi300_custom_step0_s_20260530_16,3231f0374a7742759c31a5a704613286,0.068,,,
2996,2026-05-29,SH600015,0.0022954980820303807,EXP_LGBModel_Alpha158_csi300_custom_step0_s_20260530_16,3231f0374a7742759c31a5a704613286,0.068,,,
2997,2026-05-29,SH600010,-0.00668357158586559,EXP_LGBModel_Alpha158_csi300_custom_step0_s_20260530_16,3231f0374a7742759c31a5a704613286,0.068,,,
2998,2026-05-29,SH600009,-2.8657375019641603e-10,EXP_LGBModel_Alpha158_csi300_custom_step0_s_20260530_16,3231f0374a7742759c31a5a704613286,0.068,,,
2999,2026-05-29,SH600000,-0.004835951063608488,EXP_LGBModel_Alpha158_csi300_custom_step0_s_20260530_16,3231f0374a7742759c31a5a704613286,0.068,,,
3000,2026-05-29,SZ302132,-0.0008308080282460537,EXP_CatBoostModel_Alpha158_csi300_custom_step0_s_20260530_16,92c49d6ffbdc412fb9404fc2938d4418,0.021,,,
3001,2026-05-29,SZ301269,-0.16160015563145175,EXP_CatBoostModel_Alpha158_csi300_custom_step0_s_20260530_16,92c49d6ffbdc412fb9404fc2938d4418,0.021,,,
3002,2026-05-29,SZ301236,0.05947255655553036,EXP_CatBoostModel_Alpha158_csi300_custom_step0_s_20260530_16,92c49d6ffbdc412fb9404fc2938d4418,0.021,,,
3003,2026-05-29,SZ300999,-0.0119738196060812,EXP_CatBoostModel_Alpha158_csi300_custom_step0_s_20260530_16,92c49d6ffbdc412fb9404fc2938d4418,0.021,,,
3004,2026-05-29,SH600011,0.0005866796053735257,EXP_LGBModel_Alpha158_csi300_custom_step0_s_20260530_16,3231f0374a7742759c31a5a704613286,0.068,,,
3005,2026-05-29,SH600196,-0.0029925838107344276,EXP_LGBModel_Alpha158_csi300_custom_step0_s_20260530_16,3231f0374a7742759c31a5a704613286,0.068,,,
3006,2026-05-29,SH600029,-0.00360151291778538,EXP_LGBModel_Alpha158_csi300_custom_step0_s_20260530_16,3231f0374a7742759c31a5a704613286,0.068,,,
3007,2026-05-29,SH600031,-0.0033217190586485546,EXP_LGBModel_Alpha158_csi300_custom_step0_s_20260530_16,3231f0374a7742759c31a5a704613286,0.068,,,
3008,2026-05-29,SH600183,-0.004692067382195722,EXP_LGBModel_Alpha158_csi300_custom_step0_s_20260530_16,3231f0374a7742759c31a5a704613286,0.068,,,
3009,2026-05-29,SH600176,-0.0005190858687022077,EXP_LGBModel_Alpha158_csi300_custom_step0_s_20260530_16,3231f0374a7742759c31a5a704613286,0.068,,,
3010,2026-05-29,SH600161,-0.0013417368121017813,EXP_LGBModel_Alpha158_csi300_custom_step0_s_20260530_16,3231f0374a7742759c31a5a704613286,0.068,,,
3011,2026-05-29,SH600160,-0.00840458017302844,EXP_LGBModel_Alpha158_csi300_custom_step0_s_20260530_16,3231f0374a7742759c31a5a704613286,0.068,,,
3012,2026-05-29,SH600150,0.0006715461309800076,EXP_LGBModel_Alpha158_csi300_custom_step0_s_20260530_16,3231f0374a7742759c31a5a704613286,0.068,,,
3013,2026-05-29,SH600115,-0.00360151291778538,EXP_LGBModel_Alpha158_csi300_custom_step0_s_20260530_16,3231f0374a7742759c31a5a704613286,0.068,,,
3014,2026-05-29,SH600111,-0.010242144308427315,EXP_LGBModel_Alpha158_csi300_custom_step0_s_20260530_16,3231f0374a7742759c31a5a704613286,0.068,,,
3015,2026-05-29,SH600030,0.005307456541631809,EXP_LGBModel_Alpha158_csi300_custom_step0_s_20260530_16,3231f0374a7742759c31a5a704613286,0.068,,,
3016,2026-05-29,SH600104,-2.8657375019641603e-10,EXP_LGBModel_Alpha158_csi300_custom_step0_s_20260530_16,3231f0374a7742759c31a5a704613286,0.068,,,
3017,2026-05-29,SH600085,-0.00130632263623801,EXP_LGBModel_Alpha158_csi300_custom_step0_s_20260530_16,3231f0374a7742759c31a5a704613286,0.068,,,
3018,2026-05-29,SH600066,0.002304653352993057,EXP_LGBModel_Alpha158_csi300_custom_step0_s_20260530_16,3231f0374a7742759c31a5a704613286,0.068,,,
3019,2026-05-29,SH600061,-0.0005551709998928836,EXP_LGBModel_Alpha158_csi300_custom_step0_s_20260530_16,3231f0374a7742759c31a5a704613286,0.068,,,
3020,2026-05-29,SH600050,-0.00840458017302844,EXP_LGBModel_Alpha158_csi300_custom_step0_s_20260530_16,3231f0374a7742759c31a5a704613286,0.068,,,
3021,2026-05-29,SH600048,-0.00198448635095999,EXP_LGBModel_Alpha158_csi300_custom_step0_s_20260530_16,3231f0374a7742759c31a5a704613286,0.068,,,
3022,2026-05-29,SH600039,-0.0030028034752125027,EXP_LGBModel_Alpha158_csi300_custom_step0_s_20260530_16,3231f0374a7742759c31a5a704613286,0.068,,,
3023,2026-05-29,SH600036,-0.0013417368121017813,EXP_LGBModel_Alpha158_csi300_custom_step0_s_20260530_16,3231f0374a7742759c31a5a704613286,0.068,,,
3024,2026-05-29,SH600089,-0.010242144308427315,EXP_LGBModel_Alpha158_csi300_custom_step0_s_20260530_16,3231f0374a7742759c31a5a704613286,0.068,,,
3025,2026-05-29,SZ000807,0.008177820811901139,EXP_CatBoostModel_Alpha158_csi300_custom_step0_s_20260530_16,92c49d6ffbdc412fb9404fc2938d4418,0.021,,,
3026,2026-05-29,SZ000792,0.1598322383748554,EXP_CatBoostModel_Alpha158_csi300_custom_step0_s_20260530_16,92c49d6ffbdc412fb9404fc2938d4418,0.021,,,
3027,2026-05-29,SZ000786,-0.030511409354800734,EXP_CatBoostModel_Alpha158_csi300_custom_step0_s_20260530_16,92c49d6ffbdc412fb9404fc2938d4418,0.021,,,
3028,2026-05-29,SH601336,-0.013164281949708728,EXP_CatBoostModel_Alpha158_csi300_custom_step0_s_20260530_16,92c49d6ffbdc412fb9404fc2938d4418,0.021,,,
3029,2026-05-29,SH601328,-0.016394630669503633,EXP_CatBoostModel_Alpha158_csi300_custom_step0_s_20260530_16,92c49d6ffbdc412fb9404fc2938d4418,0.021,,,
3030,2026-05-29,SH601319,-0.014985795941914454,EXP_CatBoostModel_Alpha158_csi300_custom_step0_s_20260530_16,92c49d6ffbdc412fb9404fc2938d4418,0.021,,,
3031,2026-05-29,SH601318,-0.02540469785119776,EXP_CatBoostModel_Alpha158_csi300_custom_step0_s_20260530_16,92c49d6ffbdc412fb9404fc2938d4418,0.021,,,
3032,2026-05-29,SH601298,-0.001856093052544743,EXP_CatBoostModel_Alpha158_csi300_custom_step0_s_20260530_16,92c49d6ffbdc412fb9404fc2938d4418,0.021,,,
3033,2026-05-29,SH601288,-0.014479968429218979,EXP_CatBoostModel_Alpha158_csi300_custom_step0_s_20260530_16,92c49d6ffbdc412fb9404fc2938d4418,0.021,,,
3034,2026-05-29,SH601238,-0.004568270012638044,EXP_CatBoostModel_Alpha158_csi300_custom_step0_s_20260530_16,92c49d6ffbdc412fb9404fc2938d4418,0.021,,,
3035,2026-05-29,SH601360,-0.02306378623179826,EXP_CatBoostModel_Alpha158_csi300_custom_step0_s_20260530_16,92c49d6ffbdc412fb9404fc2938d4418,0.021,,,
3036,2026-05-29,SH601236,-0.026863276153994045,EXP_CatBoostModel_Alpha158_csi300_custom_step0_s_20260530_16,92c49d6ffbdc412fb9404fc2938d4418,0.021,,,
3037,2026-05-29,SH601225,-0.004902740442687687,EXP_CatBoostModel_Alpha158_csi300_custom_step0_s_20260530_16,92c49d6ffbdc412fb9404fc2938d4418,0.021,,,
3038,2026-05-29,SH601211,-0.019871040707036075,EXP_CatBoostModel_Alpha158_csi300_custom_step0_s_20260530_16,92c49d6ffbdc412fb9404fc2938d4418,0.021,,,
3039,2026-05-29,SH601186,-0.016665915986738385,EXP_CatBoostModel_Alpha158_csi300_custom_step0_s_20260530_16,92c49d6ffbdc412fb9404fc2938d4418,0.021,,,
3040,2026-05-29,SH601169,-0.015759860768317015,EXP_CatBoostModel_Alpha158_csi300_custom_step0_s_20260530_16,92c49d6ffbdc412fb9404fc2938d4418,0.021,,,
3041,2026-05-29,SH601166,0.0004819413846571224,EXP_CatBoostModel_Alpha158_csi300_custom_step0_s_20260530_16,92c49d6ffbdc412fb9404fc2938d4418,0.021,,,
3042,2026-05-29,SH601138,-0.1818253074466137,EXP_CatBoostModel_Alpha158_csi300_custom_step0_s_20260530_16,92c49d6ffbdc412fb9404fc2938d4418,0.021,,,
3043,2026-05-29,SH601136,-0.034003209570766205,EXP_CatBoostModel_Alpha158_csi300_custom_step0_s_20260530_16,92c49d6ffbdc412fb9404fc2938d4418,0.021,,,
3044,2026-05-29,SH601229,-0.023341443113671395,EXP_CatBoostModel_Alpha158_csi300_custom_step0_s_20260530_16,92c49d6ffbdc412fb9404fc2938d4418,0.021,,,
3045,2026-05-29,SH601127,-0.01894949033458791,EXP_CatBoostModel_Alpha158_csi300_custom_step0_s_20260530_16,92c49d6ffbdc412fb9404fc2938d4418,0.021,,,
3046,2026-05-29,SH601377,-0.01580805798120975,EXP_CatBoostModel_Alpha158_csi300_custom_step0_s_20260530_16,92c49d6ffbdc412fb9404fc2938d4418,0.021,,,
3047,2026-05-29,SH601398,-0.012885918526915022,EXP_CatBoostModel_Alpha158_csi300_custom_step0_s_20260530_16,92c49d6ffbdc412fb9404fc2938d4418,0.021,,,
3048,2026-05-29,SH601788,-0.018314795526328052,EXP_CatBoostModel_Alpha158_csi300_custom_step0_s_20260530_16,92c49d6ffbdc412fb9404fc2938d4418,0.021,,,
3049,2026-05-29,SH601766,-0.024575412505814926,EXP_CatBoostModel_Alpha158_csi300_custom_step0_s_20260530_16,92c49d6ffbdc412fb9404fc2938d4418,0.021,,,
3050,2026-05-29,SH601728,-0.00532428333085328,EXP_CatBoostModel_Alpha158_csi300_custom_step0_s_20260530_16,92c49d6ffbdc412fb9404fc2938d4418,0.021,,,
3051,2026-05-29,SH601698,0.06651054964200057,EXP_CatBoostModel_Alpha158_csi300_custom_step0_s_20260530_16,92c49d6ffbdc412fb9404fc2938d4418,0.021,,,
3052,2026-05-29,SH601689,-0.030885263732129797,EXP_CatBoostModel_Alpha158_csi300_custom_step0_s_20260530_16,92c49d6ffbdc412fb9404fc2938d4418,0.021,,,
3053,2026-05-29,SH601688,-0.023726846894387317,EXP_CatBoostModel_Alpha158_csi300_custom_step0_s_20260530_16,92c49d6ffbdc412fb9404fc2938d4418,0.021,,,
3054,2026-05-29,SH601669,-0.01627763797493147,EXP_CatBoostModel_Alpha158_csi300_custom_step0_s_20260530_16,92c49d6ffbdc412fb9404fc2938d4418,0.021,,,
3055,2026-05-29,SH601390,-0.022791079951779553,EXP_CatBoostModel_Alpha158_csi300_custom_step0_s_20260530_16,92c49d6ffbdc412fb9404fc2938d4418,0.021,,,
3056,2026-05-29,SH601668,-0.011214363297816499,EXP_CatBoostModel_Alpha158_csi300_custom_step0_s_20260530_16,92c49d6ffbdc412fb9404fc2938d4418,0.021,,,
3057,2026-05-29,SH601633,-0.005059153011231689,EXP_CatBoostModel_Alpha158_csi300_custom_step0_s_20260530_16,92c49d6ffbdc412fb9404fc2938d4418,0.021,,,
3058,2026-05-29,SH601628,-0.01935531577793687,EXP_CatBoostModel_Alpha158_csi300_custom_step0_s_20260530_16,92c49d6ffbdc412fb9404fc2938d4418,0.021,,,
3059,2026-05-29,SH601618,-0.02295217873854105,EXP_CatBoostModel_Alpha158_csi300_custom_step0_s_20260530_16,92c49d6ffbdc412fb9404fc2938d4418,0.021,,,
3060,2026-05-29,SH601607,-0.021214519492820702,EXP_CatBoostModel_Alpha158_csi300_custom_step0_s_20260530_16,92c49d6ffbdc412fb9404fc2938d4418,0.021,,,
3061,2026-05-29,SH601601,-0.032183951998082425,EXP_CatBoostModel_Alpha158_csi300_custom_step0_s_20260530_16,92c49d6ffbdc412fb9404fc2938d4418,0.021,,,
3062,2026-05-29,SH601600,0.003165007785608032,EXP_CatBoostModel_Alpha158_csi300_custom_step0_s_20260530_16,92c49d6ffbdc412fb9404fc2938d4418,0.021,,,
3063,2026-05-29,SH601456,-0.022557245772103426,EXP_CatBoostModel_Alpha158_csi300_custom_step0_s_20260530_16,92c49d6ffbdc412fb9404fc2938d4418,0.021,,,
3064,2026-05-29,SH601658,-0.02025556915200527,EXP_CatBoostModel_Alpha158_csi300_custom_step0_s_20260530_16,92c49d6ffbdc412fb9404fc2938d4418,0.021,,,
3065,2026-05-29,SH601800,0.0018637393667692292,EXP_CatBoostModel_Alpha158_csi300_custom_step0_s_20260530_16,92c49d6ffbdc412fb9404fc2938d4418,0.021,,,
3066,2026-05-29,SH601117,-0.02773569641976829,EXP_CatBoostModel_Alpha158_csi300_custom_step0_s_20260530_16,92c49d6ffbdc412fb9404fc2938d4418,0.021,,,
3067,2026-05-29,SH601100,0.021689331796795705,EXP_CatBoostModel_Alpha158_csi300_custom_step0_s_20260530_16,92c49d6ffbdc412fb9404fc2938d4418,0.021,,,
3068,2026-05-29,SH600900,-0.004798765206648195,EXP_CatBoostModel_Alpha158_csi300_custom_step0_s_20260530_16,92c49d6ffbdc412fb9404fc2938d4418,0.021,,,
3069,2026-05-29,SH600893,0.030472606691643513,EXP_CatBoostModel_Alpha158_csi300_custom_step0_s_20260530_16,92c49d6ffbdc412fb9404fc2938d4418,0.021,,,
3070,2026-05-29,SH600887,0.006176623488271084,EXP_CatBoostModel_Alpha158_csi300_custom_step0_s_20260530_16,92c49d6ffbdc412fb9404fc2938d4418,0.021,,,
3071,2026-05-29,SH600886,-0.0037123864760327885,EXP_CatBoostModel_Alpha158_csi300_custom_step0_s_20260530_16,92c49d6ffbdc412fb9404fc2938d4418,0.021,,,
3072,2026-05-29,SH600875,0.002772054178607038,EXP_CatBoostModel_Alpha158_csi300_custom_step0_s_20260530_16,92c49d6ffbdc412fb9404fc2938d4418,0.021,,,
3073,2026-05-29,SH600845,0.04008016769469689,EXP_CatBoostModel_Alpha158_csi300_custom_step0_s_20260530_16,92c49d6ffbdc412fb9404fc2938d4418,0.021,,,
3074,2026-05-29,SH600809,-0.0028649024439802682,EXP_CatBoostModel_Alpha158_csi300_custom_step0_s_20260530_16,92c49d6ffbdc412fb9404fc2938d4418,0.021,,,
3075,2026-05-29,SH600905,-0.0030107899834841507,EXP_CatBoostModel_Alpha158_csi300_custom_step0_s_20260530_16,92c49d6ffbdc412fb9404fc2938d4418,0.021,,,
3076,2026-05-29,SH600803,-0.022381128700667857,EXP_CatBoostModel_Alpha158_csi300_custom_step0_s_20260530_16,92c49d6ffbdc412fb9404fc2938d4418,0.021,,,
3077,2026-05-29,SH600760,-0.01690898614191714,EXP_CatBoostModel_Alpha158_csi300_custom_step0_s_20260530_16,92c49d6ffbdc412fb9404fc2938d4418,0.021,,,
3078,2026-05-29,SH600741,-0.009600272212609577,EXP_CatBoostModel_Alpha158_csi300_custom_step0_s_20260530_16,92c49d6ffbdc412fb9404fc2938d4418,0.021,,,
3079,2026-05-29,SH600690,-0.01347772704366192,EXP_CatBoostModel_Alpha158_csi300_custom_step0_s_20260530_16,92c49d6ffbdc412fb9404fc2938d4418,0.021,,,
3080,2026-05-29,SH600674,-0.0029637642938083308,EXP_CatBoostModel_Alpha158_csi300_custom_step0_s_20260530_16,92c49d6ffbdc412fb9404fc2938d4418,0.021,,,
3081,2026-05-29,SH600660,-0.01603850070811504,EXP_CatBoostModel_Alpha158_csi300_custom_step0_s_20260530_16,92c49d6ffbdc412fb9404fc2938d4418,0.021,,,
3082,2026-05-29,SH600600,-0.010690131891011354,EXP_CatBoostModel_Alpha158_csi300_custom_step0_s_20260530_16,92c49d6ffbdc412fb9404fc2938d4418,0.021,,,
3083,2026-05-29,SH600588,0.0598834590836022,EXP_CatBoostModel_Alpha158_csi300_custom_step0_s_20260530_16,92c49d6ffbdc412fb9404fc2938d4418,0.021,,,
3084,2026-05-29,SH600795,0.002331347347607359,EXP_CatBoostModel_Alpha158_csi300_custom_step0_s_20260530_16,92c49d6ffbdc412fb9404fc2938d4418,0.021,,,
3085,2026-05-29,SH601111,0.007256287189880984,EXP_CatBoostModel_Alpha158_csi300_custom_step0_s_20260530_16,92c49d6ffbdc412fb9404fc2938d4418,0.021,,,
3086,2026-05-29,SH600918,-0.02455474069443745,EXP_CatBoostModel_Alpha158_csi300_custom_step0_s_20260530_16,92c49d6ffbdc412fb9404fc2938d4418,0.021,,,
3087,2026-05-29,SH600926,-0.01754203130727187,EXP_CatBoostModel_Alpha158_csi300_custom_step0_s_20260530_16,92c49d6ffbdc412fb9404fc2938d4418,0.021,,,
3088,2026-05-29,SH601088,-0.012157777757101279,EXP_CatBoostModel_Alpha158_csi300_custom_step0_s_20260530_16,92c49d6ffbdc412fb9404fc2938d4418,0.021,,,
3089,2026-05-29,SH601077,-0.025794269227903212,EXP_CatBoostModel_Alpha158_csi300_custom_step0_s_20260530_16,92c49d6ffbdc412fb9404fc2938d4418,0.021,,,
3090,2026-05-29,SH601066,-0.005342382436629539,EXP_CatBoostModel_Alpha158_csi300_custom_step0_s_20260530_16,92c49d6ffbdc412fb9404fc2938d4418,0.021,,,
3091,2026-05-29,SH601059,-0.008789816668747303,EXP_CatBoostModel_Alpha158_csi300_custom_step0_s_20260530_16,92c49d6ffbdc412fb9404fc2938d4418,0.021,,,
3092,2026-05-29,SH601058,-0.023802921795497232,EXP_CatBoostModel_Alpha158_csi300_custom_step0_s_20260530_16,92c49d6ffbdc412fb9404fc2938d4418,0.021,,,
3093,2026-05-29,SH601021,-0.008919919131539136,EXP_CatBoostModel_Alpha158_csi300_custom_step0_s_20260530_16,92c49d6ffbdc412fb9404fc2938d4418,0.021,,,
3094,2026-05-29,SH601018,-0.02540469785119776,EXP_CatBoostModel_Alpha158_csi300_custom_step0_s_20260530_16,92c49d6ffbdc412fb9404fc2938d4418,0.021,,,
3095,2026-05-29,SH600919,-0.009423728824164111,EXP_CatBoostModel_Alpha158_csi300_custom_step0_s_20260530_16,92c49d6ffbdc412fb9404fc2938d4418,0.021,,,
3096,2026-05-29,SH601012,0.0765375389845448,EXP_CatBoostModel_Alpha158_csi300_custom_step0_s_20260530_16,92c49d6ffbdc412fb9404fc2938d4418,0.021,,,
3097,2026-05-29,SH601006,-0.02097550221042542,EXP_CatBoostModel_Alpha158_csi300_custom_step0_s_20260530_16,92c49d6ffbdc412fb9404fc2938d4418,0.021,,,
3098,2026-05-29,SH600999,0.0029063256846254227,EXP_CatBoostModel_Alpha158_csi300_custom_step0_s_20260530_16,92c49d6ffbdc412fb9404fc2938d4418,0.021,,,
3099,2026-05-29,SH600989,0.2181970404651907,EXP_CatBoostModel_Alpha158_csi300_custom_step0_s_20260530_16,92c49d6ffbdc412fb9404fc2938d4418,0.021,,,
3100,2026-05-29,SH600958,-0.01662762149604025,EXP_CatBoostModel_Alpha158_csi300_custom_step0_s_20260530_16,92c49d6ffbdc412fb9404fc2938d4418,0.021,,,
3101,2026-05-29,SH600941,0.007809804012985571,EXP_CatBoostModel_Alpha158_csi300_custom_step0_s_20260530_16,92c49d6ffbdc412fb9404fc2938d4418,0.021,,,
3102,2026-05-29,SH600938,-0.01868734446248689,EXP_CatBoostModel_Alpha158_csi300_custom_step0_s_20260530_16,92c49d6ffbdc412fb9404fc2938d4418,0.021,,,
3103,2026-05-29,SH600930,0.0006087222977988805,EXP_CatBoostModel_Alpha158_csi300_custom_step0_s_20260530_16,92c49d6ffbdc412fb9404fc2938d4418,0.021,,,
3104,2026-05-29,SH601009,-0.018502528415834243,EXP_CatBoostModel_Alpha158_csi300_custom_step0_s_20260530_16,92c49d6ffbdc412fb9404fc2938d4418,0.021,,,
3105,2026-05-29,SH600346,0.004622759029436718,EXP_CatBoostModel_Alpha158_csi300_custom_step0_s_20260530_16,6ff1d289d155480884054fb016db8e08,0.071,,,
3106,2026-05-29,SH601808,-0.025181120946141,EXP_CatBoostModel_Alpha158_csi300_custom_step0_s_20260530_16,92c49d6ffbdc412fb9404fc2938d4418,0.021,,,
3107,2026-05-29,SH601818,-0.024222447262582394,EXP_CatBoostModel_Alpha158_csi300_custom_step0_s_20260530_16,92c49d6ffbdc412fb9404fc2938d4418,0.021,,,
3108,2026-05-29,SZ000063,-0.01868382039700288,EXP_CatBoostModel_Alpha158_csi300_custom_step0_s_20260530_16,92c49d6ffbdc412fb9404fc2938d4418,0.021,,,
3109,2026-05-29,SZ000002,-0.02184905879132666,EXP_CatBoostModel_Alpha158_csi300_custom_step0_s_20260530_16,92c49d6ffbdc412fb9404fc2938d4418,0.021,,,
3110,2026-05-29,SZ000001,-0.01739113958769792,EXP_CatBoostModel_Alpha158_csi300_custom_step0_s_20260530_16,92c49d6ffbdc412fb9404fc2938d4418,0.021,,,
3111,2026-05-29,SH688981,-0.1708761039784632,EXP_CatBoostModel_Alpha158_csi300_custom_step0_s_20260530_16,92c49d6ffbdc412fb9404fc2938d4418,0.021,,,
3112,2026-05-29,SH688506,-0.11415658687840079,EXP_CatBoostModel_Alpha158_csi300_custom_step0_s_20260530_16,92c49d6ffbdc412fb9404fc2938d4418,0.021,,,
3113,2026-05-29,SH688472,-0.001864631987486068,EXP_CatBoostModel_Alpha158_csi300_custom_step0_s_20260530_16,92c49d6ffbdc412fb9404fc2938d4418,0.021,,,
3114,2026-05-29,SH688396,-0.08902660524724545,EXP_CatBoostModel_Alpha158_csi300_custom_step0_s_20260530_16,92c49d6ffbdc412fb9404fc2938d4418,0.021,,,
3115,2026-05-29,SZ000100,-0.012774030077357286,EXP_CatBoostModel_Alpha158_csi300_custom_step0_s_20260530_16,92c49d6ffbdc412fb9404fc2938d4418,0.021,,,
3116,2026-05-29,SH688303,0.014569966497469014,EXP_CatBoostModel_Alpha158_csi300_custom_step0_s_20260530_16,92c49d6ffbdc412fb9404fc2938d4418,0.021,,,
3117,2026-05-29,SH688256,-0.029488846695151328,EXP_CatBoostModel_Alpha158_csi300_custom_step0_s_20260530_16,92c49d6ffbdc412fb9404fc2938d4418,0.021,,,
3118,2026-05-29,SH688223,0.02713132331556206,EXP_CatBoostModel_Alpha158_csi300_custom_step0_s_20260530_16,92c49d6ffbdc412fb9404fc2938d4418,0.021,,,
3119,2026-05-29,SH688187,-0.051328554965111864,EXP_CatBoostModel_Alpha158_csi300_custom_step0_s_20260530_16,92c49d6ffbdc412fb9404fc2938d4418,0.021,,,
3120,2026-05-29,SH688169,-0.01678171112255493,EXP_CatBoostModel_Alpha158_csi300_custom_step0_s_20260530_16,92c49d6ffbdc412fb9404fc2938d4418,0.021,,,
3121,2026-05-29,SH688126,-0.12255496811704228,EXP_CatBoostModel_Alpha158_csi300_custom_step0_s_20260530_16,92c49d6ffbdc412fb9404fc2938d4418,0.021,,,
3122,2026-05-29,SH688111,-0.01144044079767944,EXP_CatBoostModel_Alpha158_csi300_custom_step0_s_20260530_16,92c49d6ffbdc412fb9404fc2938d4418,0.021,,,
3123,2026-05-29,SH688082,-0.024415793476057004,EXP_CatBoostModel_Alpha158_csi300_custom_step0_s_20260530_16,92c49d6ffbdc412fb9404fc2938d4418,0.021,,,
3124,2026-05-29,SH688271,-0.0033943037777869785,EXP_CatBoostModel_Alpha158_csi300_custom_step0_s_20260530_16,92c49d6ffbdc412fb9404fc2938d4418,0.021,,,
3125,2026-05-29,SH688047,0.017165544548921538,EXP_CatBoostModel_Alpha158_csi300_custom_step0_s_20260530_16,92c49d6ffbdc412fb9404fc2938d4418,0.021,,,
3126,2026-05-29,SZ000157,-0.019192039363779268,EXP_CatBoostModel_Alpha158_csi300_custom_step0_s_20260530_16,92c49d6ffbdc412fb9404fc2938d4418,0.021,,,
3127,2026-05-29,SZ000301,-0.0039668815199846,EXP_CatBoostModel_Alpha158_csi300_custom_step0_s_20260530_16,92c49d6ffbdc412fb9404fc2938d4418,0.021,,,
3128,2026-05-29,SZ000776,-0.021105837544707125,EXP_CatBoostModel_Alpha158_csi300_custom_step0_s_20260530_16,92c49d6ffbdc412fb9404fc2938d4418,0.021,,,
3129,2026-05-29,SZ000768,-0.021740688933621813,EXP_CatBoostModel_Alpha158_csi300_custom_step0_s_20260530_16,92c49d6ffbdc412fb9404fc2938d4418,0.021,,,
3130,2026-05-29,SZ000725,-0.26798555652301326,EXP_CatBoostModel_Alpha158_csi300_custom_step0_s_20260530_16,92c49d6ffbdc412fb9404fc2938d4418,0.021,,,
3131,2026-05-29,SZ000708,-0.022018272126653728,EXP_CatBoostModel_Alpha158_csi300_custom_step0_s_20260530_16,92c49d6ffbdc412fb9404fc2938d4418,0.021,,,
3132,2026-05-29,SZ000661,0.026331076249864905,EXP_CatBoostModel_Alpha158_csi300_custom_step0_s_20260530_16,92c49d6ffbdc412fb9404fc2938d4418,0.021,,,
3133,2026-05-29,SZ000651,0.007300999322999121,EXP_CatBoostModel_Alpha158_csi300_custom_step0_s_20260530_16,92c49d6ffbdc412fb9404fc2938d4418,0.021,,,
3134,2026-05-29,SZ000630,0.0034725442580987313,EXP_CatBoostModel_Alpha158_csi300_custom_step0_s_20260530_16,92c49d6ffbdc412fb9404fc2938d4418,0.021,,,
3135,2026-05-29,SZ000166,-0.026022532757182925,EXP_CatBoostModel_Alpha158_csi300_custom_step0_s_20260530_16,92c49d6ffbdc412fb9404fc2938d4418,0.021,,,
3136,2026-05-29,SZ000625,0.04392500778762469,EXP_CatBoostModel_Alpha158_csi300_custom_step0_s_20260530_16,92c49d6ffbdc412fb9404fc2938d4418,0.021,,,
3137,2026-05-29,SZ000596,0.007867089244218188,EXP_CatBoostModel_Alpha158_csi300_custom_step0_s_20260530_16,92c49d6ffbdc412fb9404fc2938d4418,0.021,,,
3138,2026-05-29,SZ000568,-0.026168446764120546,EXP_CatBoostModel_Alpha158_csi300_custom_step0_s_20260530_16,92c49d6ffbdc412fb9404fc2938d4418,0.021,,,
3139,2026-05-29,SZ000538,-0.018438447814376046,EXP_CatBoostModel_Alpha158_csi300_custom_step0_s_20260530_16,92c49d6ffbdc412fb9404fc2938d4418,0.021,,,
3140,2026-05-29,SZ000425,-0.0010950118963037503,EXP_CatBoostModel_Alpha158_csi300_custom_step0_s_20260530_16,92c49d6ffbdc412fb9404fc2938d4418,0.021,,,
3141,2026-05-29,SZ000408,-0.004486065757550847,EXP_CatBoostModel_Alpha158_csi300_custom_step0_s_20260530_16,92c49d6ffbdc412fb9404fc2938d4418,0.021,,,
3142,2026-05-29,SZ000338,0.06383526373935328,EXP_CatBoostModel_Alpha158_csi300_custom_step0_s_20260530_16,92c49d6ffbdc412fb9404fc2938d4418,0.021,,,
3143,2026-05-29,SZ000333,0.008909127675716395,EXP_CatBoostModel_Alpha158_csi300_custom_step0_s_20260530_16,92c49d6ffbdc412fb9404fc2938d4418,0.021,,,
3144,2026-05-29,SZ000617,0.09500320102922775,EXP_CatBoostModel_Alpha158_csi300_custom_step0_s_20260530_16,92c49d6ffbdc412fb9404fc2938d4418,0.021,,,
3145,2026-05-29,SH601816,-0.006879155749040295,EXP_CatBoostModel_Alpha158_csi300_custom_step0_s_20260530_16,92c49d6ffbdc412fb9404fc2938d4418,0.021,,,
3146,2026-05-29,SH688041,0.07732473292430318,EXP_CatBoostModel_Alpha158_csi300_custom_step0_s_20260530_16,92c49d6ffbdc412fb9404fc2938d4418,0.021,,,
3147,2026-05-29,SH688012,0.07960376476665479,EXP_CatBoostModel_Alpha158_csi300_custom_step0_s_20260530_16,92c49d6ffbdc412fb9404fc2938d4418,0.021,,,
3148,2026-05-29,SH601985,-0.004632966419726392,EXP_CatBoostModel_Alpha158_csi300_custom_step0_s_20260530_16,92c49d6ffbdc412fb9404fc2938d4418,0.021,,,
3149,2026-05-29,SH601939,-0.002109191433997282,EXP_CatBoostModel_Alpha158_csi300_custom_step0_s_20260530_16,92c49d6ffbdc412fb9404fc2938d4418,0.021,,,
3150,2026-05-29,SH601919,-0.012429425199080925,EXP_CatBoostModel_Alpha158_csi300_custom_step0_s_20260530_16,92c49d6ffbdc412fb9404fc2938d4418,0.021,,,
3151,2026-05-29,SH601916,-0.009478161283042321,EXP_CatBoostModel_Alpha158_csi300_custom_step0_s_20260530_16,92c49d6ffbdc412fb9404fc2938d4418,0.021,,,
3152,2026-05-29,SH601901,-0.021844384871021933,EXP_CatBoostModel_Alpha158_csi300_custom_step0_s_20260530_16,92c49d6ffbdc412fb9404fc2938d4418,0.021,,,
3153,2026-05-29,SH601899,-0.017629573439690262,EXP_CatBoostModel_Alpha158_csi300_custom_step0_s_20260530_16,92c49d6ffbdc412fb9404fc2938d4418,0.021,,,
3154,2026-05-29,SH601898,-0.018500237388211223,EXP_CatBoostModel_Alpha158_csi300_custom_step0_s_20260530_16,92c49d6ffbdc412fb9404fc2938d4418,0.021,,,
3155,2026-05-29,SH601988,-0.01045485747810384,EXP_CatBoostModel_Alpha158_csi300_custom_step0_s_20260530_16,92c49d6ffbdc412fb9404fc2938d4418,0.021,,,
3156,2026-05-29,SH601888,0.003875370689626534,EXP_CatBoostModel_Alpha158_csi300_custom_step0_s_20260530_16,92c49d6ffbdc412fb9404fc2938d4418,0.021,,,
3157,2026-05-29,SH601878,-0.019180136800084815,EXP_CatBoostModel_Alpha158_csi300_custom_step0_s_20260530_16,92c49d6ffbdc412fb9404fc2938d4418,0.021,,,
3158,2026-05-29,SH601877,0.01495450680188495,EXP_CatBoostModel_Alpha158_csi300_custom_step0_s_20260530_16,92c49d6ffbdc412fb9404fc2938d4418,0.021,,,
3159,2026-05-29,SH601872,0.0020746555280268877,EXP_CatBoostModel_Alpha158_csi300_custom_step0_s_20260530_16,92c49d6ffbdc412fb9404fc2938d4418,0.021,,,
3160,2026-05-29,SH601868,0.00493968672366351,EXP_CatBoostModel_Alpha158_csi300_custom_step0_s_20260530_16,92c49d6ffbdc412fb9404fc2938d4418,0.021,,,
3161,2026-05-29,SH601857,-0.02277716535869331,EXP_CatBoostModel_Alpha158_csi300_custom_step0_s_20260530_16,92c49d6ffbdc412fb9404fc2938d4418,0.021,,,
3162,2026-05-29,SH601838,0.001066688665105186,EXP_CatBoostModel_Alpha158_csi300_custom_step0_s_20260530_16,92c49d6ffbdc412fb9404fc2938d4418,0.021,,,
3163,2026-05-29,SH601825,-0.01646341213114786,EXP_CatBoostModel_Alpha158_csi300_custom_step0_s_20260530_16,92c49d6ffbdc412fb9404fc2938d4418,0.021,,,
3164,2026-05-29,SH601881,-0.028513113379448906,EXP_CatBoostModel_Alpha158_csi300_custom_step0_s_20260530_16,92c49d6ffbdc412fb9404fc2938d4418,0.021,,,
3165,2026-05-29,SH688036,0.03269293860633221,EXP_CatBoostModel_Alpha158_csi300_custom_step0_s_20260530_16,92c49d6ffbdc412fb9404fc2938d4418,0.021,,,
3166,2026-05-29,SH601995,-0.01775673857589508,EXP_CatBoostModel_Alpha158_csi300_custom_step0_s_20260530_16,92c49d6ffbdc412fb9404fc2938d4418,0.021,,,
3167,2026-05-29,SH603019,-0.018049131835326995,EXP_CatBoostModel_Alpha158_csi300_custom_step0_s_20260530_16,92c49d6ffbdc412fb9404fc2938d4418,0.021,,,
3168,2026-05-29,SH688009,0.012769258154652432,EXP_CatBoostModel_Alpha158_csi300_custom_step0_s_20260530_16,92c49d6ffbdc412fb9404fc2938d4418,0.021,,,
3169,2026-05-29,SH688008,-0.08032501483033315,EXP_CatBoostModel_Alpha158_csi300_custom_step0_s_20260530_16,92c49d6ffbdc412fb9404fc2938d4418,0.021,,,
3170,2026-05-29,SH605499,0.007373136396477118,EXP_CatBoostModel_Alpha158_csi300_custom_step0_s_20260530_16,92c49d6ffbdc412fb9404fc2938d4418,0.021,,,
3171,2026-05-29,SH605117,-0.002579984440268631,EXP_CatBoostModel_Alpha158_csi300_custom_step0_s_20260530_16,92c49d6ffbdc412fb9404fc2938d4418,0.021,,,
3172,2026-05-29,SH603993,-0.01440454567218144,EXP_CatBoostModel_Alpha158_csi300_custom_step0_s_20260530_16,92c49d6ffbdc412fb9404fc2938d4418,0.021,,,
3173,2026-05-29,SH603986,-0.1538699353163352,EXP_CatBoostModel_Alpha158_csi300_custom_step0_s_20260530_16,92c49d6ffbdc412fb9404fc2938d4418,0.021,,,
3174,2026-05-29,SH603893,0.008196748685110031,EXP_CatBoostModel_Alpha158_csi300_custom_step0_s_20260530_16,92c49d6ffbdc412fb9404fc2938d4418,0.021,,,
3175,2026-05-29,SH601998,-0.017300400184007907,EXP_CatBoostModel_Alpha158_csi300_custom_step0_s_20260530_16,92c49d6ffbdc412fb9404fc2938d4418,0.021,,,
3176,2026-05-29,SH603799,0.04573048317485131,EXP_CatBoostModel_Alpha158_csi300_custom_step0_s_20260530_16,92c49d6ffbdc412fb9404fc2938d4418,0.021,,,
3177,2026-05-29,SH603392,-0.013037483216386349,EXP_CatBoostModel_Alpha158_csi300_custom_step0_s_20260530_16,92c49d6ffbdc412fb9404fc2938d4418,0.021,,,
3178,2026-05-29,SH603369,0.03479925601620491,EXP_CatBoostModel_Alpha158_csi300_custom_step0_s_20260530_16,92c49d6ffbdc412fb9404fc2938d4418,0.021,,,
3179,2026-05-29,SH603296,0.021852888098413698,EXP_CatBoostModel_Alpha158_csi300_custom_step0_s_20260530_16,92c49d6ffbdc412fb9404fc2938d4418,0.021,,,
3180,2026-05-29,SH603288,-0.017456083981332006,EXP_CatBoostModel_Alpha158_csi300_custom_step0_s_20260530_16,92c49d6ffbdc412fb9404fc2938d4418,0.021,,,
3181,2026-05-29,SH603260,0.02186716029620683,EXP_CatBoostModel_Alpha158_csi300_custom_step0_s_20260530_16,92c49d6ffbdc412fb9404fc2938d4418,0.021,,,
3182,2026-05-29,SH603259,-0.013641808713253389,EXP_CatBoostModel_Alpha158_csi300_custom_step0_s_20260530_16,92c49d6ffbdc412fb9404fc2938d4418,0.021,,,
3183,2026-05-29,SH603195,0.014841766147211877,EXP_CatBoostModel_Alpha158_csi300_custom_step0_s_20260530_16,92c49d6ffbdc412fb9404fc2938d4418,0.021,,,
3184,2026-05-29,SH603501,-0.02611320375331283,EXP_CatBoostModel_Alpha158_csi300_custom_step0_s_20260530_16,92c49d6ffbdc412fb9404fc2938d4418,0.021,,,
3185,2026-05-29,SH600309,-0.0022027291479947177,EXP_CatBoostModel_Alpha158_csi300_custom_step0_s_20260530_16,6ff1d289d155480884054fb016db8e08,0.071,,,
3186,2026-05-29,SH600276,-0.003168127278813725,EXP_CatBoostModel_Alpha158_csi300_custom_step0_s_20260530_16,6ff1d289d155480884054fb016db8e08,0.071,,,
3187,2026-05-29,SH600233,-0.003168127278813725,EXP_CatBoostModel_Alpha158_csi300_custom_step0_s_20260530_16,6ff1d289d155480884054fb016db8e08,0.071,,,
3188,2026-05-29,SZ000807,0.00020906483522151138,EXP_CatBoostModel_Alpha158_csi300_custom_step0_s_20260530_16,25f3a7b8c03349ea9e8a674828cf3e71,0.054,,,
3189,2026-05-29,SZ000792,0.001418509158810484,EXP_CatBoostModel_Alpha158_csi300_custom_step0_s_20260530_16,25f3a7b8c03349ea9e8a674828cf3e71,0.054,,,
3190,2026-05-29,SZ000786,-0.0008136608080593099,EXP_CatBoostModel_Alpha158_csi300_custom_step0_s_20260530_16,25f3a7b8c03349ea9e8a674828cf3e71,0.054,,,
3191,2026-05-29,SZ000776,-0.0008136608080593099,EXP_CatBoostModel_Alpha158_csi300_custom_step0_s_20260530_16,25f3a7b8c03349ea9e8a674828cf3e71,0.054,,,
3192,2026-05-29,SZ000768,0.00020906483522151138,EXP_CatBoostModel_Alpha158_csi300_custom_step0_s_20260530_16,25f3a7b8c03349ea9e8a674828cf3e71,0.054,,,
3193,2026-05-29,SZ000725,0.0022372023241791234,EXP_CatBoostModel_Alpha158_csi300_custom_step0_s_20260530_16,25f3a7b8c03349ea9e8a674828cf3e71,0.054,,,
3194,2026-05-29,SZ000708,-0.0008136608080593099,EXP_CatBoostModel_Alpha158_csi300_custom_step0_s_20260530_16,25f3a7b8c03349ea9e8a674828cf3e71,0.054,,,
3195,2026-05-29,SZ000661,0.0005881058151340771,EXP_CatBoostModel_Alpha158_csi300_custom_step0_s_20260530_16,25f3a7b8c03349ea9e8a674828cf3e71,0.054,,,
3196,2026-05-29,SZ000651,0.0005881058151340771,EXP_CatBoostModel_Alpha158_csi300_custom_step0_s_20260530_16,25f3a7b8c03349ea9e8a674828cf3e71,0.054,,,
3197,2026-05-29,SZ000630,0.0005881058151340771,EXP_CatBoostModel_Alpha158_csi300_custom_step0_s_20260530_16,25f3a7b8c03349ea9e8a674828cf3e71,0.054,,,
3198,2026-05-29,SZ000625,0.001418509158810484,EXP_CatBoostModel_Alpha158_csi300_custom_step0_s_20260530_16,25f3a7b8c03349ea9e8a674828cf3e71,0.054,,,
3199,2026-05-29,SZ000617,-0.0008136608080593099,EXP_CatBoostModel_Alpha158_csi300_custom_step0_s_20260530_16,25f3a7b8c03349ea9e8a674828cf3e71,0.054,,,
3200,2026-05-29,SZ000596,0.0005881058151340771,EXP_CatBoostModel_Alpha158_csi300_custom_step0_s_20260530_16,25f3a7b8c03349ea9e8a674828cf3e71,0.054,,,
3201,2026-05-29,SZ000568,0.0005881058151340771,EXP_CatBoostModel_Alpha158_csi300_custom_step0_s_20260530_16,25f3a7b8c03349ea9e8a674828cf3e71,0.054,,,
3202,2026-05-29,SZ000538,0.0005881058151340771,EXP_CatBoostModel_Alpha158_csi300_custom_step0_s_20260530_16,25f3a7b8c03349ea9e8a674828cf3e71,0.054,,,
3203,2026-05-29,SZ000858,0.0005881058151340771,EXP_CatBoostModel_Alpha158_csi300_custom_step0_s_20260530_16,25f3a7b8c03349ea9e8a674828cf3e71,0.054,,,
3204,2026-05-29,SZ000876,-0.0008136608080593099,EXP_CatBoostModel_Alpha158_csi300_custom_step0_s_20260530_16,25f3a7b8c03349ea9e8a674828cf3e71,0.054,,,
3205,2026-05-29,SZ000895,-0.0008136608080593099,EXP_CatBoostModel_Alpha158_csi300_custom_step0_s_20260530_16,25f3a7b8c03349ea9e8a674828cf3e71,0.054,,,
3206,2026-05-29,SZ000938,-0.0008343650514383041,EXP_CatBoostModel_Alpha158_csi300_custom_step0_s_20260530_16,25f3a7b8c03349ea9e8a674828cf3e71,0.054,,,
3207,2026-05-29,SZ002179,0.00020906483522151138,EXP_CatBoostModel_Alpha158_csi300_custom_step0_s_20260530_16,25f3a7b8c03349ea9e8a674828cf3e71,0.054,,,
3208,2026-05-29,SZ002142,-0.0008136608080593099,EXP_CatBoostModel_Alpha158_csi300_custom_step0_s_20260530_16,25f3a7b8c03349ea9e8a674828cf3e71,0.054,,,
3209,2026-05-29,SZ002074,0.00020906483522151138,EXP_CatBoostModel_Alpha158_csi300_custom_step0_s_20260530_16,25f3a7b8c03349ea9e8a674828cf3e71,0.054,,,
3210,2026-05-29,SZ002050,0.00020906483522151138,EXP_CatBoostModel_Alpha158_csi300_custom_step0_s_20260530_16,25f3a7b8c03349ea9e8a674828cf3e71,0.054,,,
3211,2026-05-29,SZ002049,0.00020906483522151138,EXP_CatBoostModel_Alpha158_csi300_custom_step0_s_20260530_16,25f3a7b8c03349ea9e8a674828cf3e71,0.054,,,
3212,2026-05-29,SZ002028,-0.0008343650514383041,EXP_CatBoostModel_Alpha158_csi300_custom_step0_s_20260530_16,25f3a7b8c03349ea9e8a674828cf3e71,0.054,,,
3213,2026-05-29,SZ002027,0.0005881058151340771,EXP_CatBoostModel_Alpha158_csi300_custom_step0_s_20260530_16,25f3a7b8c03349ea9e8a674828cf3e71,0.054,,,
3214,2026-05-29,SZ000425,0.0005881058151340771,EXP_CatBoostModel_Alpha158_csi300_custom_step0_s_20260530_16,25f3a7b8c03349ea9e8a674828cf3e71,0.054,,,
3215,2026-05-29,SZ002001,0.00020906483522151138,EXP_CatBoostModel_Alpha158_csi300_custom_step0_s_20260530_16,25f3a7b8c03349ea9e8a674828cf3e71,0.054,,,
3216,2026-05-29,SZ001965,0.00020906483522151138,EXP_CatBoostModel_Alpha158_csi300_custom_step0_s_20260530_16,25f3a7b8c03349ea9e8a674828cf3e71,0.054,,,
3217,2026-05-29,SZ001391,0.0004811242078944986,EXP_CatBoostModel_Alpha158_csi300_custom_step0_s_20260530_16,25f3a7b8c03349ea9e8a674828cf3e71,0.054,,,
3218,2026-05-29,SZ000999,0.0005881058151340771,EXP_CatBoostModel_Alpha158_csi300_custom_step0_s_20260530_16,25f3a7b8c03349ea9e8a674828cf3e71,0.054,,,
3219,2026-05-29,SZ000983,-0.0008136608080593099,EXP_CatBoostModel_Alpha158_csi300_custom_step0_s_20260530_16,25f3a7b8c03349ea9e8a674828cf3e71,0.054,,,
3220,2026-05-29,SZ000977,-0.0008343650514383041,EXP_CatBoostModel_Alpha158_csi300_custom_step0_s_20260530_16,25f3a7b8c03349ea9e8a674828cf3e71,0.054,,,
3221,2026-05-29,SZ000975,0.0022372023241791234,EXP_CatBoostModel_Alpha158_csi300_custom_step0_s_20260530_16,25f3a7b8c03349ea9e8a674828cf3e71,0.054,,,
3222,2026-05-29,SZ000963,0.0005881058151340771,EXP_CatBoostModel_Alpha158_csi300_custom_step0_s_20260530_16,25f3a7b8c03349ea9e8a674828cf3e71,0.054,,,
3223,2026-05-29,SZ001979,0.0005881058151340771,EXP_CatBoostModel_Alpha158_csi300_custom_step0_s_20260530_16,25f3a7b8c03349ea9e8a674828cf3e71,0.054,,,
3224,2026-05-29,SZ000408,0.00020906483522151138,EXP_CatBoostModel_Alpha158_csi300_custom_step0_s_20260530_16,25f3a7b8c03349ea9e8a674828cf3e71,0.054,,,
3225,2026-05-29,SZ000338,0.00020906483522151138,EXP_CatBoostModel_Alpha158_csi300_custom_step0_s_20260530_16,25f3a7b8c03349ea9e8a674828cf3e71,0.054,,,
3226,2026-05-29,SZ000333,0.0027368138236549414,EXP_CatBoostModel_Alpha158_csi300_custom_step0_s_20260530_16,25f3a7b8c03349ea9e8a674828cf3e71,0.054,,,
3227,2026-05-29,SH688047,-0.0008343650514383041,EXP_CatBoostModel_Alpha158_csi300_custom_step0_s_20260530_16,25f3a7b8c03349ea9e8a674828cf3e71,0.054,,,
3228,2026-05-29,SH688041,0.0022372023241791234,EXP_CatBoostModel_Alpha158_csi300_custom_step0_s_20260530_16,25f3a7b8c03349ea9e8a674828cf3e71,0.054,,,
3229,2026-05-29,SH688036,0.00020906483522151138,EXP_CatBoostModel_Alpha158_csi300_custom_step0_s_20260530_16,25f3a7b8c03349ea9e8a674828cf3e71,0.054,,,
3230,2026-05-29,SH688012,0.0022372023241791234,EXP_CatBoostModel_Alpha158_csi300_custom_step0_s_20260530_16,25f3a7b8c03349ea9e8a674828cf3e71,0.054,,,
3231,2026-05-29,SH688009,0.00020906483522151138,EXP_CatBoostModel_Alpha158_csi300_custom_step0_s_20260530_16,25f3a7b8c03349ea9e8a674828cf3e71,0.054,,,
3232,2026-05-29,SH688008,0.0022372023241791234,EXP_CatBoostModel_Alpha158_csi300_custom_step0_s_20260530_16,25f3a7b8c03349ea9e8a674828cf3e71,0.054,,,
3233,2026-05-29,SH605499,-0.0008136608080593099,EXP_CatBoostModel_Alpha158_csi300_custom_step0_s_20260530_16,25f3a7b8c03349ea9e8a674828cf3e71,0.054,,,
3234,2026-05-29,SH688082,0.0022372023241791234,EXP_CatBoostModel_Alpha158_csi300_custom_step0_s_20260530_16,25f3a7b8c03349ea9e8a674828cf3e71,0.054,,,
3235,2026-05-29,SH605117,0.00020906483522151138,EXP_CatBoostModel_Alpha158_csi300_custom_step0_s_20260530_16,25f3a7b8c03349ea9e8a674828cf3e71,0.054,,,
3236,2026-05-29,SH603986,0.0022372023241791234,EXP_CatBoostModel_Alpha158_csi300_custom_step0_s_20260530_16,25f3a7b8c03349ea9e8a674828cf3e71,0.054,,,
3237,2026-05-29,SH603893,0.00020906483522151138,EXP_CatBoostModel_Alpha158_csi300_custom_step0_s_20260530_16,25f3a7b8c03349ea9e8a674828cf3e71,0.054,,,
3238,2026-05-29,SH603799,0.00020906483522151138,EXP_CatBoostModel_Alpha158_csi300_custom_step0_s_20260530_16,25f3a7b8c03349ea9e8a674828cf3e71,0.054,,,
3239,2026-05-29,SH603501,0.00020906483522151138,EXP_CatBoostModel_Alpha158_csi300_custom_step0_s_20260530_16,25f3a7b8c03349ea9e8a674828cf3e71,0.054,,,
3240,2026-05-29,SH603392,-0.0008136608080593099,EXP_CatBoostModel_Alpha158_csi300_custom_step0_s_20260530_16,25f3a7b8c03349ea9e8a674828cf3e71,0.054,,,
3241,2026-05-29,SH603369,0.0005881058151340771,EXP_CatBoostModel_Alpha158_csi300_custom_step0_s_20260530_16,25f3a7b8c03349ea9e8a674828cf3e71,0.054,,,
3242,2026-05-29,SH603296,-0.0008343650514383041,EXP_CatBoostModel_Alpha158_csi300_custom_step0_s_20260530_16,25f3a7b8c03349ea9e8a674828cf3e71,0.054,,,
3243,2026-05-29,SH603993,-0.0008343650514383041,EXP_CatBoostModel_Alpha158_csi300_custom_step0_s_20260530_16,25f3a7b8c03349ea9e8a674828cf3e71,0.054,,,
3244,2026-05-29,SZ002230,-0.00798058888235554,EXP_CatBoostModel_Alpha158_csi300_custom_step0_s_20260530_16,25f3a7b8c03349ea9e8a674828cf3e71,0.054,,,
3245,2026-05-29,SH688111,-0.0008343650514383041,EXP_CatBoostModel_Alpha158_csi300_custom_step0_s_20260530_16,25f3a7b8c03349ea9e8a674828cf3e71,0.054,,,
3246,2026-05-29,SH688169,-0.0008343650514383041,EXP_CatBoostModel_Alpha158_csi300_custom_step0_s_20260530_16,25f3a7b8c03349ea9e8a674828cf3e71,0.054,,,
3247,2026-05-29,SZ000301,-0.0008343650514383041,EXP_CatBoostModel_Alpha158_csi300_custom_step0_s_20260530_16,25f3a7b8c03349ea9e8a674828cf3e71,0.054,,,
3248,2026-05-29,SZ000166,-0.0008136608080593099,EXP_CatBoostModel_Alpha158_csi300_custom_step0_s_20260530_16,25f3a7b8c03349ea9e8a674828cf3e71,0.054,,,
3249,2026-05-29,SZ000157,0.00020906483522151138,EXP_CatBoostModel_Alpha158_csi300_custom_step0_s_20260530_16,25f3a7b8c03349ea9e8a674828cf3e71,0.054,,,
3250,2026-05-29,SZ000100,-0.0008343650514383041,EXP_CatBoostModel_Alpha158_csi300_custom_step0_s_20260530_16,25f3a7b8c03349ea9e8a674828cf3e71,0.054,,,
3251,2026-05-29,SZ000063,-0.0008343650514383041,EXP_CatBoostModel_Alpha158_csi300_custom_step0_s_20260530_16,25f3a7b8c03349ea9e8a674828cf3e71,0.054,,,
3252,2026-05-29,SZ000002,0.0005881058151340771,EXP_CatBoostModel_Alpha158_csi300_custom_step0_s_20260530_16,25f3a7b8c03349ea9e8a674828cf3e71,0.054,,,
3253,2026-05-29,SZ000001,-0.0008136608080593099,EXP_CatBoostModel_Alpha158_csi300_custom_step0_s_20260530_16,25f3a7b8c03349ea9e8a674828cf3e71,0.054,,,
3254,2026-05-29,SH688126,0.0022372023241791234,EXP_CatBoostModel_Alpha158_csi300_custom_step0_s_20260530_16,25f3a7b8c03349ea9e8a674828cf3e71,0.054,,,
3255,2026-05-29,SH688981,0.0022372023241791234,EXP_CatBoostModel_Alpha158_csi300_custom_step0_s_20260530_16,25f3a7b8c03349ea9e8a674828cf3e71,0.054,,,
3256,2026-05-29,SH688472,-0.0008343650514383041,EXP_CatBoostModel_Alpha158_csi300_custom_step0_s_20260530_16,25f3a7b8c03349ea9e8a674828cf3e71,0.054,,,
3257,2026-05-29,SH688396,0.0022372023241791234,EXP_CatBoostModel_Alpha158_csi300_custom_step0_s_20260530_16,25f3a7b8c03349ea9e8a674828cf3e71,0.054,,,
3258,2026-05-29,SH688303,0.00020906483522151138,EXP_CatBoostModel_Alpha158_csi300_custom_step0_s_20260530_16,25f3a7b8c03349ea9e8a674828cf3e71,0.054,,,
3259,2026-05-29,SH688271,-0.0008343650514383041,EXP_CatBoostModel_Alpha158_csi300_custom_step0_s_20260530_16,25f3a7b8c03349ea9e8a674828cf3e71,0.054,,,
3260,2026-05-29,SH688256,0.0022372023241791234,EXP_CatBoostModel_Alpha158_csi300_custom_step0_s_20260530_16,25f3a7b8c03349ea9e8a674828cf3e71,0.054,,,
3261,2026-05-29,SH688223,-0.0008343650514383041,EXP_CatBoostModel_Alpha158_csi300_custom_step0_s_20260530_16,25f3a7b8c03349ea9e8a674828cf3e71,0.054,,,
3262,2026-05-29,SH688187,0.00020906483522151138,EXP_CatBoostModel_Alpha158_csi300_custom_step0_s_20260530_16,25f3a7b8c03349ea9e8a674828cf3e71,0.054,,,
3263,2026-05-29,SH688506,0.0005881058151340771,EXP_CatBoostModel_Alpha158_csi300_custom_step0_s_20260530_16,25f3a7b8c03349ea9e8a674828cf3e71,0.054,,,
3264,2026-05-29,SZ002236,0.00020906483522151138,EXP_CatBoostModel_Alpha158_csi300_custom_step0_s_20260530_16,25f3a7b8c03349ea9e8a674828cf3e71,0.054,,,
3265,2026-05-29,SZ002241,0.00020906483522151138,EXP_CatBoostModel_Alpha158_csi300_custom_step0_s_20260530_16,25f3a7b8c03349ea9e8a674828cf3e71,0.054,,,
3266,2026-05-29,SZ002252,0.0005881058151340771,EXP_CatBoostModel_Alpha158_csi300_custom_step0_s_20260530_16,25f3a7b8c03349ea9e8a674828cf3e71,0.054,,,
3267,2026-05-29,SZ300979,-0.0008136608080593099,EXP_CatBoostModel_Alpha158_csi300_custom_step0_s_20260530_16,25f3a7b8c03349ea9e8a674828cf3e71,0.054,,,
3268,2026-05-29,SZ300896,0.0005881058151340771,EXP_CatBoostModel_Alpha158_csi300_custom_step0_s_20260530_16,25f3a7b8c03349ea9e8a674828cf3e71,0.054,,,
3269,2026-05-29,SZ300866,0.00020906483522151138,EXP_CatBoostModel_Alpha158_csi300_custom_step0_s_20260530_16,25f3a7b8c03349ea9e8a674828cf3e71,0.054,,,
3270,2026-05-29,SZ300832,-0.0008343650514383041,EXP_CatBoostModel_Alpha158_csi300_custom_step0_s_20260530_16,25f3a7b8c03349ea9e8a674828cf3e71,0.054,,,
3271,2026-05-29,SZ300803,-0.0008343650514383041,EXP_CatBoostModel_Alpha158_csi300_custom_step0_s_20260530_16,25f3a7b8c03349ea9e8a674828cf3e71,0.054,,,
3272,2026-05-29,SZ300782,0.010185716215853484,EXP_CatBoostModel_Alpha158_csi300_custom_step0_s_20260530_16,25f3a7b8c03349ea9e8a674828cf3e71,0.054,,,
3273,2026-05-29,SZ300760,-0.0008136608080593099,EXP_CatBoostModel_Alpha158_csi300_custom_step0_s_20260530_16,25f3a7b8c03349ea9e8a674828cf3e71,0.054,,,
3274,2026-05-29,SZ300999,0.0005881058151340771,EXP_CatBoostModel_Alpha158_csi300_custom_step0_s_20260530_16,25f3a7b8c03349ea9e8a674828cf3e71,0.054,,,
3275,2026-05-29,SZ300759,0.00020906483522151138,EXP_CatBoostModel_Alpha158_csi300_custom_step0_s_20260530_16,25f3a7b8c03349ea9e8a674828cf3e71,0.054,,,
3276,2026-05-29,SZ300661,0.0022372023241791234,EXP_CatBoostModel_Alpha158_csi300_custom_step0_s_20260530_16,25f3a7b8c03349ea9e8a674828cf3e71,0.054,,,
3277,2026-05-29,SZ300628,0.00020906483522151138,EXP_CatBoostModel_Alpha158_csi300_custom_step0_s_20260530_16,25f3a7b8c03349ea9e8a674828cf3e71,0.054,,,
3278,2026-05-29,SZ300502,0.00020906483522151138,EXP_CatBoostModel_Alpha158_csi300_custom_step0_s_20260530_16,25f3a7b8c03349ea9e8a674828cf3e71,0.054,,,
3279,2026-05-29,SZ300498,-0.0008136608080593099,EXP_CatBoostModel_Alpha158_csi300_custom_step0_s_20260530_16,25f3a7b8c03349ea9e8a674828cf3e71,0.054,,,
3280,2026-05-29,SZ300476,0.00020906483522151138,EXP_CatBoostModel_Alpha158_csi300_custom_step0_s_20260530_16,25f3a7b8c03349ea9e8a674828cf3e71,0.054,,,
3281,2026-05-29,SZ300442,-0.0008343650514383041,EXP_CatBoostModel_Alpha158_csi300_custom_step0_s_20260530_16,25f3a7b8c03349ea9e8a674828cf3e71,0.054,,,
3282,2026-05-29,SZ300433,-0.003695709229075441,EXP_CatBoostModel_Alpha158_csi300_custom_step0_s_20260530_16,25f3a7b8c03349ea9e8a674828cf3e71,0.054,,,
3283,2026-05-29,SZ300750,0.00020906483522151138,EXP_CatBoostModel_Alpha158_csi300_custom_step0_s_20260530_16,25f3a7b8c03349ea9e8a674828cf3e71,0.054,,,
3284,2026-05-29,SZ300418,0.00020906483522151138,EXP_CatBoostModel_Alpha158_csi300_custom_step0_s_20260530_16,25f3a7b8c03349ea9e8a674828cf3e71,0.054,,,
3285,2026-05-29,SZ301236,-0.0008343650514383041,EXP_CatBoostModel_Alpha158_csi300_custom_step0_s_20260530_16,25f3a7b8c03349ea9e8a674828cf3e71,0.054,,,
3286,2026-05-29,SZ302132,-0.0008136608080593099,EXP_CatBoostModel_Alpha158_csi300_custom_step0_s_20260530_16,25f3a7b8c03349ea9e8a674828cf3e71,0.054,,,
3287,2026-05-29,SH600031,-0.00018350882976485278,EXP_CatBoostModel_Alpha158_csi300_custom_step0_s_20260530_16,6f70cd162e584ef181745d223e5db7fa,0.05,,,
3288,2026-05-29,SH600030,0.0008095917566368112,EXP_CatBoostModel_Alpha158_csi300_custom_step0_s_20260530_16,6f70cd162e584ef181745d223e5db7fa,0.05,,,
3289,2026-05-29,SH600029,-0.00018350882976485278,EXP_CatBoostModel_Alpha158_csi300_custom_step0_s_20260530_16,6f70cd162e584ef181745d223e5db7fa,0.05,,,
3290,2026-05-29,SH600028,-0.0020251328810476626,EXP_CatBoostModel_Alpha158_csi300_custom_step0_s_20260530_16,6f70cd162e584ef181745d223e5db7fa,0.05,,,
3291,2026-05-29,SH600027,-0.0008292052413272492,EXP_CatBoostModel_Alpha158_csi300_custom_step0_s_20260530_16,6f70cd162e584ef181745d223e5db7fa,0.05,,,
3292,2026-05-29,SH600026,-0.00018350882976485278,EXP_CatBoostModel_Alpha158_csi300_custom_step0_s_20260530_16,6f70cd162e584ef181745d223e5db7fa,0.05,,,
3293,2026-05-29,SH600025,0.002311428386302936,EXP_CatBoostModel_Alpha158_csi300_custom_step0_s_20260530_16,6f70cd162e584ef181745d223e5db7fa,0.05,,,
3294,2026-05-29,SZ301269,0.0022372023241791234,EXP_CatBoostModel_Alpha158_csi300_custom_step0_s_20260530_16,25f3a7b8c03349ea9e8a674828cf3e71,0.054,,,
3295,2026-05-29,SH600023,-0.0008292052413272492,EXP_CatBoostModel_Alpha158_csi300_custom_step0_s_20260530_16,6f70cd162e584ef181745d223e5db7fa,0.05,,,
3296,2026-05-29,SH600018,0.002311428386302936,EXP_CatBoostModel_Alpha158_csi300_custom_step0_s_20260530_16,6f70cd162e584ef181745d223e5db7fa,0.05,,,
3297,2026-05-29,SH600016,-0.0008292052413272492,EXP_CatBoostModel_Alpha158_csi300_custom_step0_s_20260530_16,6f70cd162e584ef181745d223e5db7fa,0.05,,,
3298,2026-05-29,SH600015,-0.0008292052413272492,EXP_CatBoostModel_Alpha158_csi300_custom_step0_s_20260530_16,6f70cd162e584ef181745d223e5db7fa,0.05,,,
3299,2026-05-29,SH600011,0.0032246002206018677,EXP_CatBoostModel_Alpha158_csi300_custom_step0_s_20260530_16,6f70cd162e584ef181745d223e5db7fa,0.05,,,
3300,2026-05-29,SH600010,-0.00018350882976485278,EXP_CatBoostModel_Alpha158_csi300_custom_step0_s_20260530_16,6f70cd162e584ef181745d223e5db7fa,0.05,,,
3301,2026-05-29,SH600009,-0.0008292052413272492,EXP_CatBoostModel_Alpha158_csi300_custom_step0_s_20260530_16,6f70cd162e584ef181745d223e5db7fa,0.05,,,
3302,2026-05-29,SH600000,-0.0008292052413272492,EXP_CatBoostModel_Alpha158_csi300_custom_step0_s_20260530_16,6f70cd162e584ef181745d223e5db7fa,0.05,,,
3303,2026-05-29,SH600019,-0.0008292052413272492,EXP_CatBoostModel_Alpha158_csi300_custom_step0_s_20260530_16,6f70cd162e584ef181745d223e5db7fa,0.05,,,
3304,2026-05-29,SH603288,0.0005881058151340771,EXP_CatBoostModel_Alpha158_csi300_custom_step0_s_20260530_16,25f3a7b8c03349ea9e8a674828cf3e71,0.054,,,
3305,2026-05-29,SZ300413,0.00020906483522151138,EXP_CatBoostModel_Alpha158_csi300_custom_step0_s_20260530_16,25f3a7b8c03349ea9e8a674828cf3e71,0.054,,,
3306,2026-05-29,SZ300394,-0.0008343650514383041,EXP_CatBoostModel_Alpha158_csi300_custom_step0_s_20260530_16,25f3a7b8c03349ea9e8a674828cf3e71,0.054,,,
3307,2026-05-29,SZ002601,0.00020906483522151138,EXP_CatBoostModel_Alpha158_csi300_custom_step0_s_20260530_16,25f3a7b8c03349ea9e8a674828cf3e71,0.054,,,
3308,2026-05-29,SZ002600,0.00020906483522151138,EXP_CatBoostModel_Alpha158_csi300_custom_step0_s_20260530_16,25f3a7b8c03349ea9e8a674828cf3e71,0.054,,,
3309,2026-05-29,SZ002594,0.00020906483522151138,EXP_CatBoostModel_Alpha158_csi300_custom_step0_s_20260530_16,25f3a7b8c03349ea9e8a674828cf3e71,0.054,,,
3310,2026-05-29,SZ002493,-0.0008343650514383041,EXP_CatBoostModel_Alpha158_csi300_custom_step0_s_20260530_16,25f3a7b8c03349ea9e8a674828cf3e71,0.054,,,
3311,2026-05-29,SZ002475,0.00020906483522151138,EXP_CatBoostModel_Alpha158_csi300_custom_step0_s_20260530_16,25f3a7b8c03349ea9e8a674828cf3e71,0.054,,,
3312,2026-05-29,SZ002466,-0.0008343650514383041,EXP_CatBoostModel_Alpha158_csi300_custom_step0_s_20260530_16,25f3a7b8c03349ea9e8a674828cf3e71,0.054,,,
3313,2026-05-29,SZ002463,0.002731048552862029,EXP_CatBoostModel_Alpha158_csi300_custom_step0_s_20260530_16,25f3a7b8c03349ea9e8a674828cf3e71,0.054,,,
3314,2026-05-29,SZ002625,-0.0008343650514383041,EXP_CatBoostModel_Alpha158_csi300_custom_step0_s_20260530_16,25f3a7b8c03349ea9e8a674828cf3e71,0.054,,,
3315,2026-05-29,SZ002460,0.00020906483522151138,EXP_CatBoostModel_Alpha158_csi300_custom_step0_s_20260530_16,25f3a7b8c03349ea9e8a674828cf3e71,0.054,,,
3316,2026-05-29,SZ002422,0.0005881058151340771,EXP_CatBoostModel_Alpha158_csi300_custom_step0_s_20260530_16,25f3a7b8c03349ea9e8a674828cf3e71,0.054,,,
3317,2026-05-29,SZ002415,-0.0008343650514383041,EXP_CatBoostModel_Alpha158_csi300_custom_step0_s_20260530_16,25f3a7b8c03349ea9e8a674828cf3e71,0.054,,,
3318,2026-05-29,SZ002384,0.0022372023241791234,EXP_CatBoostModel_Alpha158_csi300_custom_step0_s_20260530_16,25f3a7b8c03349ea9e8a674828cf3e71,0.054,,,
3319,2026-05-29,SZ002371,0.0022372023241791234,EXP_CatBoostModel_Alpha158_csi300_custom_step0_s_20260530_16,25f3a7b8c03349ea9e8a674828cf3e71,0.054,,,
3320,2026-05-29,SZ002352,0.00047905688669928046,EXP_CatBoostModel_Alpha158_csi300_custom_step0_s_20260530_16,25f3a7b8c03349ea9e8a674828cf3e71,0.054,,,
3321,2026-05-29,SZ002311,-0.0008136608080593099,EXP_CatBoostModel_Alpha158_csi300_custom_step0_s_20260530_16,25f3a7b8c03349ea9e8a674828cf3e71,0.054,,,
3322,2026-05-29,SZ002304,0.0005881058151340771,EXP_CatBoostModel_Alpha158_csi300_custom_step0_s_20260530_16,25f3a7b8c03349ea9e8a674828cf3e71,0.054,,,
3323,2026-05-29,SZ002459,0.00020906483522151138,EXP_CatBoostModel_Alpha158_csi300_custom_step0_s_20260530_16,25f3a7b8c03349ea9e8a674828cf3e71,0.054,,,
3324,2026-05-29,SZ300408,-0.007516048665309983,EXP_CatBoostModel_Alpha158_csi300_custom_step0_s_20260530_16,25f3a7b8c03349ea9e8a674828cf3e71,0.054,,,
3325,2026-05-29,SZ002648,0.00020906483522151138,EXP_CatBoostModel_Alpha158_csi300_custom_step0_s_20260530_16,25f3a7b8c03349ea9e8a674828cf3e71,0.054,,,
3326,2026-05-29,SZ002714,-0.0008136608080593099,EXP_CatBoostModel_Alpha158_csi300_custom_step0_s_20260530_16,25f3a7b8c03349ea9e8a674828cf3e71,0.054,,,
3327,2026-05-29,SZ300347,0.001418509158810484,EXP_CatBoostModel_Alpha158_csi300_custom_step0_s_20260530_16,25f3a7b8c03349ea9e8a674828cf3e71,0.054,,,
3328,2026-05-29,SZ300316,0.0022372023241791234,EXP_CatBoostModel_Alpha158_csi300_custom_step0_s_20260530_16,25f3a7b8c03349ea9e8a674828cf3e71,0.054,,,
3329,2026-05-29,SZ300308,-0.0027368422768426224,EXP_CatBoostModel_Alpha158_csi300_custom_step0_s_20260530_16,25f3a7b8c03349ea9e8a674828cf3e71,0.054,,,
3330,2026-05-29,SZ300274,0.0022372023241791234,EXP_CatBoostModel_Alpha158_csi300_custom_step0_s_20260530_16,25f3a7b8c03349ea9e8a674828cf3e71,0.054,,,
3331,2026-05-29,SZ300251,0.001418509158810484,EXP_CatBoostModel_Alpha158_csi300_custom_step0_s_20260530_16,25f3a7b8c03349ea9e8a674828cf3e71,0.054,,,
3332,2026-05-29,SZ300124,0.00020906483522151138,EXP_CatBoostModel_Alpha158_csi300_custom_step0_s_20260530_16,25f3a7b8c03349ea9e8a674828cf3e71,0.054,,,
3333,2026-05-29,SZ300122,0.00020906483522151138,EXP_CatBoostModel_Alpha158_csi300_custom_step0_s_20260530_16,25f3a7b8c03349ea9e8a674828cf3e71,0.054,,,
3334,2026-05-29,SZ002709,-0.0008136608080593099,EXP_CatBoostModel_Alpha158_csi300_custom_step0_s_20260530_16,25f3a7b8c03349ea9e8a674828cf3e71,0.054,,,
3335,2026-05-29,SZ300059,-0.0008343650514383041,EXP_CatBoostModel_Alpha158_csi300_custom_step0_s_20260530_16,25f3a7b8c03349ea9e8a674828cf3e71,0.054,,,
3336,2026-05-29,SZ300015,-0.0008343650514383041,EXP_CatBoostModel_Alpha158_csi300_custom_step0_s_20260530_16,25f3a7b8c03349ea9e8a674828cf3e71,0.054,,,
3337,2026-05-29,SZ300014,0.00020906483522151138,EXP_CatBoostModel_Alpha158_csi300_custom_step0_s_20260530_16,25f3a7b8c03349ea9e8a674828cf3e71,0.054,,,
3338,2026-05-29,SZ003816,-0.002465376690913518,EXP_CatBoostModel_Alpha158_csi300_custom_step0_s_20260530_16,25f3a7b8c03349ea9e8a674828cf3e71,0.054,,,
3339,2026-05-29,SZ002938,0.0022372023241791234,EXP_CatBoostModel_Alpha158_csi300_custom_step0_s_20260530_16,25f3a7b8c03349ea9e8a674828cf3e71,0.054,,,
3340,2026-05-29,SZ002920,-0.0008343650514383041,EXP_CatBoostModel_Alpha158_csi300_custom_step0_s_20260530_16,25f3a7b8c03349ea9e8a674828cf3e71,0.054,,,
3341,2026-05-29,SZ002916,-0.002465376690913518,EXP_CatBoostModel_Alpha158_csi300_custom_step0_s_20260530_16,25f3a7b8c03349ea9e8a674828cf3e71,0.054,,,
3342,2026-05-29,SZ002736,-0.0008136608080593099,EXP_CatBoostModel_Alpha158_csi300_custom_step0_s_20260530_16,25f3a7b8c03349ea9e8a674828cf3e71,0.054,,,
3343,2026-05-29,SZ300033,-0.0008343650514383041,EXP_CatBoostModel_Alpha158_csi300_custom_step0_s_20260530_16,25f3a7b8c03349ea9e8a674828cf3e71,0.054,,,
3344,2026-05-29,SH603260,0.00020906483522151138,EXP_CatBoostModel_Alpha158_csi300_custom_step0_s_20260530_16,25f3a7b8c03349ea9e8a674828cf3e71,0.054,,,
3345,2026-05-29,SH603259,0.0001521965268139563,EXP_CatBoostModel_Alpha158_csi300_custom_step0_s_20260530_16,25f3a7b8c03349ea9e8a674828cf3e71,0.054,,,
3346,2026-05-29,SH603195,-0.0008343650514383041,EXP_CatBoostModel_Alpha158_csi300_custom_step0_s_20260530_16,25f3a7b8c03349ea9e8a674828cf3e71,0.054,,,
3347,2026-05-29,SH600585,-0.0008136608080593099,EXP_CatBoostModel_Alpha158_csi300_custom_step0_s_20260530_16,25f3a7b8c03349ea9e8a674828cf3e71,0.054,,,
3348,2026-05-29,SH600584,-0.007516048665309983,EXP_CatBoostModel_Alpha158_csi300_custom_step0_s_20260530_16,25f3a7b8c03349ea9e8a674828cf3e71,0.054,,,
3349,2026-05-29,SH600570,-0.0008343650514383041,EXP_CatBoostModel_Alpha158_csi300_custom_step0_s_20260530_16,25f3a7b8c03349ea9e8a674828cf3e71,0.054,,,
3350,2026-05-29,SH600547,0.0022372023241791234,EXP_CatBoostModel_Alpha158_csi300_custom_step0_s_20260530_16,25f3a7b8c03349ea9e8a674828cf3e71,0.054,,,
3351,2026-05-29,SH600522,-0.002465376690913518,EXP_CatBoostModel_Alpha158_csi300_custom_step0_s_20260530_16,25f3a7b8c03349ea9e8a674828cf3e71,0.054,,,
3352,2026-05-29,SH600519,0.0005881058151340771,EXP_CatBoostModel_Alpha158_csi300_custom_step0_s_20260530_16,25f3a7b8c03349ea9e8a674828cf3e71,0.054,,,
3353,2026-05-29,SH600515,-0.0008136608080593099,EXP_CatBoostModel_Alpha158_csi300_custom_step0_s_20260530_16,25f3a7b8c03349ea9e8a674828cf3e71,0.054,,,
3354,2026-05-29,SH600588,0.00020906483522151138,EXP_CatBoostModel_Alpha158_csi300_custom_step0_s_20260530_16,25f3a7b8c03349ea9e8a674828cf3e71,0.054,,,
3355,2026-05-29,SH600489,0.00020906483522151138,EXP_CatBoostModel_Alpha158_csi300_custom_step0_s_20260530_16,25f3a7b8c03349ea9e8a674828cf3e71,0.054,,,
3356,2026-05-29,SH600460,0.00020906483522151138,EXP_CatBoostModel_Alpha158_csi300_custom_step0_s_20260530_16,25f3a7b8c03349ea9e8a674828cf3e71,0.054,,,
3357,2026-05-29,SH600438,0.00020906483522151138,EXP_CatBoostModel_Alpha158_csi300_custom_step0_s_20260530_16,25f3a7b8c03349ea9e8a674828cf3e71,0.054,,,
3358,2026-05-29,SH600436,0.0005881058151340771,EXP_CatBoostModel_Alpha158_csi300_custom_step0_s_20260530_16,25f3a7b8c03349ea9e8a674828cf3e71,0.054,,,
3359,2026-05-29,SH600426,0.001418509158810484,EXP_CatBoostModel_Alpha158_csi300_custom_step0_s_20260530_16,25f3a7b8c03349ea9e8a674828cf3e71,0.054,,,
3360,2026-05-29,SH600415,-0.0008136608080593099,EXP_CatBoostModel_Alpha158_csi300_custom_step0_s_20260530_16,25f3a7b8c03349ea9e8a674828cf3e71,0.054,,,
3361,2026-05-29,SH600406,-0.0008343650514383041,EXP_CatBoostModel_Alpha158_csi300_custom_step0_s_20260530_16,25f3a7b8c03349ea9e8a674828cf3e71,0.054,,,
3362,2026-05-29,SH600377,0.0027368138236549414,EXP_CatBoostModel_Alpha158_csi300_custom_step0_s_20260530_16,25f3a7b8c03349ea9e8a674828cf3e71,0.054,,,
3363,2026-05-29,SH600482,-0.0008343650514383041,EXP_CatBoostModel_Alpha158_csi300_custom_step0_s_20260530_16,25f3a7b8c03349ea9e8a674828cf3e71,0.054,,,
3364,2026-05-29,SH600372,0.00020906483522151138,EXP_CatBoostModel_Alpha158_csi300_custom_step0_s_20260530_16,25f3a7b8c03349ea9e8a674828cf3e71,0.054,,,
3365,2026-05-29,SH600600,0.00047905688669928046,EXP_CatBoostModel_Alpha158_csi300_custom_step0_s_20260530_16,25f3a7b8c03349ea9e8a674828cf3e71,0.054,,,
3366,2026-05-29,SH600674,0.0027368138236549414,EXP_CatBoostModel_Alpha158_csi300_custom_step0_s_20260530_16,25f3a7b8c03349ea9e8a674828cf3e71,0.054,,,
3367,2026-05-29,SH600926,0.0005881058151340771,EXP_CatBoostModel_Alpha158_csi300_custom_step0_s_20260530_16,25f3a7b8c03349ea9e8a674828cf3e71,0.054,,,
3368,2026-05-29,SH600919,0.0027368138236549414,EXP_CatBoostModel_Alpha158_csi300_custom_step0_s_20260530_16,25f3a7b8c03349ea9e8a674828cf3e71,0.054,,,
3369,2026-05-29,SH600918,0.00020906483522151138,EXP_CatBoostModel_Alpha158_csi300_custom_step0_s_20260530_16,25f3a7b8c03349ea9e8a674828cf3e71,0.054,,,
3370,2026-05-29,SH600905,0.0027368138236549414,EXP_CatBoostModel_Alpha158_csi300_custom_step0_s_20260530_16,25f3a7b8c03349ea9e8a674828cf3e71,0.054,,,
3371,2026-05-29,SH600900,0.0027368138236549414,EXP_CatBoostModel_Alpha158_csi300_custom_step0_s_20260530_16,25f3a7b8c03349ea9e8a674828cf3e71,0.054,,,
3372,2026-05-29,SH600893,0.00020906483522151138,EXP_CatBoostModel_Alpha158_csi300_custom_step0_s_20260530_16,25f3a7b8c03349ea9e8a674828cf3e71,0.054,,,
3373,2026-05-29,SH600887,-0.0008136608080593099,EXP_CatBoostModel_Alpha158_csi300_custom_step0_s_20260530_16,25f3a7b8c03349ea9e8a674828cf3e71,0.054,,,
3374,2026-05-29,SH600660,-0.0008136608080593099,EXP_CatBoostModel_Alpha158_csi300_custom_step0_s_20260530_16,25f3a7b8c03349ea9e8a674828cf3e71,0.054,,,
3375,2026-05-29,SH600886,0.0027368138236549414,EXP_CatBoostModel_Alpha158_csi300_custom_step0_s_20260530_16,25f3a7b8c03349ea9e8a674828cf3e71,0.054,,,
3376,2026-05-29,SH600845,-0.0008343650514383041,EXP_CatBoostModel_Alpha158_csi300_custom_step0_s_20260530_16,25f3a7b8c03349ea9e8a674828cf3e71,0.054,,,
3377,2026-05-29,SH600809,0.0005881058151340771,EXP_CatBoostModel_Alpha158_csi300_custom_step0_s_20260530_16,25f3a7b8c03349ea9e8a674828cf3e71,0.054,,,
3378,2026-05-29,SH600803,-0.0008136608080593099,EXP_CatBoostModel_Alpha158_csi300_custom_step0_s_20260530_16,25f3a7b8c03349ea9e8a674828cf3e71,0.054,,,
3379,2026-05-29,SH600795,0.0027368138236549414,EXP_CatBoostModel_Alpha158_csi300_custom_step0_s_20260530_16,25f3a7b8c03349ea9e8a674828cf3e71,0.054,,,
3380,2026-05-29,SH600760,-0.0008136608080593099,EXP_CatBoostModel_Alpha158_csi300_custom_step0_s_20260530_16,25f3a7b8c03349ea9e8a674828cf3e71,0.054,,,
3381,2026-05-29,SH600741,0.00020906483522151138,EXP_CatBoostModel_Alpha158_csi300_custom_step0_s_20260530_16,25f3a7b8c03349ea9e8a674828cf3e71,0.054,,,
3382,2026-05-29,SH600690,-0.00798058888235554,EXP_CatBoostModel_Alpha158_csi300_custom_step0_s_20260530_16,25f3a7b8c03349ea9e8a674828cf3e71,0.054,,,
3383,2026-05-29,SH600875,0.00020906483522151138,EXP_CatBoostModel_Alpha158_csi300_custom_step0_s_20260530_16,25f3a7b8c03349ea9e8a674828cf3e71,0.054,,,
3384,2026-05-29,SH600930,0.0005881058151340771,EXP_CatBoostModel_Alpha158_csi300_custom_step0_s_20260530_16,25f3a7b8c03349ea9e8a674828cf3e71,0.054,,,
3385,2026-05-29,SH600362,-0.0008343650514383041,EXP_CatBoostModel_Alpha158_csi300_custom_step0_s_20260530_16,25f3a7b8c03349ea9e8a674828cf3e71,0.054,,,
3386,2026-05-29,SH600309,0.00020906483522151138,EXP_CatBoostModel_Alpha158_csi300_custom_step0_s_20260530_16,25f3a7b8c03349ea9e8a674828cf3e71,0.054,,,
3387,2026-05-29,SH600036,0.0005881058151340771,EXP_CatBoostModel_Alpha158_csi300_custom_step0_s_20260530_16,25f3a7b8c03349ea9e8a674828cf3e71,0.054,,,
3388,2026-05-29,SH600031,-0.0008343650514383041,EXP_CatBoostModel_Alpha158_csi300_custom_step0_s_20260530_16,25f3a7b8c03349ea9e8a674828cf3e71,0.054,,,
3389,2026-05-29,SH600030,0.0017179093571440904,EXP_CatBoostModel_Alpha158_csi300_custom_step0_s_20260530_16,25f3a7b8c03349ea9e8a674828cf3e71,0.054,,,
3390,2026-05-29,SH600029,0.00020906483522151138,EXP_CatBoostModel_Alpha158_csi300_custom_step0_s_20260530_16,25f3a7b8c03349ea9e8a674828cf3e71,0.054,,,
3391,2026-05-29,SH600028,-0.0008136608080593099,EXP_CatBoostModel_Alpha158_csi300_custom_step0_s_20260530_16,25f3a7b8c03349ea9e8a674828cf3e71,0.054,,,
3392,2026-05-29,SH600027,0.0005881058151340771,EXP_CatBoostModel_Alpha158_csi300_custom_step0_s_20260530_16,25f3a7b8c03349ea9e8a674828cf3e71,0.054,,,
3393,2026-05-29,SH600026,-0.0008343650514383041,EXP_CatBoostModel_Alpha158_csi300_custom_step0_s_20260530_16,25f3a7b8c03349ea9e8a674828cf3e71,0.054,,,
3394,2026-05-29,SH600039,0.002731048552862029,EXP_CatBoostModel_Alpha158_csi300_custom_step0_s_20260530_16,25f3a7b8c03349ea9e8a674828cf3e71,0.054,,,
3395,2026-05-29,SH600025,0.0027368138236549414,EXP_CatBoostModel_Alpha158_csi300_custom_step0_s_20260530_16,25f3a7b8c03349ea9e8a674828cf3e71,0.054,,,
3396,2026-05-29,SH600019,-0.0008136608080593099,EXP_CatBoostModel_Alpha158_csi300_custom_step0_s_20260530_16,25f3a7b8c03349ea9e8a674828cf3e71,0.054,,,
3397,2026-05-29,SH600018,0.0027368138236549414,EXP_CatBoostModel_Alpha158_csi300_custom_step0_s_20260530_16,25f3a7b8c03349ea9e8a674828cf3e71,0.054,,,
3398,2026-05-29,SH600016,0.0005881058151340771,EXP_CatBoostModel_Alpha158_csi300_custom_step0_s_20260530_16,25f3a7b8c03349ea9e8a674828cf3e71,0.054,,,
3399,2026-05-29,SH600015,-0.0008136608080593099,EXP_CatBoostModel_Alpha158_csi300_custom_step0_s_20260530_16,25f3a7b8c03349ea9e8a674828cf3e71,0.054,,,
3400,2026-05-29,SH600011,0.007455429432041299,EXP_CatBoostModel_Alpha158_csi300_custom_step0_s_20260530_16,25f3a7b8c03349ea9e8a674828cf3e71,0.054,,,
3401,2026-05-29,SH600010,0.00020906483522151138,EXP_CatBoostModel_Alpha158_csi300_custom_step0_s_20260530_16,25f3a7b8c03349ea9e8a674828cf3e71,0.054,,,
3402,2026-05-29,SH600009,0.0005881058151340771,EXP_CatBoostModel_Alpha158_csi300_custom_step0_s_20260530_16,25f3a7b8c03349ea9e8a674828cf3e71,0.054,,,
3403,2026-05-29,SH600023,0.0005881058151340771,EXP_CatBoostModel_Alpha158_csi300_custom_step0_s_20260530_16,25f3a7b8c03349ea9e8a674828cf3e71,0.054,,,
3404,2026-05-29,SH600346,0.001418509158810484,EXP_CatBoostModel_Alpha158_csi300_custom_step0_s_20260530_16,25f3a7b8c03349ea9e8a674828cf3e71,0.054,,,
3405,2026-05-29,SH600048,0.0005881058151340771,EXP_CatBoostModel_Alpha158_csi300_custom_step0_s_20260530_16,25f3a7b8c03349ea9e8a674828cf3e71,0.054,,,
3406,2026-05-29,SH600061,-0.0008136608080593099,EXP_CatBoostModel_Alpha158_csi300_custom_step0_s_20260530_16,25f3a7b8c03349ea9e8a674828cf3e71,0.054,,,
3407,2026-05-29,SH600276,0.0005881058151340771,EXP_CatBoostModel_Alpha158_csi300_custom_step0_s_20260530_16,25f3a7b8c03349ea9e8a674828cf3e71,0.054,,,
3408,2026-05-29,SH600233,-0.0008136608080593099,EXP_CatBoostModel_Alpha158_csi300_custom_step0_s_20260530_16,25f3a7b8c03349ea9e8a674828cf3e71,0.054,,,
3409,2026-05-29,SH600219,0.00020906483522151138,EXP_CatBoostModel_Alpha158_csi300_custom_step0_s_20260530_16,25f3a7b8c03349ea9e8a674828cf3e71,0.054,,,
3410,2026-05-29,SH600196,-0.0008136608080593099,EXP_CatBoostModel_Alpha158_csi300_custom_step0_s_20260530_16,25f3a7b8c03349ea9e8a674828cf3e71,0.054,,,
3411,2026-05-29,SH600188,-0.0008136608080593099,EXP_CatBoostModel_Alpha158_csi300_custom_step0_s_20260530_16,25f3a7b8c03349ea9e8a674828cf3e71,0.054,,,
3412,2026-05-29,SH600183,-0.007516048665309983,EXP_CatBoostModel_Alpha158_csi300_custom_step0_s_20260530_16,25f3a7b8c03349ea9e8a674828cf3e71,0.054,,,
3413,2026-05-29,SH600176,0.002731048552862029,EXP_CatBoostModel_Alpha158_csi300_custom_step0_s_20260530_16,25f3a7b8c03349ea9e8a674828cf3e71,0.054,,,
3414,2026-05-29,SH600050,-0.0008343650514383041,EXP_CatBoostModel_Alpha158_csi300_custom_step0_s_20260530_16,25f3a7b8c03349ea9e8a674828cf3e71,0.054,,,
3415,2026-05-29,SH600161,0.0005881058151340771,EXP_CatBoostModel_Alpha158_csi300_custom_step0_s_20260530_16,25f3a7b8c03349ea9e8a674828cf3e71,0.054,,,
3416,2026-05-29,SH600150,-0.0008343650514383041,EXP_CatBoostModel_Alpha158_csi300_custom_step0_s_20260530_16,25f3a7b8c03349ea9e8a674828cf3e71,0.054,,,
3417,2026-05-29,SH600115,-0.0008136608080593099,EXP_CatBoostModel_Alpha158_csi300_custom_step0_s_20260530_16,25f3a7b8c03349ea9e8a674828cf3e71,0.054,,,
3418,2026-05-29,SH600111,-0.0008343650514383041,EXP_CatBoostModel_Alpha158_csi300_custom_step0_s_20260530_16,25f3a7b8c03349ea9e8a674828cf3e71,0.054,,,
3419,2026-05-29,SH600104,-0.0008136608080593099,EXP_CatBoostModel_Alpha158_csi300_custom_step0_s_20260530_16,25f3a7b8c03349ea9e8a674828cf3e71,0.054,,,
3420,2026-05-29,SH600089,-0.0008343650514383041,EXP_CatBoostModel_Alpha158_csi300_custom_step0_s_20260530_16,25f3a7b8c03349ea9e8a674828cf3e71,0.054,,,
3421,2026-05-29,SH600085,0.0005881058151340771,EXP_CatBoostModel_Alpha158_csi300_custom_step0_s_20260530_16,25f3a7b8c03349ea9e8a674828cf3e71,0.054,,,
3422,2026-05-29,SH600066,-0.0008136608080593099,EXP_CatBoostModel_Alpha158_csi300_custom_step0_s_20260530_16,25f3a7b8c03349ea9e8a674828cf3e71,0.054,,,
3423,2026-05-29,SH600160,-0.0008343650514383041,EXP_CatBoostModel_Alpha158_csi300_custom_step0_s_20260530_16,25f3a7b8c03349ea9e8a674828cf3e71,0.054,,,
3424,2026-05-29,SH600036,-0.0008292052413272492,EXP_CatBoostModel_Alpha158_csi300_custom_step0_s_20260530_16,6f70cd162e584ef181745d223e5db7fa,0.05,,,
3425,2026-05-29,SH600938,-0.0008136608080593099,EXP_CatBoostModel_Alpha158_csi300_custom_step0_s_20260530_16,25f3a7b8c03349ea9e8a674828cf3e71,0.054,,,
3426,2026-05-29,SH600958,-0.0008136608080593099,EXP_CatBoostModel_Alpha158_csi300_custom_step0_s_20260530_16,25f3a7b8c03349ea9e8a674828cf3e71,0.054,,,
3427,2026-05-29,SH601818,0.00047905688669928046,EXP_CatBoostModel_Alpha158_csi300_custom_step0_s_20260530_16,25f3a7b8c03349ea9e8a674828cf3e71,0.054,,,
3428,2026-05-29,SH601816,0.0017179093571440904,EXP_CatBoostModel_Alpha158_csi300_custom_step0_s_20260530_16,25f3a7b8c03349ea9e8a674828cf3e71,0.054,,,
3429,2026-05-29,SH601808,0.00020906483522151138,EXP_CatBoostModel_Alpha158_csi300_custom_step0_s_20260530_16,25f3a7b8c03349ea9e8a674828cf3e71,0.054,,,
3430,2026-05-29,SH601800,0.0005881058151340771,EXP_CatBoostModel_Alpha158_csi300_custom_step0_s_20260530_16,25f3a7b8c03349ea9e8a674828cf3e71,0.054,,,
3431,2026-05-29,SH601788,-0.0008136608080593099,EXP_CatBoostModel_Alpha158_csi300_custom_step0_s_20260530_16,25f3a7b8c03349ea9e8a674828cf3e71,0.054,,,
3432,2026-05-29,SH601766,-0.0008136608080593099,EXP_CatBoostModel_Alpha158_csi300_custom_step0_s_20260530_16,25f3a7b8c03349ea9e8a674828cf3e71,0.054,,,
3433,2026-05-29,SH601728,-0.002465376690913518,EXP_CatBoostModel_Alpha158_csi300_custom_step0_s_20260530_16,25f3a7b8c03349ea9e8a674828cf3e71,0.054,,,
3434,2026-05-29,SH601825,0.0001521965268139563,EXP_CatBoostModel_Alpha158_csi300_custom_step0_s_20260530_16,25f3a7b8c03349ea9e8a674828cf3e71,0.054,,,
3435,2026-05-29,SH601698,-0.0008343650514383041,EXP_CatBoostModel_Alpha158_csi300_custom_step0_s_20260530_16,25f3a7b8c03349ea9e8a674828cf3e71,0.054,,,
3436,2026-05-29,SH601688,-0.0008343650514383041,EXP_CatBoostModel_Alpha158_csi300_custom_step0_s_20260530_16,25f3a7b8c03349ea9e8a674828cf3e71,0.054,,,
3437,2026-05-29,SH601669,-0.0008136608080593099,EXP_CatBoostModel_Alpha158_csi300_custom_step0_s_20260530_16,25f3a7b8c03349ea9e8a674828cf3e71,0.054,,,
3438,2026-05-29,SH601668,0.0027368138236549414,EXP_CatBoostModel_Alpha158_csi300_custom_step0_s_20260530_16,25f3a7b8c03349ea9e8a674828cf3e71,0.054,,,
3439,2026-05-29,SH601658,0.00047905688669928046,EXP_CatBoostModel_Alpha158_csi300_custom_step0_s_20260530_16,25f3a7b8c03349ea9e8a674828cf3e71,0.054,,,
3440,2026-05-29,SH601633,0.00020906483522151138,EXP_CatBoostModel_Alpha158_csi300_custom_step0_s_20260530_16,25f3a7b8c03349ea9e8a674828cf3e71,0.054,,,
3441,2026-05-29,SH601628,-0.0008136608080593099,EXP_CatBoostModel_Alpha158_csi300_custom_step0_s_20260530_16,25f3a7b8c03349ea9e8a674828cf3e71,0.054,,,
3442,2026-05-29,SH601618,-0.0008136608080593099,EXP_CatBoostModel_Alpha158_csi300_custom_step0_s_20260530_16,25f3a7b8c03349ea9e8a674828cf3e71,0.054,,,
3443,2026-05-29,SH601689,0.00020906483522151138,EXP_CatBoostModel_Alpha158_csi300_custom_step0_s_20260530_16,25f3a7b8c03349ea9e8a674828cf3e71,0.054,,,
3444,2026-05-29,SH601607,0.00047905688669928046,EXP_CatBoostModel_Alpha158_csi300_custom_step0_s_20260530_16,25f3a7b8c03349ea9e8a674828cf3e71,0.054,,,
3445,2026-05-29,SH601838,-0.002465376690913518,EXP_CatBoostModel_Alpha158_csi300_custom_step0_s_20260530_16,25f3a7b8c03349ea9e8a674828cf3e71,0.054,,,
3446,2026-05-29,SH601868,-0.0008343650514383041,EXP_CatBoostModel_Alpha158_csi300_custom_step0_s_20260530_16,25f3a7b8c03349ea9e8a674828cf3e71,0.054,,,
3447,2026-05-29,SH603019,-0.0008343650514383041,EXP_CatBoostModel_Alpha158_csi300_custom_step0_s_20260530_16,25f3a7b8c03349ea9e8a674828cf3e71,0.054,,,
3448,2026-05-29,SH601998,0.0005881058151340771,EXP_CatBoostModel_Alpha158_csi300_custom_step0_s_20260530_16,25f3a7b8c03349ea9e8a674828cf3e71,0.054,,,
3449,2026-05-29,SH601995,0.002627940633863396,EXP_CatBoostModel_Alpha158_csi300_custom_step0_s_20260530_16,25f3a7b8c03349ea9e8a674828cf3e71,0.054,,,
3450,2026-05-29,SH601988,0.0027368138236549414,EXP_CatBoostModel_Alpha158_csi300_custom_step0_s_20260530_16,25f3a7b8c03349ea9e8a674828cf3e71,0.054,,,
3451,2026-05-29,SH601985,0.0027368138236549414,EXP_CatBoostModel_Alpha158_csi300_custom_step0_s_20260530_16,25f3a7b8c03349ea9e8a674828cf3e71,0.054,,,
3452,2026-05-29,SH601939,0.0018166895784460354,EXP_CatBoostModel_Alpha158_csi300_custom_step0_s_20260530_16,25f3a7b8c03349ea9e8a674828cf3e71,0.054,,,
3453,2026-05-29,SH601919,0.0004811242078944986,EXP_CatBoostModel_Alpha158_csi300_custom_step0_s_20260530_16,25f3a7b8c03349ea9e8a674828cf3e71,0.054,,,
3454,2026-05-29,SH601857,-0.0008136608080593099,EXP_CatBoostModel_Alpha158_csi300_custom_step0_s_20260530_16,25f3a7b8c03349ea9e8a674828cf3e71,0.054,,,
3455,2026-05-29,SH601916,0.0017179093571440904,EXP_CatBoostModel_Alpha158_csi300_custom_step0_s_20260530_16,25f3a7b8c03349ea9e8a674828cf3e71,0.054,,,
3456,2026-05-29,SH601899,0.00020906483522151138,EXP_CatBoostModel_Alpha158_csi300_custom_step0_s_20260530_16,25f3a7b8c03349ea9e8a674828cf3e71,0.054,,,
3457,2026-05-29,SH601898,-0.0008136608080593099,EXP_CatBoostModel_Alpha158_csi300_custom_step0_s_20260530_16,25f3a7b8c03349ea9e8a674828cf3e71,0.054,,,
3458,2026-05-29,SH601888,0.0005881058151340771,EXP_CatBoostModel_Alpha158_csi300_custom_step0_s_20260530_16,25f3a7b8c03349ea9e8a674828cf3e71,0.054,,,
3459,2026-05-29,SH601881,0.00047905688669928046,EXP_CatBoostModel_Alpha158_csi300_custom_step0_s_20260530_16,25f3a7b8c03349ea9e8a674828cf3e71,0.054,,,
3460,2026-05-29,SH601878,0.00047905688669928046,EXP_CatBoostModel_Alpha158_csi300_custom_step0_s_20260530_16,25f3a7b8c03349ea9e8a674828cf3e71,0.054,,,
3461,2026-05-29,SH601877,0.00020906483522151138,EXP_CatBoostModel_Alpha158_csi300_custom_step0_s_20260530_16,25f3a7b8c03349ea9e8a674828cf3e71,0.054,,,
3462,2026-05-29,SH601872,-0.0008343650514383041,EXP_CatBoostModel_Alpha158_csi300_custom_step0_s_20260530_16,25f3a7b8c03349ea9e8a674828cf3e71,0.054,,,
3463,2026-05-29,SH601901,0.00047905688669928046,EXP_CatBoostModel_Alpha158_csi300_custom_step0_s_20260530_16,25f3a7b8c03349ea9e8a674828cf3e71,0.054,,,
3464,2026-05-29,SH600941,0.0027368138236549414,EXP_CatBoostModel_Alpha158_csi300_custom_step0_s_20260530_16,25f3a7b8c03349ea9e8a674828cf3e71,0.054,,,
3465,2026-05-29,SH601601,0.00020906483522151138,EXP_CatBoostModel_Alpha158_csi300_custom_step0_s_20260530_16,25f3a7b8c03349ea9e8a674828cf3e71,0.054,,,
3466,2026-05-29,SH601456,0.0005881058151340771,EXP_CatBoostModel_Alpha158_csi300_custom_step0_s_20260530_16,25f3a7b8c03349ea9e8a674828cf3e71,0.054,,,
3467,2026-05-29,SH601127,0.00020906483522151138,EXP_CatBoostModel_Alpha158_csi300_custom_step0_s_20260530_16,25f3a7b8c03349ea9e8a674828cf3e71,0.054,,,
3468,2026-05-29,SH601117,0.00020906483522151138,EXP_CatBoostModel_Alpha158_csi300_custom_step0_s_20260530_16,25f3a7b8c03349ea9e8a674828cf3e71,0.054,,,
3469,2026-05-29,SH601111,-0.0008343650514383041,EXP_CatBoostModel_Alpha158_csi300_custom_step0_s_20260530_16,25f3a7b8c03349ea9e8a674828cf3e71,0.054,,,
3470,2026-05-29,SH601100,0.00020906483522151138,EXP_CatBoostModel_Alpha158_csi300_custom_step0_s_20260530_16,25f3a7b8c03349ea9e8a674828cf3e71,0.054,,,
3471,2026-05-29,SH601088,0.002627940633863396,EXP_CatBoostModel_Alpha158_csi300_custom_step0_s_20260530_16,25f3a7b8c03349ea9e8a674828cf3e71,0.054,,,
3472,2026-05-29,SH601077,0.00020906483522151138,EXP_CatBoostModel_Alpha158_csi300_custom_step0_s_20260530_16,25f3a7b8c03349ea9e8a674828cf3e71,0.054,,,
3473,2026-05-29,SH601066,0.0005881058151340771,EXP_CatBoostModel_Alpha158_csi300_custom_step0_s_20260530_16,25f3a7b8c03349ea9e8a674828cf3e71,0.054,,,
3474,2026-05-29,SH601136,0.00020906483522151138,EXP_CatBoostModel_Alpha158_csi300_custom_step0_s_20260530_16,25f3a7b8c03349ea9e8a674828cf3e71,0.054,,,
3475,2026-05-29,SH601059,0.0018166895784460354,EXP_CatBoostModel_Alpha158_csi300_custom_step0_s_20260530_16,25f3a7b8c03349ea9e8a674828cf3e71,0.054,,,
3476,2026-05-29,SH601021,0.0005881058151340771,EXP_CatBoostModel_Alpha158_csi300_custom_step0_s_20260530_16,25f3a7b8c03349ea9e8a674828cf3e71,0.054,,,
3477,2026-05-29,SH601018,-0.0008136608080593099,EXP_CatBoostModel_Alpha158_csi300_custom_step0_s_20260530_16,25f3a7b8c03349ea9e8a674828cf3e71,0.054,,,
3478,2026-05-29,SH601012,0.00020906483522151138,EXP_CatBoostModel_Alpha158_csi300_custom_step0_s_20260530_16,25f3a7b8c03349ea9e8a674828cf3e71,0.054,,,
3479,2026-05-29,SH601009,0.0005881058151340771,EXP_CatBoostModel_Alpha158_csi300_custom_step0_s_20260530_16,25f3a7b8c03349ea9e8a674828cf3e71,0.054,,,
3480,2026-05-29,SH601006,0.00023813843709528235,EXP_CatBoostModel_Alpha158_csi300_custom_step0_s_20260530_16,25f3a7b8c03349ea9e8a674828cf3e71,0.054,,,
3481,2026-05-29,SH600999,0.00020906483522151138,EXP_CatBoostModel_Alpha158_csi300_custom_step0_s_20260530_16,25f3a7b8c03349ea9e8a674828cf3e71,0.054,,,
3482,2026-05-29,SH600989,-0.0008343650514383041,EXP_CatBoostModel_Alpha158_csi300_custom_step0_s_20260530_16,25f3a7b8c03349ea9e8a674828cf3e71,0.054,,,
3483,2026-05-29,SH601058,0.00020906483522151138,EXP_CatBoostModel_Alpha158_csi300_custom_step0_s_20260530_16,25f3a7b8c03349ea9e8a674828cf3e71,0.054,,,
3484,2026-05-29,SH601600,0.00020906483522151138,EXP_CatBoostModel_Alpha158_csi300_custom_step0_s_20260530_16,25f3a7b8c03349ea9e8a674828cf3e71,0.054,,,
3485,2026-05-29,SH601138,0.00020906483522151138,EXP_CatBoostModel_Alpha158_csi300_custom_step0_s_20260530_16,25f3a7b8c03349ea9e8a674828cf3e71,0.054,,,
3486,2026-05-29,SH601169,-0.0008136608080593099,EXP_CatBoostModel_Alpha158_csi300_custom_step0_s_20260530_16,25f3a7b8c03349ea9e8a674828cf3e71,0.054,,,
3487,2026-05-29,SH601398,0.002627940633863396,EXP_CatBoostModel_Alpha158_csi300_custom_step0_s_20260530_16,25f3a7b8c03349ea9e8a674828cf3e71,0.054,,,
3488,2026-05-29,SH601390,-0.0008136608080593099,EXP_CatBoostModel_Alpha158_csi300_custom_step0_s_20260530_16,25f3a7b8c03349ea9e8a674828cf3e71,0.054,,,
3489,2026-05-29,SH601377,0.00047905688669928046,EXP_CatBoostModel_Alpha158_csi300_custom_step0_s_20260530_16,25f3a7b8c03349ea9e8a674828cf3e71,0.054,,,
3490,2026-05-29,SH601360,0.0019431692613392862,EXP_CatBoostModel_Alpha158_csi300_custom_step0_s_20260530_16,25f3a7b8c03349ea9e8a674828cf3e71,0.054,,,
3491,2026-05-29,SH601336,0.0005881058151340771,EXP_CatBoostModel_Alpha158_csi300_custom_step0_s_20260530_16,25f3a7b8c03349ea9e8a674828cf3e71,0.054,,,
3492,2026-05-29,SH601328,0.0005881058151340771,EXP_CatBoostModel_Alpha158_csi300_custom_step0_s_20260530_16,25f3a7b8c03349ea9e8a674828cf3e71,0.054,,,
3493,2026-05-29,SH601319,-0.0008136608080593099,EXP_CatBoostModel_Alpha158_csi300_custom_step0_s_20260530_16,25f3a7b8c03349ea9e8a674828cf3e71,0.054,,,
3494,2026-05-29,SH601166,0.0027368138236549414,EXP_CatBoostModel_Alpha158_csi300_custom_step0_s_20260530_16,25f3a7b8c03349ea9e8a674828cf3e71,0.054,,,
3495,2026-05-29,SH601318,-0.0008136608080593099,EXP_CatBoostModel_Alpha158_csi300_custom_step0_s_20260530_16,25f3a7b8c03349ea9e8a674828cf3e71,0.054,,,
3496,2026-05-29,SH601288,-0.0008136608080593099,EXP_CatBoostModel_Alpha158_csi300_custom_step0_s_20260530_16,25f3a7b8c03349ea9e8a674828cf3e71,0.054,,,
3497,2026-05-29,SH601238,0.00020906483522151138,EXP_CatBoostModel_Alpha158_csi300_custom_step0_s_20260530_16,25f3a7b8c03349ea9e8a674828cf3e71,0.054,,,
3498,2026-05-29,SH601236,-0.0008136608080593099,EXP_CatBoostModel_Alpha158_csi300_custom_step0_s_20260530_16,25f3a7b8c03349ea9e8a674828cf3e71,0.054,,,
3499,2026-05-29,SH601229,-0.0008136608080593099,EXP_CatBoostModel_Alpha158_csi300_custom_step0_s_20260530_16,25f3a7b8c03349ea9e8a674828cf3e71,0.054,,,
3500,2026-05-29,SH601225,-0.0008136608080593099,EXP_CatBoostModel_Alpha158_csi300_custom_step0_s_20260530_16,25f3a7b8c03349ea9e8a674828cf3e71,0.054,,,
3501,2026-05-29,SH601211,-0.0008136608080593099,EXP_CatBoostModel_Alpha158_csi300_custom_step0_s_20260530_16,25f3a7b8c03349ea9e8a674828cf3e71,0.054,,,
3502,2026-05-29,SH601186,0.0005881058151340771,EXP_CatBoostModel_Alpha158_csi300_custom_step0_s_20260530_16,25f3a7b8c03349ea9e8a674828cf3e71,0.054,,,
3503,2026-05-29,SH601298,0.0027368138236549414,EXP_CatBoostModel_Alpha158_csi300_custom_step0_s_20260530_16,25f3a7b8c03349ea9e8a674828cf3e71,0.054,,,
3504,2026-05-29,SH600900,0.0024476321887458687,EXP_LGBModel_Alpha158_csi300_custom_step0_s_20260530_16,3231f0374a7742759c31a5a704613286,0.068,,,
3505,2026-05-29,SH600039,-0.00018350882976485278,EXP_CatBoostModel_Alpha158_csi300_custom_step0_s_20260530_16,6f70cd162e584ef181745d223e5db7fa,0.05,,,
3506,2026-05-29,SH600050,-0.00018350882976485278,EXP_CatBoostModel_Alpha158_csi300_custom_step0_s_20260530_16,6f70cd162e584ef181745d223e5db7fa,0.05,,,
3507,2026-05-29,SZ002142,-0.0008292052413272492,EXP_CatBoostModel_Alpha158_csi300_custom_step0_s_20260530_16,6f70cd162e584ef181745d223e5db7fa,0.05,,,
3508,2026-05-29,SZ002074,-0.00018350882976485278,EXP_CatBoostModel_Alpha158_csi300_custom_step0_s_20260530_16,6f70cd162e584ef181745d223e5db7fa,0.05,,,
3509,2026-05-29,SZ002050,-0.00018350882976485278,EXP_CatBoostModel_Alpha158_csi300_custom_step0_s_20260530_16,6f70cd162e584ef181745d223e5db7fa,0.05,,,
3510,2026-05-29,SZ002049,-0.00018350882976485278,EXP_CatBoostModel_Alpha158_csi300_custom_step0_s_20260530_16,6f70cd162e584ef181745d223e5db7fa,0.05,,,
3511,2026-05-29,SZ002028,-0.00018350882976485278,EXP_CatBoostModel_Alpha158_csi300_custom_step0_s_20260530_16,6f70cd162e584ef181745d223e5db7fa,0.05,,,
3512,2026-05-29,SZ002027,-0.0008292052413272492,EXP_CatBoostModel_Alpha158_csi300_custom_step0_s_20260530_16,6f70cd162e584ef181745d223e5db7fa,0.05,,,
3513,2026-05-29,SZ002001,-0.00018350882976485278,EXP_CatBoostModel_Alpha158_csi300_custom_step0_s_20260530_16,6f70cd162e584ef181745d223e5db7fa,0.05,,,
3514,2026-05-29,SZ001979,-0.0008292052413272492,EXP_CatBoostModel_Alpha158_csi300_custom_step0_s_20260530_16,6f70cd162e584ef181745d223e5db7fa,0.05,,,
3515,2026-05-29,SZ001965,-0.00018350882976485278,EXP_CatBoostModel_Alpha158_csi300_custom_step0_s_20260530_16,6f70cd162e584ef181745d223e5db7fa,0.05,,,
3516,2026-05-29,SZ001391,0.0021487731795941413,EXP_CatBoostModel_Alpha158_csi300_custom_step0_s_20260530_16,6f70cd162e584ef181745d223e5db7fa,0.05,,,
3517,2026-05-29,SZ000999,-0.0008292052413272492,EXP_CatBoostModel_Alpha158_csi300_custom_step0_s_20260530_16,6f70cd162e584ef181745d223e5db7fa,0.05,,,
3518,2026-05-29,SZ000983,-0.0008292052413272492,EXP_CatBoostModel_Alpha158_csi300_custom_step0_s_20260530_16,6f70cd162e584ef181745d223e5db7fa,0.05,,,
3519,2026-05-29,SZ000977,-0.00018350882976485278,EXP_CatBoostModel_Alpha158_csi300_custom_step0_s_20260530_16,6f70cd162e584ef181745d223e5db7fa,0.05,,,
3520,2026-05-29,SZ000975,-0.00018350882976485278,EXP_CatBoostModel_Alpha158_csi300_custom_step0_s_20260530_16,6f70cd162e584ef181745d223e5db7fa,0.05,,,
3521,2026-05-29,SZ000963,-0.00286697759799527,EXP_CatBoostModel_Alpha158_csi300_custom_step0_s_20260530_16,6f70cd162e584ef181745d223e5db7fa,0.05,,,
3522,2026-05-29,SZ002179,-0.00018350882976485278,EXP_CatBoostModel_Alpha158_csi300_custom_step0_s_20260530_16,6f70cd162e584ef181745d223e5db7fa,0.05,,,
3523,2026-05-29,SZ002230,0.00037325944495565953,EXP_CatBoostModel_Alpha158_csi300_custom_step0_s_20260530_16,6f70cd162e584ef181745d223e5db7fa,0.05,,,
3524,2026-05-29,SZ002236,-0.00018350882976485278,EXP_CatBoostModel_Alpha158_csi300_custom_step0_s_20260530_16,6f70cd162e584ef181745d223e5db7fa,0.05,,,
3525,2026-05-29,SZ002241,-0.00018350882976485278,EXP_CatBoostModel_Alpha158_csi300_custom_step0_s_20260530_16,6f70cd162e584ef181745d223e5db7fa,0.05,,,
3526,2026-05-29,SZ002600,-0.00018350882976485278,EXP_CatBoostModel_Alpha158_csi300_custom_step0_s_20260530_16,6f70cd162e584ef181745d223e5db7fa,0.05,,,
3527,2026-05-29,SZ002594,-0.00018350882976485278,EXP_CatBoostModel_Alpha158_csi300_custom_step0_s_20260530_16,6f70cd162e584ef181745d223e5db7fa,0.05,,,
3528,2026-05-29,SZ002493,-0.00018350882976485278,EXP_CatBoostModel_Alpha158_csi300_custom_step0_s_20260530_16,6f70cd162e584ef181745d223e5db7fa,0.05,,,
3529,2026-05-29,SZ002475,-0.00018350882976485278,EXP_CatBoostModel_Alpha158_csi300_custom_step0_s_20260530_16,6f70cd162e584ef181745d223e5db7fa,0.05,,,
3530,2026-05-29,SZ002466,-0.00018350882976485278,EXP_CatBoostModel_Alpha158_csi300_custom_step0_s_20260530_16,6f70cd162e584ef181745d223e5db7fa,0.05,,,
3531,2026-05-29,SZ002463,-0.00018350882976485278,EXP_CatBoostModel_Alpha158_csi300_custom_step0_s_20260530_16,6f70cd162e584ef181745d223e5db7fa,0.05,,,
3532,2026-05-29,SZ002460,-0.00018350882976485278,EXP_CatBoostModel_Alpha158_csi300_custom_step0_s_20260530_16,6f70cd162e584ef181745d223e5db7fa,0.05,,,
3533,2026-05-29,SZ000938,-0.00018350882976485278,EXP_CatBoostModel_Alpha158_csi300_custom_step0_s_20260530_16,6f70cd162e584ef181745d223e5db7fa,0.05,,,
3534,2026-05-29,SZ002459,-0.00018350882976485278,EXP_CatBoostModel_Alpha158_csi300_custom_step0_s_20260530_16,6f70cd162e584ef181745d223e5db7fa,0.05,,,
3535,2026-05-29,SZ002415,-0.00018350882976485278,EXP_CatBoostModel_Alpha158_csi300_custom_step0_s_20260530_16,6f70cd162e584ef181745d223e5db7fa,0.05,,,
3536,2026-05-29,SZ002384,-0.00018350882976485278,EXP_CatBoostModel_Alpha158_csi300_custom_step0_s_20260530_16,6f70cd162e584ef181745d223e5db7fa,0.05,,,
3537,2026-05-29,SZ002371,-0.00018350882976485278,EXP_CatBoostModel_Alpha158_csi300_custom_step0_s_20260530_16,6f70cd162e584ef181745d223e5db7fa,0.05,,,
3538,2026-05-29,SZ002352,0.00037325944495565953,EXP_CatBoostModel_Alpha158_csi300_custom_step0_s_20260530_16,6f70cd162e584ef181745d223e5db7fa,0.05,,,
3539,2026-05-29,SZ002311,-0.0008292052413272492,EXP_CatBoostModel_Alpha158_csi300_custom_step0_s_20260530_16,6f70cd162e584ef181745d223e5db7fa,0.05,,,
3540,2026-05-29,SZ002304,-0.0008292052413272492,EXP_CatBoostModel_Alpha158_csi300_custom_step0_s_20260530_16,6f70cd162e584ef181745d223e5db7fa,0.05,,,
3541,2026-05-29,SZ002252,-0.0008292052413272492,EXP_CatBoostModel_Alpha158_csi300_custom_step0_s_20260530_16,6f70cd162e584ef181745d223e5db7fa,0.05,,,
3542,2026-05-29,SZ002422,-0.00286697759799527,EXP_CatBoostModel_Alpha158_csi300_custom_step0_s_20260530_16,6f70cd162e584ef181745d223e5db7fa,0.05,,,
3543,2026-05-29,SZ000895,-0.0020251328810476626,EXP_CatBoostModel_Alpha158_csi300_custom_step0_s_20260530_16,6f70cd162e584ef181745d223e5db7fa,0.05,,,
3544,2026-05-29,SZ000876,-0.0020251328810476626,EXP_CatBoostModel_Alpha158_csi300_custom_step0_s_20260530_16,6f70cd162e584ef181745d223e5db7fa,0.05,,,
3545,2026-05-29,SZ000858,-0.0008292052413272492,EXP_CatBoostModel_Alpha158_csi300_custom_step0_s_20260530_16,6f70cd162e584ef181745d223e5db7fa,0.05,,,
3546,2026-05-29,SZ000166,-0.0008292052413272492,EXP_CatBoostModel_Alpha158_csi300_custom_step0_s_20260530_16,6f70cd162e584ef181745d223e5db7fa,0.05,,,
3547,2026-05-29,SZ000157,-0.00018350882976485278,EXP_CatBoostModel_Alpha158_csi300_custom_step0_s_20260530_16,6f70cd162e584ef181745d223e5db7fa,0.05,,,
3548,2026-05-29,SZ000100,-0.00018350882976485278,EXP_CatBoostModel_Alpha158_csi300_custom_step0_s_20260530_16,6f70cd162e584ef181745d223e5db7fa,0.05,,,
3549,2026-05-29,SZ000063,-0.00018350882976485278,EXP_CatBoostModel_Alpha158_csi300_custom_step0_s_20260530_16,6f70cd162e584ef181745d223e5db7fa,0.05,,,
3550,2026-05-29,SZ000002,-0.0008292052413272492,EXP_CatBoostModel_Alpha158_csi300_custom_step0_s_20260530_16,6f70cd162e584ef181745d223e5db7fa,0.05,,,
3551,2026-05-29,SZ000001,-0.0008292052413272492,EXP_CatBoostModel_Alpha158_csi300_custom_step0_s_20260530_16,6f70cd162e584ef181745d223e5db7fa,0.05,,,
3552,2026-05-29,SH688981,-0.00018350882976485278,EXP_CatBoostModel_Alpha158_csi300_custom_step0_s_20260530_16,6f70cd162e584ef181745d223e5db7fa,0.05,,,
3553,2026-05-29,SZ000301,-0.00018350882976485278,EXP_CatBoostModel_Alpha158_csi300_custom_step0_s_20260530_16,6f70cd162e584ef181745d223e5db7fa,0.05,,,
3554,2026-05-29,SH688506,-0.0008292052413272492,EXP_CatBoostModel_Alpha158_csi300_custom_step0_s_20260530_16,6f70cd162e584ef181745d223e5db7fa,0.05,,,
3555,2026-05-29,SH688396,-0.00018350882976485278,EXP_CatBoostModel_Alpha158_csi300_custom_step0_s_20260530_16,6f70cd162e584ef181745d223e5db7fa,0.05,,,
3556,2026-05-29,SH688303,-0.00018350882976485278,EXP_CatBoostModel_Alpha158_csi300_custom_step0_s_20260530_16,6f70cd162e584ef181745d223e5db7fa,0.05,,,
3557,2026-05-29,SH688271,-0.00018350882976485278,EXP_CatBoostModel_Alpha158_csi300_custom_step0_s_20260530_16,6f70cd162e584ef181745d223e5db7fa,0.05,,,
3558,2026-05-29,SH688256,-0.00018350882976485278,EXP_CatBoostModel_Alpha158_csi300_custom_step0_s_20260530_16,6f70cd162e584ef181745d223e5db7fa,0.05,,,
3559,2026-05-29,SH688223,-0.00018350882976485278,EXP_CatBoostModel_Alpha158_csi300_custom_step0_s_20260530_16,6f70cd162e584ef181745d223e5db7fa,0.05,,,
3560,2026-05-29,SH688187,-0.00018350882976485278,EXP_CatBoostModel_Alpha158_csi300_custom_step0_s_20260530_16,6f70cd162e584ef181745d223e5db7fa,0.05,,,
3561,2026-05-29,SH688169,-0.00018350882976485278,EXP_CatBoostModel_Alpha158_csi300_custom_step0_s_20260530_16,6f70cd162e584ef181745d223e5db7fa,0.05,,,
3562,2026-05-29,SH688472,-0.00018350882976485278,EXP_CatBoostModel_Alpha158_csi300_custom_step0_s_20260530_16,6f70cd162e584ef181745d223e5db7fa,0.05,,,
3563,2026-05-29,SZ002601,-0.00018350882976485278,EXP_CatBoostModel_Alpha158_csi300_custom_step0_s_20260530_16,6f70cd162e584ef181745d223e5db7fa,0.05,,,
3564,2026-05-29,SZ000333,0.002311428386302936,EXP_CatBoostModel_Alpha158_csi300_custom_step0_s_20260530_16,6f70cd162e584ef181745d223e5db7fa,0.05,,,
3565,2026-05-29,SZ000408,-0.00018350882976485278,EXP_CatBoostModel_Alpha158_csi300_custom_step0_s_20260530_16,6f70cd162e584ef181745d223e5db7fa,0.05,,,
3566,2026-05-29,SZ000807,-0.00018350882976485278,EXP_CatBoostModel_Alpha158_csi300_custom_step0_s_20260530_16,6f70cd162e584ef181745d223e5db7fa,0.05,,,
3567,2026-05-29,SZ000792,0.005757223872431628,EXP_CatBoostModel_Alpha158_csi300_custom_step0_s_20260530_16,6f70cd162e584ef181745d223e5db7fa,0.05,,,
3568,2026-05-29,SZ000786,-0.0020251328810476626,EXP_CatBoostModel_Alpha158_csi300_custom_step0_s_20260530_16,6f70cd162e584ef181745d223e5db7fa,0.05,,,
3569,2026-05-29,SZ000776,-0.0020251328810476626,EXP_CatBoostModel_Alpha158_csi300_custom_step0_s_20260530_16,6f70cd162e584ef181745d223e5db7fa,0.05,,,
3570,2026-05-29,SZ000768,-0.00018350882976485278,EXP_CatBoostModel_Alpha158_csi300_custom_step0_s_20260530_16,6f70cd162e584ef181745d223e5db7fa,0.05,,,
3571,2026-05-29,SZ000725,-0.00018350882976485278,EXP_CatBoostModel_Alpha158_csi300_custom_step0_s_20260530_16,6f70cd162e584ef181745d223e5db7fa,0.05,,,
3572,2026-05-29,SZ000708,-0.0008292052413272492,EXP_CatBoostModel_Alpha158_csi300_custom_step0_s_20260530_16,6f70cd162e584ef181745d223e5db7fa,0.05,,,
3573,2026-05-29,SZ000338,-0.00018350882976485278,EXP_CatBoostModel_Alpha158_csi300_custom_step0_s_20260530_16,6f70cd162e584ef181745d223e5db7fa,0.05,,,
3574,2026-05-29,SZ000661,-0.0020251328810476626,EXP_CatBoostModel_Alpha158_csi300_custom_step0_s_20260530_16,6f70cd162e584ef181745d223e5db7fa,0.05,,,
3575,2026-05-29,SZ000630,-0.0008292052413272492,EXP_CatBoostModel_Alpha158_csi300_custom_step0_s_20260530_16,6f70cd162e584ef181745d223e5db7fa,0.05,,,
3576,2026-05-29,SZ000625,-0.00018350882976485278,EXP_CatBoostModel_Alpha158_csi300_custom_step0_s_20260530_16,6f70cd162e584ef181745d223e5db7fa,0.05,,,
3577,2026-05-29,SZ000617,-0.0020251328810476626,EXP_CatBoostModel_Alpha158_csi300_custom_step0_s_20260530_16,6f70cd162e584ef181745d223e5db7fa,0.05,,,
3578,2026-05-29,SZ000596,-0.0008292052413272492,EXP_CatBoostModel_Alpha158_csi300_custom_step0_s_20260530_16,6f70cd162e584ef181745d223e5db7fa,0.05,,,
3579,2026-05-29,SZ000568,-0.0008292052413272492,EXP_CatBoostModel_Alpha158_csi300_custom_step0_s_20260530_16,6f70cd162e584ef181745d223e5db7fa,0.05,,,
3580,2026-05-29,SZ000538,-0.0008292052413272492,EXP_CatBoostModel_Alpha158_csi300_custom_step0_s_20260530_16,6f70cd162e584ef181745d223e5db7fa,0.05,,,
3581,2026-05-29,SZ000425,-0.0008292052413272492,EXP_CatBoostModel_Alpha158_csi300_custom_step0_s_20260530_16,6f70cd162e584ef181745d223e5db7fa,0.05,,,
3582,2026-05-29,SZ000651,-0.0008292052413272492,EXP_CatBoostModel_Alpha158_csi300_custom_step0_s_20260530_16,6f70cd162e584ef181745d223e5db7fa,0.05,,,
3583,2026-05-29,SZ002625,-0.00018350882976485278,EXP_CatBoostModel_Alpha158_csi300_custom_step0_s_20260530_16,6f70cd162e584ef181745d223e5db7fa,0.05,,,
3584,2026-05-29,SZ002648,-0.00018350882976485278,EXP_CatBoostModel_Alpha158_csi300_custom_step0_s_20260530_16,6f70cd162e584ef181745d223e5db7fa,0.05,,,
3585,2026-05-29,SZ002709,-0.0008292052413272492,EXP_CatBoostModel_Alpha158_csi300_custom_step0_s_20260530_16,6f70cd162e584ef181745d223e5db7fa,0.05,,,
3586,2026-05-29,SH600030,0.0039584477964334005,EXP_CatBoostModel_Alpha158_csi300_custom_step0_s_20260530_16,6ff1d289d155480884054fb016db8e08,0.071,,,
3587,2026-05-29,SH600029,-0.003168127278813725,EXP_CatBoostModel_Alpha158_csi300_custom_step0_s_20260530_16,6ff1d289d155480884054fb016db8e08,0.071,,,
3588,2026-05-29,SH600028,-0.0020617097310255774,EXP_CatBoostModel_Alpha158_csi300_custom_step0_s_20260530_16,6ff1d289d155480884054fb016db8e08,0.071,,,
3589,2026-05-29,SH600027,0.001954545968713081,EXP_CatBoostModel_Alpha158_csi300_custom_step0_s_20260530_16,6ff1d289d155480884054fb016db8e08,0.071,,,
3590,2026-05-29,SH600026,-0.002816424283608943,EXP_CatBoostModel_Alpha158_csi300_custom_step0_s_20260530_16,6ff1d289d155480884054fb016db8e08,0.071,,,
3591,2026-05-29,SH600025,0.000988516677444445,EXP_CatBoostModel_Alpha158_csi300_custom_step0_s_20260530_16,6ff1d289d155480884054fb016db8e08,0.071,,,
3592,2026-05-29,SH600023,0.001954545968713081,EXP_CatBoostModel_Alpha158_csi300_custom_step0_s_20260530_16,6ff1d289d155480884054fb016db8e08,0.071,,,
3593,2026-05-29,SH600031,-0.0022027291479947177,EXP_CatBoostModel_Alpha158_csi300_custom_step0_s_20260530_16,6ff1d289d155480884054fb016db8e08,0.071,,,
3594,2026-05-29,SH600019,-0.0007002742927409819,EXP_CatBoostModel_Alpha158_csi300_custom_step0_s_20260530_16,6ff1d289d155480884054fb016db8e08,0.071,,,
3595,2026-05-29,SH600016,-0.0007002742927409819,EXP_CatBoostModel_Alpha158_csi300_custom_step0_s_20260530_16,6ff1d289d155480884054fb016db8e08,0.071,,,
3596,2026-05-29,SH600015,-0.0007002742927409819,EXP_CatBoostModel_Alpha158_csi300_custom_step0_s_20260530_16,6ff1d289d155480884054fb016db8e08,0.071,,,
3597,2026-05-29,SH600011,0.001954545968713081,EXP_CatBoostModel_Alpha158_csi300_custom_step0_s_20260530_16,6ff1d289d155480884054fb016db8e08,0.071,,,
3598,2026-05-29,SH600010,-0.0026413995678567243,EXP_CatBoostModel_Alpha158_csi300_custom_step0_s_20260530_16,6ff1d289d155480884054fb016db8e08,0.071,,,
3599,2026-05-29,SH600009,-0.0007002742927409819,EXP_CatBoostModel_Alpha158_csi300_custom_step0_s_20260530_16,6ff1d289d155480884054fb016db8e08,0.071,,,
3600,2026-05-29,SH600000,-0.003606797698675732,EXP_CatBoostModel_Alpha158_csi300_custom_step0_s_20260530_16,6ff1d289d155480884054fb016db8e08,0.071,,,
3601,2026-05-29,SZ302132,-0.0020251328810476626,EXP_CatBoostModel_Alpha158_csi300_custom_step0_s_20260530_16,6f70cd162e584ef181745d223e5db7fa,0.05,,,
3602,2026-05-29,SH600018,0.0035477725254394834,EXP_CatBoostModel_Alpha158_csi300_custom_step0_s_20260530_16,6ff1d289d155480884054fb016db8e08,0.071,,,
3603,2026-05-29,SZ301269,-0.00018350882976485278,EXP_CatBoostModel_Alpha158_csi300_custom_step0_s_20260530_16,6f70cd162e584ef181745d223e5db7fa,0.05,,,
3604,2026-05-29,SH600036,-0.0007002742927409819,EXP_CatBoostModel_Alpha158_csi300_custom_step0_s_20260530_16,6ff1d289d155480884054fb016db8e08,0.071,,,
3605,2026-05-29,SH600048,-0.00392284183139709,EXP_CatBoostModel_Alpha158_csi300_custom_step0_s_20260530_16,6ff1d289d155480884054fb016db8e08,0.071,,,
3606,2026-05-29,SH600219,-0.0022027291479947177,EXP_CatBoostModel_Alpha158_csi300_custom_step0_s_20260530_16,6ff1d289d155480884054fb016db8e08,0.071,,,
3607,2026-05-29,SH600196,-0.0022027291479947177,EXP_CatBoostModel_Alpha158_csi300_custom_step0_s_20260530_16,6ff1d289d155480884054fb016db8e08,0.071,,,
3608,2026-05-29,SH600188,-0.0035955418570472186,EXP_CatBoostModel_Alpha158_csi300_custom_step0_s_20260530_16,6ff1d289d155480884054fb016db8e08,0.071,,,
3609,2026-05-29,SH600183,-0.010323266554361017,EXP_CatBoostModel_Alpha158_csi300_custom_step0_s_20260530_16,6ff1d289d155480884054fb016db8e08,0.071,,,
3610,2026-05-29,SH600176,0.05754343731725658,EXP_CatBoostModel_Alpha158_csi300_custom_step0_s_20260530_16,6ff1d289d155480884054fb016db8e08,0.071,,,
3611,2026-05-29,SH600161,-0.0017972979905698458,EXP_CatBoostModel_Alpha158_csi300_custom_step0_s_20260530_16,6ff1d289d155480884054fb016db8e08,0.071,,,
3612,2026-05-29,SH600160,-0.0026413995678567243,EXP_CatBoostModel_Alpha158_csi300_custom_step0_s_20260530_16,6ff1d289d155480884054fb016db8e08,0.071,,,
3613,2026-05-29,SH600039,-0.0010052550559496087,EXP_CatBoostModel_Alpha158_csi300_custom_step0_s_20260530_16,6ff1d289d155480884054fb016db8e08,0.071,,,
3614,2026-05-29,SH600150,0.0018236566460702074,EXP_CatBoostModel_Alpha158_csi300_custom_step0_s_20260530_16,6ff1d289d155480884054fb016db8e08,0.071,,,
3615,2026-05-29,SH600111,-0.003606797698675732,EXP_CatBoostModel_Alpha158_csi300_custom_step0_s_20260530_16,6ff1d289d155480884054fb016db8e08,0.071,,,
3616,2026-05-29,SH600104,-0.0017972979905698458,EXP_CatBoostModel_Alpha158_csi300_custom_step0_s_20260530_16,6ff1d289d155480884054fb016db8e08,0.071,,,
3617,2026-05-29,SH600089,-0.0026413995678567243,EXP_CatBoostModel_Alpha158_csi300_custom_step0_s_20260530_16,6ff1d289d155480884054fb016db8e08,0.071,,,
3618,2026-05-29,SH600085,-0.0017972979905698458,EXP_CatBoostModel_Alpha158_csi300_custom_step0_s_20260530_16,6ff1d289d155480884054fb016db8e08,0.071,,,
3619,2026-05-29,SH600066,0.0018236566460702074,EXP_CatBoostModel_Alpha158_csi300_custom_step0_s_20260530_16,6ff1d289d155480884054fb016db8e08,0.071,,,
3620,2026-05-29,SH600061,0.0002651238380780255,EXP_CatBoostModel_Alpha158_csi300_custom_step0_s_20260530_16,6ff1d289d155480884054fb016db8e08,0.071,,,
3621,2026-05-29,SH600050,-0.002957443700578083,EXP_CatBoostModel_Alpha158_csi300_custom_step0_s_20260530_16,6ff1d289d155480884054fb016db8e08,0.071,,,
3622,2026-05-29,SH600115,-0.003168127278813725,EXP_CatBoostModel_Alpha158_csi300_custom_step0_s_20260530_16,6ff1d289d155480884054fb016db8e08,0.071,,,
3623,2026-05-29,SH688126,-0.00018350882976485278,EXP_CatBoostModel_Alpha158_csi300_custom_step0_s_20260530_16,6f70cd162e584ef181745d223e5db7fa,0.05,,,
3624,2026-05-29,SZ301236,-0.00018350882976485278,EXP_CatBoostModel_Alpha158_csi300_custom_step0_s_20260530_16,6f70cd162e584ef181745d223e5db7fa,0.05,,,
3625,2026-05-29,SZ300979,-0.0020251328810476626,EXP_CatBoostModel_Alpha158_csi300_custom_step0_s_20260530_16,6f70cd162e584ef181745d223e5db7fa,0.05,,,
3626,2026-05-29,SZ300316,-0.00018350882976485278,EXP_CatBoostModel_Alpha158_csi300_custom_step0_s_20260530_16,6f70cd162e584ef181745d223e5db7fa,0.05,,,
3627,2026-05-29,SZ300308,-0.00018350882976485278,EXP_CatBoostModel_Alpha158_csi300_custom_step0_s_20260530_16,6f70cd162e584ef181745d223e5db7fa,0.05,,,
3628,2026-05-29,SZ300274,-0.00018350882976485278,EXP_CatBoostModel_Alpha158_csi300_custom_step0_s_20260530_16,6f70cd162e584ef181745d223e5db7fa,0.05,,,
3629,2026-05-29,SZ300251,-0.00018350882976485278,EXP_CatBoostModel_Alpha158_csi300_custom_step0_s_20260530_16,6f70cd162e584ef181745d223e5db7fa,0.05,,,
3630,2026-05-29,SZ300124,-0.00018350882976485278,EXP_CatBoostModel_Alpha158_csi300_custom_step0_s_20260530_16,6f70cd162e584ef181745d223e5db7fa,0.05,,,
3631,2026-05-29,SZ300122,-0.00018350882976485278,EXP_CatBoostModel_Alpha158_csi300_custom_step0_s_20260530_16,6f70cd162e584ef181745d223e5db7fa,0.05,,,
3632,2026-05-29,SZ300059,-0.00018350882976485278,EXP_CatBoostModel_Alpha158_csi300_custom_step0_s_20260530_16,6f70cd162e584ef181745d223e5db7fa,0.05,,,
3633,2026-05-29,SZ300347,0.005757223872431628,EXP_CatBoostModel_Alpha158_csi300_custom_step0_s_20260530_16,6f70cd162e584ef181745d223e5db7fa,0.05,,,
3634,2026-05-29,SZ300033,-0.00018350882976485278,EXP_CatBoostModel_Alpha158_csi300_custom_step0_s_20260530_16,6f70cd162e584ef181745d223e5db7fa,0.05,,,
3635,2026-05-29,SZ300014,-0.00018350882976485278,EXP_CatBoostModel_Alpha158_csi300_custom_step0_s_20260530_16,6f70cd162e584ef181745d223e5db7fa,0.05,,,
3636,2026-05-29,SZ003816,-0.0008292052413272492,EXP_CatBoostModel_Alpha158_csi300_custom_step0_s_20260530_16,6f70cd162e584ef181745d223e5db7fa,0.05,,,
3637,2026-05-29,SZ002938,-0.00018350882976485278,EXP_CatBoostModel_Alpha158_csi300_custom_step0_s_20260530_16,6f70cd162e584ef181745d223e5db7fa,0.05,,,
3638,2026-05-29,SZ002920,-0.00018350882976485278,EXP_CatBoostModel_Alpha158_csi300_custom_step0_s_20260530_16,6f70cd162e584ef181745d223e5db7fa,0.05,,,
3639,2026-05-29,SZ002916,-0.0020251328810476626,EXP_CatBoostModel_Alpha158_csi300_custom_step0_s_20260530_16,6f70cd162e584ef181745d223e5db7fa,0.05,,,
3640,2026-05-29,SZ002736,-0.0008292052413272492,EXP_CatBoostModel_Alpha158_csi300_custom_step0_s_20260530_16,6f70cd162e584ef181745d223e5db7fa,0.05,,,
3641,2026-05-29,SZ002714,-0.0020251328810476626,EXP_CatBoostModel_Alpha158_csi300_custom_step0_s_20260530_16,6f70cd162e584ef181745d223e5db7fa,0.05,,,
3642,2026-05-29,SZ300015,-0.00018350882976485278,EXP_CatBoostModel_Alpha158_csi300_custom_step0_s_20260530_16,6f70cd162e584ef181745d223e5db7fa,0.05,,,
3643,2026-05-29,SZ300999,-0.0008292052413272492,EXP_CatBoostModel_Alpha158_csi300_custom_step0_s_20260530_16,6f70cd162e584ef181745d223e5db7fa,0.05,,,
3644,2026-05-29,SZ300394,-0.00018350882976485278,EXP_CatBoostModel_Alpha158_csi300_custom_step0_s_20260530_16,6f70cd162e584ef181745d223e5db7fa,0.05,,,
3645,2026-05-29,SZ300413,-0.00018350882976485278,EXP_CatBoostModel_Alpha158_csi300_custom_step0_s_20260530_16,6f70cd162e584ef181745d223e5db7fa,0.05,,,
3646,2026-05-29,SZ300896,-0.0008292052413272492,EXP_CatBoostModel_Alpha158_csi300_custom_step0_s_20260530_16,6f70cd162e584ef181745d223e5db7fa,0.05,,,
3647,2026-05-29,SZ300866,-0.00018350882976485278,EXP_CatBoostModel_Alpha158_csi300_custom_step0_s_20260530_16,6f70cd162e584ef181745d223e5db7fa,0.05,,,
3648,2026-05-29,SZ300832,-0.00018350882976485278,EXP_CatBoostModel_Alpha158_csi300_custom_step0_s_20260530_16,6f70cd162e584ef181745d223e5db7fa,0.05,,,
3649,2026-05-29,SZ300803,-0.00018350882976485278,EXP_CatBoostModel_Alpha158_csi300_custom_step0_s_20260530_16,6f70cd162e584ef181745d223e5db7fa,0.05,,,
3650,2026-05-29,SZ300782,-0.00018350882976485278,EXP_CatBoostModel_Alpha158_csi300_custom_step0_s_20260530_16,6f70cd162e584ef181745d223e5db7fa,0.05,,,
3651,2026-05-29,SZ300760,-0.0008292052413272492,EXP_CatBoostModel_Alpha158_csi300_custom_step0_s_20260530_16,6f70cd162e584ef181745d223e5db7fa,0.05,,,
3652,2026-05-29,SZ300759,-0.00018350882976485278,EXP_CatBoostModel_Alpha158_csi300_custom_step0_s_20260530_16,6f70cd162e584ef181745d223e5db7fa,0.05,,,
3653,2026-05-29,SZ300408,-0.00018350882976485278,EXP_CatBoostModel_Alpha158_csi300_custom_step0_s_20260530_16,6f70cd162e584ef181745d223e5db7fa,0.05,,,
3654,2026-05-29,SZ300750,-0.00018350882976485278,EXP_CatBoostModel_Alpha158_csi300_custom_step0_s_20260530_16,6f70cd162e584ef181745d223e5db7fa,0.05,,,
3655,2026-05-29,SZ300628,-0.00018350882976485278,EXP_CatBoostModel_Alpha158_csi300_custom_step0_s_20260530_16,6f70cd162e584ef181745d223e5db7fa,0.05,,,
3656,2026-05-29,SZ300502,-0.00018350882976485278,EXP_CatBoostModel_Alpha158_csi300_custom_step0_s_20260530_16,6f70cd162e584ef181745d223e5db7fa,0.05,,,
3657,2026-05-29,SZ300498,-0.0020251328810476626,EXP_CatBoostModel_Alpha158_csi300_custom_step0_s_20260530_16,6f70cd162e584ef181745d223e5db7fa,0.05,,,
3658,2026-05-29,SZ300476,-0.00018350882976485278,EXP_CatBoostModel_Alpha158_csi300_custom_step0_s_20260530_16,6f70cd162e584ef181745d223e5db7fa,0.05,,,
3659,2026-05-29,SZ300442,-0.00018350882976485278,EXP_CatBoostModel_Alpha158_csi300_custom_step0_s_20260530_16,6f70cd162e584ef181745d223e5db7fa,0.05,,,
3660,2026-05-29,SZ300433,-0.0008292052413272492,EXP_CatBoostModel_Alpha158_csi300_custom_step0_s_20260530_16,6f70cd162e584ef181745d223e5db7fa,0.05,,,
3661,2026-05-29,SZ300418,-0.00018350882976485278,EXP_CatBoostModel_Alpha158_csi300_custom_step0_s_20260530_16,6f70cd162e584ef181745d223e5db7fa,0.05,,,
3662,2026-05-29,SZ300661,-0.00018350882976485278,EXP_CatBoostModel_Alpha158_csi300_custom_step0_s_20260530_16,6f70cd162e584ef181745d223e5db7fa,0.05,,,
3663,2026-05-29,SH688111,-0.00018350882976485278,EXP_CatBoostModel_Alpha158_csi300_custom_step0_s_20260530_16,6f70cd162e584ef181745d223e5db7fa,0.05,,,
3664,2026-05-29,SH688082,-0.00018350882976485278,EXP_CatBoostModel_Alpha158_csi300_custom_step0_s_20260530_16,6f70cd162e584ef181745d223e5db7fa,0.05,,,
3665,2026-05-29,SH688047,-0.00018350882976485278,EXP_CatBoostModel_Alpha158_csi300_custom_step0_s_20260530_16,6f70cd162e584ef181745d223e5db7fa,0.05,,,
3666,2026-05-29,SH600919,0.002311428386302936,EXP_CatBoostModel_Alpha158_csi300_custom_step0_s_20260530_16,6f70cd162e584ef181745d223e5db7fa,0.05,,,
3667,2026-05-29,SH600918,-0.00018350882976485278,EXP_CatBoostModel_Alpha158_csi300_custom_step0_s_20260530_16,6f70cd162e584ef181745d223e5db7fa,0.05,,,
3668,2026-05-29,SH600905,0.002311428386302936,EXP_CatBoostModel_Alpha158_csi300_custom_step0_s_20260530_16,6f70cd162e584ef181745d223e5db7fa,0.05,,,
3669,2026-05-29,SH600900,0.002311428386302936,EXP_CatBoostModel_Alpha158_csi300_custom_step0_s_20260530_16,6f70cd162e584ef181745d223e5db7fa,0.05,,,
3670,2026-05-29,SH600893,-0.00018350882976485278,EXP_CatBoostModel_Alpha158_csi300_custom_step0_s_20260530_16,6f70cd162e584ef181745d223e5db7fa,0.05,,,
3671,2026-05-29,SH600887,-0.0008292052413272492,EXP_CatBoostModel_Alpha158_csi300_custom_step0_s_20260530_16,6f70cd162e584ef181745d223e5db7fa,0.05,,,
3672,2026-05-29,SH600886,0.002311428386302936,EXP_CatBoostModel_Alpha158_csi300_custom_step0_s_20260530_16,6f70cd162e584ef181745d223e5db7fa,0.05,,,
3673,2026-05-29,SH600926,-0.0020251328810476626,EXP_CatBoostModel_Alpha158_csi300_custom_step0_s_20260530_16,6f70cd162e584ef181745d223e5db7fa,0.05,,,
3674,2026-05-29,SH600875,-0.00018350882976485278,EXP_CatBoostModel_Alpha158_csi300_custom_step0_s_20260530_16,6f70cd162e584ef181745d223e5db7fa,0.05,,,
3675,2026-05-29,SH600809,-0.0008292052413272492,EXP_CatBoostModel_Alpha158_csi300_custom_step0_s_20260530_16,6f70cd162e584ef181745d223e5db7fa,0.05,,,
3676,2026-05-29,SH600803,-0.0020251328810476626,EXP_CatBoostModel_Alpha158_csi300_custom_step0_s_20260530_16,6f70cd162e584ef181745d223e5db7fa,0.05,,,
3677,2026-05-29,SH600795,0.002311428386302936,EXP_CatBoostModel_Alpha158_csi300_custom_step0_s_20260530_16,6f70cd162e584ef181745d223e5db7fa,0.05,,,
3678,2026-05-29,SH600760,-0.0020251328810476626,EXP_CatBoostModel_Alpha158_csi300_custom_step0_s_20260530_16,6f70cd162e584ef181745d223e5db7fa,0.05,,,
3679,2026-05-29,SH600741,-0.00018350882976485278,EXP_CatBoostModel_Alpha158_csi300_custom_step0_s_20260530_16,6f70cd162e584ef181745d223e5db7fa,0.05,,,
3680,2026-05-29,SH600690,0.002311428386302936,EXP_CatBoostModel_Alpha158_csi300_custom_step0_s_20260530_16,6f70cd162e584ef181745d223e5db7fa,0.05,,,
3681,2026-05-29,SH600674,0.002311428386302936,EXP_CatBoostModel_Alpha158_csi300_custom_step0_s_20260530_16,6f70cd162e584ef181745d223e5db7fa,0.05,,,
3682,2026-05-29,SH600845,-0.00018350882976485278,EXP_CatBoostModel_Alpha158_csi300_custom_step0_s_20260530_16,6f70cd162e584ef181745d223e5db7fa,0.05,,,
3683,2026-05-29,SH600660,-0.0020251328810476626,EXP_CatBoostModel_Alpha158_csi300_custom_step0_s_20260530_16,6f70cd162e584ef181745d223e5db7fa,0.05,,,
3684,2026-05-29,SH600930,-0.0008292052413272492,EXP_CatBoostModel_Alpha158_csi300_custom_step0_s_20260530_16,6f70cd162e584ef181745d223e5db7fa,0.05,,,
3685,2026-05-29,SH600941,0.002311428386302936,EXP_CatBoostModel_Alpha158_csi300_custom_step0_s_20260530_16,6f70cd162e584ef181745d223e5db7fa,0.05,,,
3686,2026-05-29,SH601117,-0.00018350882976485278,EXP_CatBoostModel_Alpha158_csi300_custom_step0_s_20260530_16,6f70cd162e584ef181745d223e5db7fa,0.05,,,
3687,2026-05-29,SH601111,-0.00018350882976485278,EXP_CatBoostModel_Alpha158_csi300_custom_step0_s_20260530_16,6f70cd162e584ef181745d223e5db7fa,0.05,,,
3688,2026-05-29,SH601100,-0.00018350882976485278,EXP_CatBoostModel_Alpha158_csi300_custom_step0_s_20260530_16,6f70cd162e584ef181745d223e5db7fa,0.05,,,
3689,2026-05-29,SH601088,0.002311428386302936,EXP_CatBoostModel_Alpha158_csi300_custom_step0_s_20260530_16,6f70cd162e584ef181745d223e5db7fa,0.05,,,
3690,2026-05-29,SH601077,-0.00018350882976485278,EXP_CatBoostModel_Alpha158_csi300_custom_step0_s_20260530_16,6f70cd162e584ef181745d223e5db7fa,0.05,,,
3691,2026-05-29,SH601066,-0.0008292052413272492,EXP_CatBoostModel_Alpha158_csi300_custom_step0_s_20260530_16,6f70cd162e584ef181745d223e5db7fa,0.05,,,
3692,2026-05-29,SH601059,0.002595801519485141,EXP_CatBoostModel_Alpha158_csi300_custom_step0_s_20260530_16,6f70cd162e584ef181745d223e5db7fa,0.05,,,
3693,2026-05-29,SH600938,-0.0020251328810476626,EXP_CatBoostModel_Alpha158_csi300_custom_step0_s_20260530_16,6f70cd162e584ef181745d223e5db7fa,0.05,,,
3694,2026-05-29,SH601058,-0.00018350882976485278,EXP_CatBoostModel_Alpha158_csi300_custom_step0_s_20260530_16,6f70cd162e584ef181745d223e5db7fa,0.05,,,
3695,2026-05-29,SH601018,-0.0008292052413272492,EXP_CatBoostModel_Alpha158_csi300_custom_step0_s_20260530_16,6f70cd162e584ef181745d223e5db7fa,0.05,,,
3696,2026-05-29,SH601012,-0.00018350882976485278,EXP_CatBoostModel_Alpha158_csi300_custom_step0_s_20260530_16,6f70cd162e584ef181745d223e5db7fa,0.05,,,
3697,2026-05-29,SH601009,-0.00286697759799527,EXP_CatBoostModel_Alpha158_csi300_custom_step0_s_20260530_16,6f70cd162e584ef181745d223e5db7fa,0.05,,,
3698,2026-05-29,SH601006,0.00037325944495565953,EXP_CatBoostModel_Alpha158_csi300_custom_step0_s_20260530_16,6f70cd162e584ef181745d223e5db7fa,0.05,,,
3699,2026-05-29,SH600999,-0.00018350882976485278,EXP_CatBoostModel_Alpha158_csi300_custom_step0_s_20260530_16,6f70cd162e584ef181745d223e5db7fa,0.05,,,
3700,2026-05-29,SH600989,-0.00018350882976485278,EXP_CatBoostModel_Alpha158_csi300_custom_step0_s_20260530_16,6f70cd162e584ef181745d223e5db7fa,0.05,,,
3701,2026-05-29,SH600958,-0.0008292052413272492,EXP_CatBoostModel_Alpha158_csi300_custom_step0_s_20260530_16,6f70cd162e584ef181745d223e5db7fa,0.05,,,
3702,2026-05-29,SH601021,-0.00286697759799527,EXP_CatBoostModel_Alpha158_csi300_custom_step0_s_20260530_16,6f70cd162e584ef181745d223e5db7fa,0.05,,,
3703,2026-05-29,SH601127,-0.00018350882976485278,EXP_CatBoostModel_Alpha158_csi300_custom_step0_s_20260530_16,6f70cd162e584ef181745d223e5db7fa,0.05,,,
3704,2026-05-29,SH600600,0.002311428386302936,EXP_CatBoostModel_Alpha158_csi300_custom_step0_s_20260530_16,6f70cd162e584ef181745d223e5db7fa,0.05,,,
3705,2026-05-29,SH600585,-0.0008292052413272492,EXP_CatBoostModel_Alpha158_csi300_custom_step0_s_20260530_16,6f70cd162e584ef181745d223e5db7fa,0.05,,,
3706,2026-05-29,SH600233,-0.0008292052413272492,EXP_CatBoostModel_Alpha158_csi300_custom_step0_s_20260530_16,6f70cd162e584ef181745d223e5db7fa,0.05,,,
3707,2026-05-29,SH600219,-0.00018350882976485278,EXP_CatBoostModel_Alpha158_csi300_custom_step0_s_20260530_16,6f70cd162e584ef181745d223e5db7fa,0.05,,,
3708,2026-05-29,SH600196,-0.00286697759799527,EXP_CatBoostModel_Alpha158_csi300_custom_step0_s_20260530_16,6f70cd162e584ef181745d223e5db7fa,0.05,,,
3709,2026-05-29,SH600188,-0.0008292052413272492,EXP_CatBoostModel_Alpha158_csi300_custom_step0_s_20260530_16,6f70cd162e584ef181745d223e5db7fa,0.05,,,
3710,2026-05-29,SH600183,-0.011047107601861271,EXP_CatBoostModel_Alpha158_csi300_custom_step0_s_20260530_16,6f70cd162e584ef181745d223e5db7fa,0.05,,,
3711,2026-05-29,SH600176,-0.00018350882976485278,EXP_CatBoostModel_Alpha158_csi300_custom_step0_s_20260530_16,6f70cd162e584ef181745d223e5db7fa,0.05,,,
3712,2026-05-29,SH600161,-0.0008292052413272492,EXP_CatBoostModel_Alpha158_csi300_custom_step0_s_20260530_16,6f70cd162e584ef181745d223e5db7fa,0.05,,,
3713,2026-05-29,SH600276,-0.0008292052413272492,EXP_CatBoostModel_Alpha158_csi300_custom_step0_s_20260530_16,6f70cd162e584ef181745d223e5db7fa,0.05,,,
3714,2026-05-29,SH600160,-0.00018350882976485278,EXP_CatBoostModel_Alpha158_csi300_custom_step0_s_20260530_16,6f70cd162e584ef181745d223e5db7fa,0.05,,,
3715,2026-05-29,SH600115,-0.0008292052413272492,EXP_CatBoostModel_Alpha158_csi300_custom_step0_s_20260530_16,6f70cd162e584ef181745d223e5db7fa,0.05,,,
3716,2026-05-29,SH600111,-0.00018350882976485278,EXP_CatBoostModel_Alpha158_csi300_custom_step0_s_20260530_16,6f70cd162e584ef181745d223e5db7fa,0.05,,,
3717,2026-05-29,SH600104,-0.0008292052413272492,EXP_CatBoostModel_Alpha158_csi300_custom_step0_s_20260530_16,6f70cd162e584ef181745d223e5db7fa,0.05,,,
3718,2026-05-29,SH600089,-0.00018350882976485278,EXP_CatBoostModel_Alpha158_csi300_custom_step0_s_20260530_16,6f70cd162e584ef181745d223e5db7fa,0.05,,,
3719,2026-05-29,SH600085,-0.0008292052413272492,EXP_CatBoostModel_Alpha158_csi300_custom_step0_s_20260530_16,6f70cd162e584ef181745d223e5db7fa,0.05,,,
3720,2026-05-29,SH600066,-0.0008292052413272492,EXP_CatBoostModel_Alpha158_csi300_custom_step0_s_20260530_16,6f70cd162e584ef181745d223e5db7fa,0.05,,,
3721,2026-05-29,SH600061,-0.0008292052413272492,EXP_CatBoostModel_Alpha158_csi300_custom_step0_s_20260530_16,6f70cd162e584ef181745d223e5db7fa,0.05,,,
3722,2026-05-29,SH600150,-0.00018350882976485278,EXP_CatBoostModel_Alpha158_csi300_custom_step0_s_20260530_16,6f70cd162e584ef181745d223e5db7fa,0.05,,,
3723,2026-05-29,SH600588,-0.00018350882976485278,EXP_CatBoostModel_Alpha158_csi300_custom_step0_s_20260530_16,6f70cd162e584ef181745d223e5db7fa,0.05,,,
3724,2026-05-29,SH600309,-0.00018350882976485278,EXP_CatBoostModel_Alpha158_csi300_custom_step0_s_20260530_16,6f70cd162e584ef181745d223e5db7fa,0.05,,,
3725,2026-05-29,SH600362,-0.00018350882976485278,EXP_CatBoostModel_Alpha158_csi300_custom_step0_s_20260530_16,6f70cd162e584ef181745d223e5db7fa,0.05,,,
3726,2026-05-29,SH600584,-0.00018350882976485278,EXP_CatBoostModel_Alpha158_csi300_custom_step0_s_20260530_16,6f70cd162e584ef181745d223e5db7fa,0.05,,,
3727,2026-05-29,SH600570,-0.00018350882976485278,EXP_CatBoostModel_Alpha158_csi300_custom_step0_s_20260530_16,6f70cd162e584ef181745d223e5db7fa,0.05,,,
3728,2026-05-29,SH600547,-0.00018350882976485278,EXP_CatBoostModel_Alpha158_csi300_custom_step0_s_20260530_16,6f70cd162e584ef181745d223e5db7fa,0.05,,,
3729,2026-05-29,SH600522,-0.0008292052413272492,EXP_CatBoostModel_Alpha158_csi300_custom_step0_s_20260530_16,6f70cd162e584ef181745d223e5db7fa,0.05,,,
3730,2026-05-29,SH600519,-0.0008292052413272492,EXP_CatBoostModel_Alpha158_csi300_custom_step0_s_20260530_16,6f70cd162e584ef181745d223e5db7fa,0.05,,,
3731,2026-05-29,SH600515,-0.0008292052413272492,EXP_CatBoostModel_Alpha158_csi300_custom_step0_s_20260530_16,6f70cd162e584ef181745d223e5db7fa,0.05,,,
3732,2026-05-29,SH600489,-0.00018350882976485278,EXP_CatBoostModel_Alpha158_csi300_custom_step0_s_20260530_16,6f70cd162e584ef181745d223e5db7fa,0.05,,,
3733,2026-05-29,SH600346,0.0035378948483284576,EXP_CatBoostModel_Alpha158_csi300_custom_step0_s_20260530_16,6f70cd162e584ef181745d223e5db7fa,0.05,,,
3734,2026-05-29,SH600482,-0.00018350882976485278,EXP_CatBoostModel_Alpha158_csi300_custom_step0_s_20260530_16,6f70cd162e584ef181745d223e5db7fa,0.05,,,
3735,2026-05-29,SH600438,-0.00018350882976485278,EXP_CatBoostModel_Alpha158_csi300_custom_step0_s_20260530_16,6f70cd162e584ef181745d223e5db7fa,0.05,,,
3736,2026-05-29,SH600436,-0.0008292052413272492,EXP_CatBoostModel_Alpha158_csi300_custom_step0_s_20260530_16,6f70cd162e584ef181745d223e5db7fa,0.05,,,
3737,2026-05-29,SH600426,0.005757223872431628,EXP_CatBoostModel_Alpha158_csi300_custom_step0_s_20260530_16,6f70cd162e584ef181745d223e5db7fa,0.05,,,
3738,2026-05-29,SH600415,-0.0008292052413272492,EXP_CatBoostModel_Alpha158_csi300_custom_step0_s_20260530_16,6f70cd162e584ef181745d223e5db7fa,0.05,,,
3739,2026-05-29,SH600406,-0.00018350882976485278,EXP_CatBoostModel_Alpha158_csi300_custom_step0_s_20260530_16,6f70cd162e584ef181745d223e5db7fa,0.05,,,
3740,2026-05-29,SH600377,0.002311428386302936,EXP_CatBoostModel_Alpha158_csi300_custom_step0_s_20260530_16,6f70cd162e584ef181745d223e5db7fa,0.05,,,
3741,2026-05-29,SH600372,-0.00018350882976485278,EXP_CatBoostModel_Alpha158_csi300_custom_step0_s_20260530_16,6f70cd162e584ef181745d223e5db7fa,0.05,,,
3742,2026-05-29,SH600460,-0.00018350882976485278,EXP_CatBoostModel_Alpha158_csi300_custom_step0_s_20260530_16,6f70cd162e584ef181745d223e5db7fa,0.05,,,
3743,2026-05-29,SH600048,-0.00286697759799527,EXP_CatBoostModel_Alpha158_csi300_custom_step0_s_20260530_16,6f70cd162e584ef181745d223e5db7fa,0.05,,,
3744,2026-05-29,SH601136,-0.00018350882976485278,EXP_CatBoostModel_Alpha158_csi300_custom_step0_s_20260530_16,6f70cd162e584ef181745d223e5db7fa,0.05,,,
3745,2026-05-29,SH601166,0.002311428386302936,EXP_CatBoostModel_Alpha158_csi300_custom_step0_s_20260530_16,6f70cd162e584ef181745d223e5db7fa,0.05,,,
3746,2026-05-29,SH601998,-0.0020251328810476626,EXP_CatBoostModel_Alpha158_csi300_custom_step0_s_20260530_16,6f70cd162e584ef181745d223e5db7fa,0.05,,,
3747,2026-05-29,SH601995,0.002595801519485141,EXP_CatBoostModel_Alpha158_csi300_custom_step0_s_20260530_16,6f70cd162e584ef181745d223e5db7fa,0.05,,,
3748,2026-05-29,SH601988,0.002595801519485141,EXP_CatBoostModel_Alpha158_csi300_custom_step0_s_20260530_16,6f70cd162e584ef181745d223e5db7fa,0.05,,,
3749,2026-05-29,SH601985,0.002311428386302936,EXP_CatBoostModel_Alpha158_csi300_custom_step0_s_20260530_16,6f70cd162e584ef181745d223e5db7fa,0.05,,,
3750,2026-05-29,SH601939,-0.00018350882976485278,EXP_CatBoostModel_Alpha158_csi300_custom_step0_s_20260530_16,6f70cd162e584ef181745d223e5db7fa,0.05,,,
3751,2026-05-29,SH601919,0.0021487731795941413,EXP_CatBoostModel_Alpha158_csi300_custom_step0_s_20260530_16,6f70cd162e584ef181745d223e5db7fa,0.05,,,
3752,2026-05-29,SH601916,0.0008095917566368112,EXP_CatBoostModel_Alpha158_csi300_custom_step0_s_20260530_16,6f70cd162e584ef181745d223e5db7fa,0.05,,,
3753,2026-05-29,SH603019,-0.00018350882976485278,EXP_CatBoostModel_Alpha158_csi300_custom_step0_s_20260530_16,6f70cd162e584ef181745d223e5db7fa,0.05,,,
3754,2026-05-29,SH601901,0.00037325944495565953,EXP_CatBoostModel_Alpha158_csi300_custom_step0_s_20260530_16,6f70cd162e584ef181745d223e5db7fa,0.05,,,
3755,2026-05-29,SH601898,-0.0020251328810476626,EXP_CatBoostModel_Alpha158_csi300_custom_step0_s_20260530_16,6f70cd162e584ef181745d223e5db7fa,0.05,,,
3756,2026-05-29,SH601888,-0.0008292052413272492,EXP_CatBoostModel_Alpha158_csi300_custom_step0_s_20260530_16,6f70cd162e584ef181745d223e5db7fa,0.05,,,
3757,2026-05-29,SH601881,-0.0008292052413272492,EXP_CatBoostModel_Alpha158_csi300_custom_step0_s_20260530_16,6f70cd162e584ef181745d223e5db7fa,0.05,,,
3758,2026-05-29,SH601878,0.00037325944495565953,EXP_CatBoostModel_Alpha158_csi300_custom_step0_s_20260530_16,6f70cd162e584ef181745d223e5db7fa,0.05,,,
3759,2026-05-29,SH601877,-0.00018350882976485278,EXP_CatBoostModel_Alpha158_csi300_custom_step0_s_20260530_16,6f70cd162e584ef181745d223e5db7fa,0.05,,,
3760,2026-05-29,SH601872,-0.00018350882976485278,EXP_CatBoostModel_Alpha158_csi300_custom_step0_s_20260530_16,6f70cd162e584ef181745d223e5db7fa,0.05,,,
3761,2026-05-29,SH601868,-0.00018350882976485278,EXP_CatBoostModel_Alpha158_csi300_custom_step0_s_20260530_16,6f70cd162e584ef181745d223e5db7fa,0.05,,,
3762,2026-05-29,SH601899,-0.00018350882976485278,EXP_CatBoostModel_Alpha158_csi300_custom_step0_s_20260530_16,6f70cd162e584ef181745d223e5db7fa,0.05,,,
3763,2026-05-29,SH601857,-0.0020251328810476626,EXP_CatBoostModel_Alpha158_csi300_custom_step0_s_20260530_16,6f70cd162e584ef181745d223e5db7fa,0.05,,,
3764,2026-05-29,SH603195,-0.00018350882976485278,EXP_CatBoostModel_Alpha158_csi300_custom_step0_s_20260530_16,6f70cd162e584ef181745d223e5db7fa,0.05,,,
3765,2026-05-29,SH603260,-0.00018350882976485278,EXP_CatBoostModel_Alpha158_csi300_custom_step0_s_20260530_16,6f70cd162e584ef181745d223e5db7fa,0.05,,,
3766,2026-05-29,SH688041,-0.00018350882976485278,EXP_CatBoostModel_Alpha158_csi300_custom_step0_s_20260530_16,6f70cd162e584ef181745d223e5db7fa,0.05,,,
3767,2026-05-29,SH688036,-0.00018350882976485278,EXP_CatBoostModel_Alpha158_csi300_custom_step0_s_20260530_16,6f70cd162e584ef181745d223e5db7fa,0.05,,,
3768,2026-05-29,SH688012,-0.00018350882976485278,EXP_CatBoostModel_Alpha158_csi300_custom_step0_s_20260530_16,6f70cd162e584ef181745d223e5db7fa,0.05,,,
3769,2026-05-29,SH688009,-0.00018350882976485278,EXP_CatBoostModel_Alpha158_csi300_custom_step0_s_20260530_16,6f70cd162e584ef181745d223e5db7fa,0.05,,,
3770,2026-05-29,SH688008,-0.00018350882976485278,EXP_CatBoostModel_Alpha158_csi300_custom_step0_s_20260530_16,6f70cd162e584ef181745d223e5db7fa,0.05,,,
3771,2026-05-29,SH605499,-0.0008292052413272492,EXP_CatBoostModel_Alpha158_csi300_custom_step0_s_20260530_16,6f70cd162e584ef181745d223e5db7fa,0.05,,,
3772,2026-05-29,SH605117,-0.00018350882976485278,EXP_CatBoostModel_Alpha158_csi300_custom_step0_s_20260530_16,6f70cd162e584ef181745d223e5db7fa,0.05,,,
3773,2026-05-29,SH603259,-0.0008292052413272492,EXP_CatBoostModel_Alpha158_csi300_custom_step0_s_20260530_16,6f70cd162e584ef181745d223e5db7fa,0.05,,,
3774,2026-05-29,SH603993,-0.00018350882976485278,EXP_CatBoostModel_Alpha158_csi300_custom_step0_s_20260530_16,6f70cd162e584ef181745d223e5db7fa,0.05,,,
3775,2026-05-29,SH603893,-0.00018350882976485278,EXP_CatBoostModel_Alpha158_csi300_custom_step0_s_20260530_16,6f70cd162e584ef181745d223e5db7fa,0.05,,,
3776,2026-05-29,SH603799,-0.00018350882976485278,EXP_CatBoostModel_Alpha158_csi300_custom_step0_s_20260530_16,6f70cd162e584ef181745d223e5db7fa,0.05,,,
3777,2026-05-29,SH603501,-0.00018350882976485278,EXP_CatBoostModel_Alpha158_csi300_custom_step0_s_20260530_16,6f70cd162e584ef181745d223e5db7fa,0.05,,,
3778,2026-05-29,SH603392,0.005757223872431628,EXP_CatBoostModel_Alpha158_csi300_custom_step0_s_20260530_16,6f70cd162e584ef181745d223e5db7fa,0.05,,,
3779,2026-05-29,SH603369,-0.0008292052413272492,EXP_CatBoostModel_Alpha158_csi300_custom_step0_s_20260530_16,6f70cd162e584ef181745d223e5db7fa,0.05,,,
3780,2026-05-29,SH603296,-0.00018350882976485278,EXP_CatBoostModel_Alpha158_csi300_custom_step0_s_20260530_16,6f70cd162e584ef181745d223e5db7fa,0.05,,,
3781,2026-05-29,SH603288,-0.0008292052413272492,EXP_CatBoostModel_Alpha158_csi300_custom_step0_s_20260530_16,6f70cd162e584ef181745d223e5db7fa,0.05,,,
3782,2026-05-29,SH603986,-0.00018350882976485278,EXP_CatBoostModel_Alpha158_csi300_custom_step0_s_20260530_16,6f70cd162e584ef181745d223e5db7fa,0.05,,,
3783,2026-05-29,SH601138,-0.00018350882976485278,EXP_CatBoostModel_Alpha158_csi300_custom_step0_s_20260530_16,6f70cd162e584ef181745d223e5db7fa,0.05,,,
3784,2026-05-29,SH601838,-0.0008292052413272492,EXP_CatBoostModel_Alpha158_csi300_custom_step0_s_20260530_16,6f70cd162e584ef181745d223e5db7fa,0.05,,,
3785,2026-05-29,SH601818,0.002595801519485141,EXP_CatBoostModel_Alpha158_csi300_custom_step0_s_20260530_16,6f70cd162e584ef181745d223e5db7fa,0.05,,,
3786,2026-05-29,SH601390,-0.0008292052413272492,EXP_CatBoostModel_Alpha158_csi300_custom_step0_s_20260530_16,6f70cd162e584ef181745d223e5db7fa,0.05,,,
3787,2026-05-29,SH601377,-0.004208684612059229,EXP_CatBoostModel_Alpha158_csi300_custom_step0_s_20260530_16,6f70cd162e584ef181745d223e5db7fa,0.05,,,
3788,2026-05-29,SH601360,-0.00018350882976485278,EXP_CatBoostModel_Alpha158_csi300_custom_step0_s_20260530_16,6f70cd162e584ef181745d223e5db7fa,0.05,,,
3789,2026-05-29,SH601336,-0.0008292052413272492,EXP_CatBoostModel_Alpha158_csi300_custom_step0_s_20260530_16,6f70cd162e584ef181745d223e5db7fa,0.05,,,
3790,2026-05-29,SH601328,-0.0008292052413272492,EXP_CatBoostModel_Alpha158_csi300_custom_step0_s_20260530_16,6f70cd162e584ef181745d223e5db7fa,0.05,,,
3791,2026-05-29,SH601319,-0.0008292052413272492,EXP_CatBoostModel_Alpha158_csi300_custom_step0_s_20260530_16,6f70cd162e584ef181745d223e5db7fa,0.05,,,
3792,2026-05-29,SH601318,-0.0008292052413272492,EXP_CatBoostModel_Alpha158_csi300_custom_step0_s_20260530_16,6f70cd162e584ef181745d223e5db7fa,0.05,,,
3793,2026-05-29,SH601398,0.002311428386302936,EXP_CatBoostModel_Alpha158_csi300_custom_step0_s_20260530_16,6f70cd162e584ef181745d223e5db7fa,0.05,,,
3794,2026-05-29,SH601298,0.002311428386302936,EXP_CatBoostModel_Alpha158_csi300_custom_step0_s_20260530_16,6f70cd162e584ef181745d223e5db7fa,0.05,,,
3795,2026-05-29,SH601238,-0.00018350882976485278,EXP_CatBoostModel_Alpha158_csi300_custom_step0_s_20260530_16,6f70cd162e584ef181745d223e5db7fa,0.05,,,
3796,2026-05-29,SH601236,-0.0008292052413272492,EXP_CatBoostModel_Alpha158_csi300_custom_step0_s_20260530_16,6f70cd162e584ef181745d223e5db7fa,0.05,,,
3797,2026-05-29,SH601229,-0.0020251328810476626,EXP_CatBoostModel_Alpha158_csi300_custom_step0_s_20260530_16,6f70cd162e584ef181745d223e5db7fa,0.05,,,
3798,2026-05-29,SH601225,-0.0008292052413272492,EXP_CatBoostModel_Alpha158_csi300_custom_step0_s_20260530_16,6f70cd162e584ef181745d223e5db7fa,0.05,,,
3799,2026-05-29,SH601211,-0.0008292052413272492,EXP_CatBoostModel_Alpha158_csi300_custom_step0_s_20260530_16,6f70cd162e584ef181745d223e5db7fa,0.05,,,
3800,2026-05-29,SH601186,-0.0008292052413272492,EXP_CatBoostModel_Alpha158_csi300_custom_step0_s_20260530_16,6f70cd162e584ef181745d223e5db7fa,0.05,,,
3801,2026-05-29,SH601169,-0.0020251328810476626,EXP_CatBoostModel_Alpha158_csi300_custom_step0_s_20260530_16,6f70cd162e584ef181745d223e5db7fa,0.05,,,
3802,2026-05-29,SH601288,-0.0020251328810476626,EXP_CatBoostModel_Alpha158_csi300_custom_step0_s_20260530_16,6f70cd162e584ef181745d223e5db7fa,0.05,,,
3803,2026-05-29,SH601825,-0.0020251328810476626,EXP_CatBoostModel_Alpha158_csi300_custom_step0_s_20260530_16,6f70cd162e584ef181745d223e5db7fa,0.05,,,
3804,2026-05-29,SH601456,-0.0020251328810476626,EXP_CatBoostModel_Alpha158_csi300_custom_step0_s_20260530_16,6f70cd162e584ef181745d223e5db7fa,0.05,,,
3805,2026-05-29,SH601601,-0.0020251328810476626,EXP_CatBoostModel_Alpha158_csi300_custom_step0_s_20260530_16,6f70cd162e584ef181745d223e5db7fa,0.05,,,
3806,2026-05-29,SH601816,0.002311428386302936,EXP_CatBoostModel_Alpha158_csi300_custom_step0_s_20260530_16,6f70cd162e584ef181745d223e5db7fa,0.05,,,
3807,2026-05-29,SH601808,-0.00018350882976485278,EXP_CatBoostModel_Alpha158_csi300_custom_step0_s_20260530_16,6f70cd162e584ef181745d223e5db7fa,0.05,,,
3808,2026-05-29,SH601800,-0.0008292052413272492,EXP_CatBoostModel_Alpha158_csi300_custom_step0_s_20260530_16,6f70cd162e584ef181745d223e5db7fa,0.05,,,
3809,2026-05-29,SH601788,-0.0008292052413272492,EXP_CatBoostModel_Alpha158_csi300_custom_step0_s_20260530_16,6f70cd162e584ef181745d223e5db7fa,0.05,,,
3810,2026-05-29,SH601766,-0.0008292052413272492,EXP_CatBoostModel_Alpha158_csi300_custom_step0_s_20260530_16,6f70cd162e584ef181745d223e5db7fa,0.05,,,
3811,2026-05-29,SH601728,-0.0020251328810476626,EXP_CatBoostModel_Alpha158_csi300_custom_step0_s_20260530_16,6f70cd162e584ef181745d223e5db7fa,0.05,,,
3812,2026-05-29,SH601698,0.0035378948483284576,EXP_CatBoostModel_Alpha158_csi300_custom_step0_s_20260530_16,6f70cd162e584ef181745d223e5db7fa,0.05,,,
3813,2026-05-29,SH601600,-0.00018350882976485278,EXP_CatBoostModel_Alpha158_csi300_custom_step0_s_20260530_16,6f70cd162e584ef181745d223e5db7fa,0.05,,,
3814,2026-05-29,SH601689,-0.00018350882976485278,EXP_CatBoostModel_Alpha158_csi300_custom_step0_s_20260530_16,6f70cd162e584ef181745d223e5db7fa,0.05,,,
3815,2026-05-29,SH601669,-0.0020251328810476626,EXP_CatBoostModel_Alpha158_csi300_custom_step0_s_20260530_16,6f70cd162e584ef181745d223e5db7fa,0.05,,,
3816,2026-05-29,SH601668,0.002311428386302936,EXP_CatBoostModel_Alpha158_csi300_custom_step0_s_20260530_16,6f70cd162e584ef181745d223e5db7fa,0.05,,,
3817,2026-05-29,SH601658,0.002595801519485141,EXP_CatBoostModel_Alpha158_csi300_custom_step0_s_20260530_16,6f70cd162e584ef181745d223e5db7fa,0.05,,,
3818,2026-05-29,SH601633,-0.00018350882976485278,EXP_CatBoostModel_Alpha158_csi300_custom_step0_s_20260530_16,6f70cd162e584ef181745d223e5db7fa,0.05,,,
3819,2026-05-29,SH601628,-0.0020251328810476626,EXP_CatBoostModel_Alpha158_csi300_custom_step0_s_20260530_16,6f70cd162e584ef181745d223e5db7fa,0.05,,,
3820,2026-05-29,SH601618,-0.0008292052413272492,EXP_CatBoostModel_Alpha158_csi300_custom_step0_s_20260530_16,6f70cd162e584ef181745d223e5db7fa,0.05,,,
3821,2026-05-29,SH601607,0.002311428386302936,EXP_CatBoostModel_Alpha158_csi300_custom_step0_s_20260530_16,6f70cd162e584ef181745d223e5db7fa,0.05,,,
3822,2026-05-29,SH601688,-0.00018350882976485278,EXP_CatBoostModel_Alpha158_csi300_custom_step0_s_20260530_16,6f70cd162e584ef181745d223e5db7fa,0.05,,,
3823,2026-05-29,SH600905,0.004635910124078052,EXP_LGBModel_Alpha158_csi300_custom_step0_s_20260530_16,3231f0374a7742759c31a5a704613286,0.068,,,
3824,2026-05-29,SH600918,-0.0025175416550579687,EXP_LGBModel_Alpha158_csi300_custom_step0_s_20260530_16,3231f0374a7742759c31a5a704613286,0.068,,,
3825,2026-05-29,SH600919,0.009822865517135466,EXP_LGBModel_Alpha158_csi300_custom_step0_s_20260530_16,3231f0374a7742759c31a5a704613286,0.068,,,
3826,2026-05-29,SH600160,-0.07177386774297327,EXP_DEnsembleModel_Alpha158_csi300_custom_step0_s_20260530_14,301677fd26a84115b84075b3cab3ade8,0.078,,,
3827,2026-05-29,SH600150,0.06665994938189608,EXP_DEnsembleModel_Alpha158_csi300_custom_step0_s_20260530_14,301677fd26a84115b84075b3cab3ade8,0.078,,,
3828,2026-05-29,SH600115,-0.10008109014038269,EXP_DEnsembleModel_Alpha158_csi300_custom_step0_s_20260530_14,301677fd26a84115b84075b3cab3ade8,0.078,,,
3829,2026-05-29,SH600111,-0.1163554789313063,EXP_DEnsembleModel_Alpha158_csi300_custom_step0_s_20260530_14,301677fd26a84115b84075b3cab3ade8,0.078,,,
3830,2026-05-29,SH600104,-0.0694967557555717,EXP_DEnsembleModel_Alpha158_csi300_custom_step0_s_20260530_14,301677fd26a84115b84075b3cab3ade8,0.078,,,
3831,2026-05-29,SH600089,-0.06890641711206602,EXP_DEnsembleModel_Alpha158_csi300_custom_step0_s_20260530_14,301677fd26a84115b84075b3cab3ade8,0.078,,,
3832,2026-05-29,SH600085,-0.027557991164686813,EXP_DEnsembleModel_Alpha158_csi300_custom_step0_s_20260530_14,301677fd26a84115b84075b3cab3ade8,0.078,,,
3833,2026-05-29,SH600066,-0.06217345227904555,EXP_DEnsembleModel_Alpha158_csi300_custom_step0_s_20260530_14,301677fd26a84115b84075b3cab3ade8,0.078,,,
3834,2026-05-29,SH600061,-0.049496956669545095,EXP_DEnsembleModel_Alpha158_csi300_custom_step0_s_20260530_14,301677fd26a84115b84075b3cab3ade8,0.078,,,
3835,2026-05-29,SH600050,-0.02719648086272774,EXP_DEnsembleModel_Alpha158_csi300_custom_step0_s_20260530_14,301677fd26a84115b84075b3cab3ade8,0.078,,,
3836,2026-05-29,SH600048,-0.03650429915043018,EXP_DEnsembleModel_Alpha158_csi300_custom_step0_s_20260530_14,301677fd26a84115b84075b3cab3ade8,0.078,,,
3837,2026-05-29,SH600039,-0.03991657398419863,EXP_DEnsembleModel_Alpha158_csi300_custom_step0_s_20260530_14,301677fd26a84115b84075b3cab3ade8,0.078,,,
3838,2026-05-29,SH600036,0.04384183195712439,EXP_DEnsembleModel_Alpha158_csi300_custom_step0_s_20260530_14,301677fd26a84115b84075b3cab3ade8,0.078,,,
3839,2026-05-29,SH600031,-0.13691894670843122,EXP_DEnsembleModel_Alpha158_csi300_custom_step0_s_20260530_14,301677fd26a84115b84075b3cab3ade8,0.078,,,
3840,2026-05-29,SH600030,0.03790566100819741,EXP_DEnsembleModel_Alpha158_csi300_custom_step0_s_20260530_14,301677fd26a84115b84075b3cab3ade8,0.078,,,
3841,2026-05-29,SH600161,0.0016275817020468917,EXP_DEnsembleModel_Alpha158_csi300_custom_step0_s_20260530_14,301677fd26a84115b84075b3cab3ade8,0.078,,,
3842,2026-05-29,SH600176,-0.0626095745301278,EXP_DEnsembleModel_Alpha158_csi300_custom_step0_s_20260530_14,301677fd26a84115b84075b3cab3ade8,0.078,,,
3843,2026-05-29,SH600183,-0.19996853925681757,EXP_DEnsembleModel_Alpha158_csi300_custom_step0_s_20260530_14,301677fd26a84115b84075b3cab3ade8,0.078,,,
3844,2026-05-29,SH600188,-0.15705794192818118,EXP_DEnsembleModel_Alpha158_csi300_custom_step0_s_20260530_14,301677fd26a84115b84075b3cab3ade8,0.078,,,
3845,2026-05-29,SH600482,-0.07905348806042882,EXP_DEnsembleModel_Alpha158_csi300_custom_step0_s_20260530_14,301677fd26a84115b84075b3cab3ade8,0.078,,,
3846,2026-05-29,SH600460,0.10809835009773201,EXP_DEnsembleModel_Alpha158_csi300_custom_step0_s_20260530_14,301677fd26a84115b84075b3cab3ade8,0.078,,,
3847,2026-05-29,SH600438,-0.08588960235892647,EXP_DEnsembleModel_Alpha158_csi300_custom_step0_s_20260530_14,301677fd26a84115b84075b3cab3ade8,0.078,,,
3848,2026-05-29,SH600436,0.023480453059488173,EXP_DEnsembleModel_Alpha158_csi300_custom_step0_s_20260530_14,301677fd26a84115b84075b3cab3ade8,0.078,,,
3849,2026-05-29,SH600426,0.09467556794804526,EXP_DEnsembleModel_Alpha158_csi300_custom_step0_s_20260530_14,301677fd26a84115b84075b3cab3ade8,0.078,,,
3850,2026-05-29,SH600415,-0.1663787724944936,EXP_DEnsembleModel_Alpha158_csi300_custom_step0_s_20260530_14,301677fd26a84115b84075b3cab3ade8,0.078,,,
3851,2026-05-29,SH600406,-0.09918873422479361,EXP_DEnsembleModel_Alpha158_csi300_custom_step0_s_20260530_14,301677fd26a84115b84075b3cab3ade8,0.078,,,
3852,2026-05-29,SH600029,-0.09236574242011919,EXP_DEnsembleModel_Alpha158_csi300_custom_step0_s_20260530_14,301677fd26a84115b84075b3cab3ade8,0.078,,,
3853,2026-05-29,SH600377,0.1522623647208558,EXP_DEnsembleModel_Alpha158_csi300_custom_step0_s_20260530_14,301677fd26a84115b84075b3cab3ade8,0.078,,,
3854,2026-05-29,SH600362,-0.1598605403716506,EXP_DEnsembleModel_Alpha158_csi300_custom_step0_s_20260530_14,301677fd26a84115b84075b3cab3ade8,0.078,,,
3855,2026-05-29,SH600346,0.003923962542198209,EXP_DEnsembleModel_Alpha158_csi300_custom_step0_s_20260530_14,301677fd26a84115b84075b3cab3ade8,0.078,,,
3856,2026-05-29,SH600309,-0.023394332771071485,EXP_DEnsembleModel_Alpha158_csi300_custom_step0_s_20260530_14,301677fd26a84115b84075b3cab3ade8,0.078,,,
3857,2026-05-29,SH600276,-0.06310161722349585,EXP_DEnsembleModel_Alpha158_csi300_custom_step0_s_20260530_14,301677fd26a84115b84075b3cab3ade8,0.078,,,
3858,2026-05-29,SH600233,-0.12856253551239344,EXP_DEnsembleModel_Alpha158_csi300_custom_step0_s_20260530_14,301677fd26a84115b84075b3cab3ade8,0.078,,,
3859,2026-05-29,SH600219,-0.08098562267922813,EXP_DEnsembleModel_Alpha158_csi300_custom_step0_s_20260530_14,301677fd26a84115b84075b3cab3ade8,0.078,,,
3860,2026-05-29,SH600196,-0.08994366635366005,EXP_DEnsembleModel_Alpha158_csi300_custom_step0_s_20260530_14,301677fd26a84115b84075b3cab3ade8,0.078,,,
3861,2026-05-29,SH600372,0.01605682852922564,EXP_DEnsembleModel_Alpha158_csi300_custom_step0_s_20260530_14,301677fd26a84115b84075b3cab3ade8,0.078,,,
3862,2026-05-29,SH600028,-0.0624645487083394,EXP_DEnsembleModel_Alpha158_csi300_custom_step0_s_20260530_14,301677fd26a84115b84075b3cab3ade8,0.078,,,
3863,2026-05-29,SH600027,0.013757310088189518,EXP_DEnsembleModel_Alpha158_csi300_custom_step0_s_20260530_14,301677fd26a84115b84075b3cab3ade8,0.078,,,
3864,2026-05-29,SH600026,-0.01673107742129344,EXP_DEnsembleModel_Alpha158_csi300_custom_step0_s_20260530_14,301677fd26a84115b84075b3cab3ade8,0.078,,,
3865,2026-05-29,SZ300760,-0.030705266748120786,EXP_LGBModel_Alpha158_csi300_custom_step0_s_20260530_16,2c4cbb1c68a140398eef90f0a65fefc8,0.049,,,
3866,2026-05-29,SZ300759,0.012049196389288802,EXP_LGBModel_Alpha158_csi300_custom_step0_s_20260530_16,2c4cbb1c68a140398eef90f0a65fefc8,0.049,,,
3867,2026-05-29,SZ300750,-0.013293331621774658,EXP_LGBModel_Alpha158_csi300_custom_step0_s_20260530_16,2c4cbb1c68a140398eef90f0a65fefc8,0.049,,,
3868,2026-05-29,SZ300661,0.04182996836800172,EXP_LGBModel_Alpha158_csi300_custom_step0_s_20260530_16,2c4cbb1c68a140398eef90f0a65fefc8,0.049,,,
3869,2026-05-29,SZ300628,-0.001373909730860112,EXP_LGBModel_Alpha158_csi300_custom_step0_s_20260530_16,2c4cbb1c68a140398eef90f0a65fefc8,0.049,,,
3870,2026-05-29,SZ300502,0.11030255054007992,EXP_LGBModel_Alpha158_csi300_custom_step0_s_20260530_16,2c4cbb1c68a140398eef90f0a65fefc8,0.049,,,
3871,2026-05-29,SZ300498,0.02868739302087655,EXP_LGBModel_Alpha158_csi300_custom_step0_s_20260530_16,2c4cbb1c68a140398eef90f0a65fefc8,0.049,,,
3872,2026-05-29,SZ300782,0.013528123315084227,EXP_LGBModel_Alpha158_csi300_custom_step0_s_20260530_16,2c4cbb1c68a140398eef90f0a65fefc8,0.049,,,
3873,2026-05-29,SZ300476,0.026572600124063372,EXP_LGBModel_Alpha158_csi300_custom_step0_s_20260530_16,2c4cbb1c68a140398eef90f0a65fefc8,0.049,,,
3874,2026-05-29,SZ300433,0.01736987714243764,EXP_LGBModel_Alpha158_csi300_custom_step0_s_20260530_16,2c4cbb1c68a140398eef90f0a65fefc8,0.049,,,
3875,2026-05-29,SZ300418,0.006585286248006801,EXP_LGBModel_Alpha158_csi300_custom_step0_s_20260530_16,2c4cbb1c68a140398eef90f0a65fefc8,0.049,,,
3876,2026-05-29,SZ300413,0.006585286248006801,EXP_LGBModel_Alpha158_csi300_custom_step0_s_20260530_16,2c4cbb1c68a140398eef90f0a65fefc8,0.049,,,
3877,2026-05-29,SZ300408,0.012068364585436683,EXP_LGBModel_Alpha158_csi300_custom_step0_s_20260530_16,2c4cbb1c68a140398eef90f0a65fefc8,0.049,,,
3878,2026-05-29,SZ300394,0.03017987685128425,EXP_LGBModel_Alpha158_csi300_custom_step0_s_20260530_16,2c4cbb1c68a140398eef90f0a65fefc8,0.049,,,
3879,2026-05-29,SZ300347,0.012049196389288802,EXP_LGBModel_Alpha158_csi300_custom_step0_s_20260530_16,2c4cbb1c68a140398eef90f0a65fefc8,0.049,,,
3880,2026-05-29,SZ300316,0.015145967802923559,EXP_LGBModel_Alpha158_csi300_custom_step0_s_20260530_16,2c4cbb1c68a140398eef90f0a65fefc8,0.049,,,
3881,2026-05-29,SZ300442,0.0023869542863329987,EXP_LGBModel_Alpha158_csi300_custom_step0_s_20260530_16,2c4cbb1c68a140398eef90f0a65fefc8,0.049,,,
3882,2026-05-29,SH600489,0.011956020389776766,EXP_DEnsembleModel_Alpha158_csi300_custom_step0_s_20260530_14,301677fd26a84115b84075b3cab3ade8,0.078,,,
3883,2026-05-29,SZ300803,0.0011672206138030599,EXP_LGBModel_Alpha158_csi300_custom_step0_s_20260530_16,2c4cbb1c68a140398eef90f0a65fefc8,0.049,,,
3884,2026-05-29,SZ300866,0.062008548632364296,EXP_LGBModel_Alpha158_csi300_custom_step0_s_20260530_16,2c4cbb1c68a140398eef90f0a65fefc8,0.049,,,
3885,2026-05-29,SH600025,0.11352427093946996,EXP_DEnsembleModel_Alpha158_csi300_custom_step0_s_20260530_14,301677fd26a84115b84075b3cab3ade8,0.078,,,
3886,2026-05-29,SH600023,-0.03708978191566733,EXP_DEnsembleModel_Alpha158_csi300_custom_step0_s_20260530_14,301677fd26a84115b84075b3cab3ade8,0.078,,,
3887,2026-05-29,SH600019,0.0011162205916657702,EXP_DEnsembleModel_Alpha158_csi300_custom_step0_s_20260530_14,301677fd26a84115b84075b3cab3ade8,0.078,,,
3888,2026-05-29,SH600018,0.11500712318051513,EXP_DEnsembleModel_Alpha158_csi300_custom_step0_s_20260530_14,301677fd26a84115b84075b3cab3ade8,0.078,,,
3889,2026-05-29,SH600016,0.006214113629996084,EXP_DEnsembleModel_Alpha158_csi300_custom_step0_s_20260530_14,301677fd26a84115b84075b3cab3ade8,0.078,,,
3890,2026-05-29,SH600015,-0.05789814051924034,EXP_DEnsembleModel_Alpha158_csi300_custom_step0_s_20260530_14,301677fd26a84115b84075b3cab3ade8,0.078,,,
3891,2026-05-29,SH600011,0.024523500740365644,EXP_DEnsembleModel_Alpha158_csi300_custom_step0_s_20260530_14,301677fd26a84115b84075b3cab3ade8,0.078,,,
3892,2026-05-29,SZ300832,0.0038874709072038204,EXP_LGBModel_Alpha158_csi300_custom_step0_s_20260530_16,2c4cbb1c68a140398eef90f0a65fefc8,0.049,,,
3893,2026-05-29,SH600010,-0.09622088536156098,EXP_DEnsembleModel_Alpha158_csi300_custom_step0_s_20260530_14,301677fd26a84115b84075b3cab3ade8,0.078,,,
3894,2026-05-29,SH600000,-0.005136997186908204,EXP_DEnsembleModel_Alpha158_csi300_custom_step0_s_20260530_14,301677fd26a84115b84075b3cab3ade8,0.078,,,
3895,2026-05-29,SZ302132,0.001204100379807394,EXP_LGBModel_Alpha158_csi300_custom_step0_s_20260530_16,2c4cbb1c68a140398eef90f0a65fefc8,0.049,,,
3896,2026-05-29,SZ301269,-0.004985864999562292,EXP_LGBModel_Alpha158_csi300_custom_step0_s_20260530_16,2c4cbb1c68a140398eef90f0a65fefc8,0.049,,,
3897,2026-05-29,SZ301236,0.005381184718883713,EXP_LGBModel_Alpha158_csi300_custom_step0_s_20260530_16,2c4cbb1c68a140398eef90f0a65fefc8,0.049,,,
3898,2026-05-29,SZ300999,-0.030065793244058503,EXP_LGBModel_Alpha158_csi300_custom_step0_s_20260530_16,2c4cbb1c68a140398eef90f0a65fefc8,0.049,,,
3899,2026-05-29,SZ300979,0.006819525539905258,EXP_LGBModel_Alpha158_csi300_custom_step0_s_20260530_16,2c4cbb1c68a140398eef90f0a65fefc8,0.049,,,
3900,2026-05-29,SZ300896,-0.024277793032655984,EXP_LGBModel_Alpha158_csi300_custom_step0_s_20260530_16,2c4cbb1c68a140398eef90f0a65fefc8,0.049,,,
3901,2026-05-29,SH600009,-0.07407445180202683,EXP_DEnsembleModel_Alpha158_csi300_custom_step0_s_20260530_14,301677fd26a84115b84075b3cab3ade8,0.078,,,
3902,2026-05-29,SH600515,-0.0667801753561208,EXP_DEnsembleModel_Alpha158_csi300_custom_step0_s_20260530_14,301677fd26a84115b84075b3cab3ade8,0.078,,,
3903,2026-05-29,SH600519,-0.03351560062605883,EXP_DEnsembleModel_Alpha158_csi300_custom_step0_s_20260530_14,301677fd26a84115b84075b3cab3ade8,0.078,,,
3904,2026-05-29,SH600522,-0.1263329816998788,EXP_DEnsembleModel_Alpha158_csi300_custom_step0_s_20260530_14,301677fd26a84115b84075b3cab3ade8,0.078,,,
3905,2026-05-29,SH601298,0.07765855300254212,EXP_DEnsembleModel_Alpha158_csi300_custom_step0_s_20260530_14,301677fd26a84115b84075b3cab3ade8,0.078,,,
3906,2026-05-29,SH601288,-0.08428449227357229,EXP_DEnsembleModel_Alpha158_csi300_custom_step0_s_20260530_14,301677fd26a84115b84075b3cab3ade8,0.078,,,
3907,2026-05-29,SH601238,-0.014461927162391688,EXP_DEnsembleModel_Alpha158_csi300_custom_step0_s_20260530_14,301677fd26a84115b84075b3cab3ade8,0.078,,,
3908,2026-05-29,SH601236,-5.687271709894048e-05,EXP_DEnsembleModel_Alpha158_csi300_custom_step0_s_20260530_14,301677fd26a84115b84075b3cab3ade8,0.078,,,
3909,2026-05-29,SH601229,-0.02800717159089543,EXP_DEnsembleModel_Alpha158_csi300_custom_step0_s_20260530_14,301677fd26a84115b84075b3cab3ade8,0.078,,,
3910,2026-05-29,SH601225,-0.04172474045230465,EXP_DEnsembleModel_Alpha158_csi300_custom_step0_s_20260530_14,301677fd26a84115b84075b3cab3ade8,0.078,,,
3911,2026-05-29,SH601211,-0.06795103484963712,EXP_DEnsembleModel_Alpha158_csi300_custom_step0_s_20260530_14,301677fd26a84115b84075b3cab3ade8,0.078,,,
3912,2026-05-29,SH601318,-0.08328030607985719,EXP_DEnsembleModel_Alpha158_csi300_custom_step0_s_20260530_14,301677fd26a84115b84075b3cab3ade8,0.078,,,
3913,2026-05-29,SH601186,0.002980326764096509,EXP_DEnsembleModel_Alpha158_csi300_custom_step0_s_20260530_14,301677fd26a84115b84075b3cab3ade8,0.078,,,
3914,2026-05-29,SH601166,0.06693193245282865,EXP_DEnsembleModel_Alpha158_csi300_custom_step0_s_20260530_14,301677fd26a84115b84075b3cab3ade8,0.078,,,
3915,2026-05-29,SH601138,-0.11799067134318944,EXP_DEnsembleModel_Alpha158_csi300_custom_step0_s_20260530_14,301677fd26a84115b84075b3cab3ade8,0.078,,,
3916,2026-05-29,SH601136,-0.12803028598034186,EXP_DEnsembleModel_Alpha158_csi300_custom_step0_s_20260530_14,301677fd26a84115b84075b3cab3ade8,0.078,,,
3917,2026-05-29,SH601127,-0.11201638211325562,EXP_DEnsembleModel_Alpha158_csi300_custom_step0_s_20260530_14,301677fd26a84115b84075b3cab3ade8,0.078,,,
3918,2026-05-29,SH601117,-0.03190080867756643,EXP_DEnsembleModel_Alpha158_csi300_custom_step0_s_20260530_14,301677fd26a84115b84075b3cab3ade8,0.078,,,
3919,2026-05-29,SH601111,-0.081188734944499,EXP_DEnsembleModel_Alpha158_csi300_custom_step0_s_20260530_14,301677fd26a84115b84075b3cab3ade8,0.078,,,
3920,2026-05-29,SH601100,-0.023987843999166678,EXP_DEnsembleModel_Alpha158_csi300_custom_step0_s_20260530_14,301677fd26a84115b84075b3cab3ade8,0.078,,,
3921,2026-05-29,SH601169,0.012437234288802805,EXP_DEnsembleModel_Alpha158_csi300_custom_step0_s_20260530_14,301677fd26a84115b84075b3cab3ade8,0.078,,,
3922,2026-05-29,SH601088,0.001089352410311609,EXP_DEnsembleModel_Alpha158_csi300_custom_step0_s_20260530_14,301677fd26a84115b84075b3cab3ade8,0.078,,,
3923,2026-05-29,SH601319,-0.08081267474923425,EXP_DEnsembleModel_Alpha158_csi300_custom_step0_s_20260530_14,301677fd26a84115b84075b3cab3ade8,0.078,,,
3924,2026-05-29,SH601336,-0.04632745253657169,EXP_DEnsembleModel_Alpha158_csi300_custom_step0_s_20260530_14,301677fd26a84115b84075b3cab3ade8,0.078,,,
3925,2026-05-29,SH601689,-0.07096893195619453,EXP_DEnsembleModel_Alpha158_csi300_custom_step0_s_20260530_14,301677fd26a84115b84075b3cab3ade8,0.078,,,
3926,2026-05-29,SH601688,-0.06175107365648893,EXP_DEnsembleModel_Alpha158_csi300_custom_step0_s_20260530_14,301677fd26a84115b84075b3cab3ade8,0.078,,,
3927,2026-05-29,SH601669,-0.06430223267108552,EXP_DEnsembleModel_Alpha158_csi300_custom_step0_s_20260530_14,301677fd26a84115b84075b3cab3ade8,0.078,,,
3928,2026-05-29,SH601668,0.06844199732882354,EXP_DEnsembleModel_Alpha158_csi300_custom_step0_s_20260530_14,301677fd26a84115b84075b3cab3ade8,0.078,,,
3929,2026-05-29,SH601658,0.058923845152500896,EXP_DEnsembleModel_Alpha158_csi300_custom_step0_s_20260530_14,301677fd26a84115b84075b3cab3ade8,0.078,,,
3930,2026-05-29,SH601633,-0.010442605621728251,EXP_DEnsembleModel_Alpha158_csi300_custom_step0_s_20260530_14,301677fd26a84115b84075b3cab3ade8,0.078,,,
3931,2026-05-29,SH601628,-0.09514121611531443,EXP_DEnsembleModel_Alpha158_csi300_custom_step0_s_20260530_14,301677fd26a84115b84075b3cab3ade8,0.078,,,
3932,2026-05-29,SH601328,0.06296427342594277,EXP_DEnsembleModel_Alpha158_csi300_custom_step0_s_20260530_14,301677fd26a84115b84075b3cab3ade8,0.078,,,
3933,2026-05-29,SH601618,0.017397330825692264,EXP_DEnsembleModel_Alpha158_csi300_custom_step0_s_20260530_14,301677fd26a84115b84075b3cab3ade8,0.078,,,
3934,2026-05-29,SH601601,-0.06645245310206055,EXP_DEnsembleModel_Alpha158_csi300_custom_step0_s_20260530_14,301677fd26a84115b84075b3cab3ade8,0.078,,,
3935,2026-05-29,SH601600,-0.12498257986753251,EXP_DEnsembleModel_Alpha158_csi300_custom_step0_s_20260530_14,301677fd26a84115b84075b3cab3ade8,0.078,,,
3936,2026-05-29,SH601456,-0.07841627073827225,EXP_DEnsembleModel_Alpha158_csi300_custom_step0_s_20260530_14,301677fd26a84115b84075b3cab3ade8,0.078,,,
3937,2026-05-29,SH601398,0.0811783358185197,EXP_DEnsembleModel_Alpha158_csi300_custom_step0_s_20260530_14,301677fd26a84115b84075b3cab3ade8,0.078,,,
3938,2026-05-29,SH601390,-0.08546829022560029,EXP_DEnsembleModel_Alpha158_csi300_custom_step0_s_20260530_14,301677fd26a84115b84075b3cab3ade8,0.078,,,
3939,2026-05-29,SH601377,-0.057153788304602875,EXP_DEnsembleModel_Alpha158_csi300_custom_step0_s_20260530_14,301677fd26a84115b84075b3cab3ade8,0.078,,,
3940,2026-05-29,SH601360,-0.15120580808428627,EXP_DEnsembleModel_Alpha158_csi300_custom_step0_s_20260530_14,301677fd26a84115b84075b3cab3ade8,0.078,,,
3941,2026-05-29,SH601607,0.043043254551577835,EXP_DEnsembleModel_Alpha158_csi300_custom_step0_s_20260530_14,301677fd26a84115b84075b3cab3ade8,0.078,,,
3942,2026-05-29,SZ300308,0.06914272995522924,EXP_LGBModel_Alpha158_csi300_custom_step0_s_20260530_16,2c4cbb1c68a140398eef90f0a65fefc8,0.049,,,
3943,2026-05-29,SH601077,0.049802181535585084,EXP_DEnsembleModel_Alpha158_csi300_custom_step0_s_20260530_14,301677fd26a84115b84075b3cab3ade8,0.078,,,
3944,2026-05-29,SH601059,0.12247482218391188,EXP_DEnsembleModel_Alpha158_csi300_custom_step0_s_20260530_14,301677fd26a84115b84075b3cab3ade8,0.078,,,
3945,2026-05-29,SH600875,-0.16937697502107915,EXP_DEnsembleModel_Alpha158_csi300_custom_step0_s_20260530_14,301677fd26a84115b84075b3cab3ade8,0.078,,,
3946,2026-05-29,SH600845,-0.15092348351615786,EXP_DEnsembleModel_Alpha158_csi300_custom_step0_s_20260530_14,301677fd26a84115b84075b3cab3ade8,0.078,,,
3947,2026-05-29,SH600809,-0.06448803259289819,EXP_DEnsembleModel_Alpha158_csi300_custom_step0_s_20260530_14,301677fd26a84115b84075b3cab3ade8,0.078,,,
3948,2026-05-29,SH600803,-0.0626902616385806,EXP_DEnsembleModel_Alpha158_csi300_custom_step0_s_20260530_14,301677fd26a84115b84075b3cab3ade8,0.078,,,
3949,2026-05-29,SH600795,0.11572076483238457,EXP_DEnsembleModel_Alpha158_csi300_custom_step0_s_20260530_14,301677fd26a84115b84075b3cab3ade8,0.078,,,
3950,2026-05-29,SH600760,-0.09582617473808198,EXP_DEnsembleModel_Alpha158_csi300_custom_step0_s_20260530_14,301677fd26a84115b84075b3cab3ade8,0.078,,,
3951,2026-05-29,SH600741,-0.04742121770987954,EXP_DEnsembleModel_Alpha158_csi300_custom_step0_s_20260530_14,301677fd26a84115b84075b3cab3ade8,0.078,,,
3952,2026-05-29,SH600886,0.09739186623638839,EXP_DEnsembleModel_Alpha158_csi300_custom_step0_s_20260530_14,301677fd26a84115b84075b3cab3ade8,0.078,,,
3953,2026-05-29,SH600690,-0.01636761735951322,EXP_DEnsembleModel_Alpha158_csi300_custom_step0_s_20260530_14,301677fd26a84115b84075b3cab3ade8,0.078,,,
3954,2026-05-29,SH600660,-0.11328165011590842,EXP_DEnsembleModel_Alpha158_csi300_custom_step0_s_20260530_14,301677fd26a84115b84075b3cab3ade8,0.078,,,
3955,2026-05-29,SH600600,0.08181778577127057,EXP_DEnsembleModel_Alpha158_csi300_custom_step0_s_20260530_14,301677fd26a84115b84075b3cab3ade8,0.078,,,
3956,2026-05-29,SH600588,0.0024945228425698926,EXP_DEnsembleModel_Alpha158_csi300_custom_step0_s_20260530_14,301677fd26a84115b84075b3cab3ade8,0.078,,,
3957,2026-05-29,SH600585,-0.008332403347761775,EXP_DEnsembleModel_Alpha158_csi300_custom_step0_s_20260530_14,301677fd26a84115b84075b3cab3ade8,0.078,,,
3958,2026-05-29,SH600584,0.0005889982213741678,EXP_DEnsembleModel_Alpha158_csi300_custom_step0_s_20260530_14,301677fd26a84115b84075b3cab3ade8,0.078,,,
3959,2026-05-29,SH600570,-0.1131841845371704,EXP_DEnsembleModel_Alpha158_csi300_custom_step0_s_20260530_14,301677fd26a84115b84075b3cab3ade8,0.078,,,
3960,2026-05-29,SH600547,0.04995217261610165,EXP_DEnsembleModel_Alpha158_csi300_custom_step0_s_20260530_14,301677fd26a84115b84075b3cab3ade8,0.078,,,
3961,2026-05-29,SH600674,0.04969329064578706,EXP_DEnsembleModel_Alpha158_csi300_custom_step0_s_20260530_14,301677fd26a84115b84075b3cab3ade8,0.078,,,
3962,2026-05-29,SH601066,0.12050618289911491,EXP_DEnsembleModel_Alpha158_csi300_custom_step0_s_20260530_14,301677fd26a84115b84075b3cab3ade8,0.078,,,
3963,2026-05-29,SH600887,0.016927859705384324,EXP_DEnsembleModel_Alpha158_csi300_custom_step0_s_20260530_14,301677fd26a84115b84075b3cab3ade8,0.078,,,
3964,2026-05-29,SH600900,0.0947705517036611,EXP_DEnsembleModel_Alpha158_csi300_custom_step0_s_20260530_14,301677fd26a84115b84075b3cab3ade8,0.078,,,
3965,2026-05-29,SH601058,-0.1346019979252971,EXP_DEnsembleModel_Alpha158_csi300_custom_step0_s_20260530_14,301677fd26a84115b84075b3cab3ade8,0.078,,,
3966,2026-05-29,SH601021,-0.03382012310044139,EXP_DEnsembleModel_Alpha158_csi300_custom_step0_s_20260530_14,301677fd26a84115b84075b3cab3ade8,0.078,,,
3967,2026-05-29,SH601018,-0.03309113276687709,EXP_DEnsembleModel_Alpha158_csi300_custom_step0_s_20260530_14,301677fd26a84115b84075b3cab3ade8,0.078,,,
3968,2026-05-29,SH601012,0.08828030750490098,EXP_DEnsembleModel_Alpha158_csi300_custom_step0_s_20260530_14,301677fd26a84115b84075b3cab3ade8,0.078,,,
3969,2026-05-29,SH601009,-0.07558836870752729,EXP_DEnsembleModel_Alpha158_csi300_custom_step0_s_20260530_14,301677fd26a84115b84075b3cab3ade8,0.078,,,
3970,2026-05-29,SH601006,0.023353529904160984,EXP_DEnsembleModel_Alpha158_csi300_custom_step0_s_20260530_14,301677fd26a84115b84075b3cab3ade8,0.078,,,
3971,2026-05-29,SH600999,0.11573223065406994,EXP_DEnsembleModel_Alpha158_csi300_custom_step0_s_20260530_14,301677fd26a84115b84075b3cab3ade8,0.078,,,
3972,2026-05-29,SH600893,0.05980241629935471,EXP_DEnsembleModel_Alpha158_csi300_custom_step0_s_20260530_14,301677fd26a84115b84075b3cab3ade8,0.078,,,
3973,2026-05-29,SH600989,-0.005706714383402757,EXP_DEnsembleModel_Alpha158_csi300_custom_step0_s_20260530_14,301677fd26a84115b84075b3cab3ade8,0.078,,,
3974,2026-05-29,SH600941,0.022892578285802268,EXP_DEnsembleModel_Alpha158_csi300_custom_step0_s_20260530_14,301677fd26a84115b84075b3cab3ade8,0.078,,,
3975,2026-05-29,SH600938,-0.06447838780993348,EXP_DEnsembleModel_Alpha158_csi300_custom_step0_s_20260530_14,301677fd26a84115b84075b3cab3ade8,0.078,,,
3976,2026-05-29,SH600930,-0.008959545849436278,EXP_DEnsembleModel_Alpha158_csi300_custom_step0_s_20260530_14,301677fd26a84115b84075b3cab3ade8,0.078,,,
3977,2026-05-29,SH600926,-0.0526689112961527,EXP_DEnsembleModel_Alpha158_csi300_custom_step0_s_20260530_14,301677fd26a84115b84075b3cab3ade8,0.078,,,
3978,2026-05-29,SH600919,0.09806332009636101,EXP_DEnsembleModel_Alpha158_csi300_custom_step0_s_20260530_14,301677fd26a84115b84075b3cab3ade8,0.078,,,
3979,2026-05-29,SH600918,-0.03270061056747323,EXP_DEnsembleModel_Alpha158_csi300_custom_step0_s_20260530_14,301677fd26a84115b84075b3cab3ade8,0.078,,,
3980,2026-05-29,SH600905,0.07410356244476374,EXP_DEnsembleModel_Alpha158_csi300_custom_step0_s_20260530_14,301677fd26a84115b84075b3cab3ade8,0.078,,,
3981,2026-05-29,SH600958,-0.09347498495408024,EXP_DEnsembleModel_Alpha158_csi300_custom_step0_s_20260530_14,301677fd26a84115b84075b3cab3ade8,0.078,,,
3982,2026-05-29,SZ300274,0.010721392644659449,EXP_LGBModel_Alpha158_csi300_custom_step0_s_20260530_16,2c4cbb1c68a140398eef90f0a65fefc8,0.049,,,
3983,2026-05-29,SZ300251,0.02448328768125394,EXP_LGBModel_Alpha158_csi300_custom_step0_s_20260530_16,2c4cbb1c68a140398eef90f0a65fefc8,0.049,,,
3984,2026-05-29,SZ300124,0.06928451670339936,EXP_LGBModel_Alpha158_csi300_custom_step0_s_20260530_16,2c4cbb1c68a140398eef90f0a65fefc8,0.049,,,
3985,2026-05-29,SH605117,0.019701753400895885,EXP_LGBModel_Alpha158_csi300_custom_step0_s_20260530_16,2c4cbb1c68a140398eef90f0a65fefc8,0.049,,,
3986,2026-05-29,SH603993,-0.01651669529561544,EXP_LGBModel_Alpha158_csi300_custom_step0_s_20260530_16,2c4cbb1c68a140398eef90f0a65fefc8,0.049,,,
3987,2026-05-29,SH603986,0.02411188466485608,EXP_LGBModel_Alpha158_csi300_custom_step0_s_20260530_16,2c4cbb1c68a140398eef90f0a65fefc8,0.049,,,
3988,2026-05-29,SH603893,0.002088545461109695,EXP_LGBModel_Alpha158_csi300_custom_step0_s_20260530_16,2c4cbb1c68a140398eef90f0a65fefc8,0.049,,,
3989,2026-05-29,SH603799,0.018982497773967606,EXP_LGBModel_Alpha158_csi300_custom_step0_s_20260530_16,2c4cbb1c68a140398eef90f0a65fefc8,0.049,,,
3990,2026-05-29,SH603501,-4.0245208493088196e-05,EXP_LGBModel_Alpha158_csi300_custom_step0_s_20260530_16,2c4cbb1c68a140398eef90f0a65fefc8,0.049,,,
3991,2026-05-29,SH603392,0.007319652772033744,EXP_LGBModel_Alpha158_csi300_custom_step0_s_20260530_16,2c4cbb1c68a140398eef90f0a65fefc8,0.049,,,
3992,2026-05-29,SH605499,-0.01865066754922742,EXP_LGBModel_Alpha158_csi300_custom_step0_s_20260530_16,2c4cbb1c68a140398eef90f0a65fefc8,0.049,,,
3993,2026-05-29,SH603369,0.012727736018495422,EXP_LGBModel_Alpha158_csi300_custom_step0_s_20260530_16,2c4cbb1c68a140398eef90f0a65fefc8,0.049,,,
3994,2026-05-29,SH603288,-0.03599201489794801,EXP_LGBModel_Alpha158_csi300_custom_step0_s_20260530_16,2c4cbb1c68a140398eef90f0a65fefc8,0.049,,,
3995,2026-05-29,SH603260,0.006548406482002467,EXP_LGBModel_Alpha158_csi300_custom_step0_s_20260530_16,2c4cbb1c68a140398eef90f0a65fefc8,0.049,,,
3996,2026-05-29,SH603259,-0.023591946089169674,EXP_LGBModel_Alpha158_csi300_custom_step0_s_20260530_16,2c4cbb1c68a140398eef90f0a65fefc8,0.049,,,
3997,2026-05-29,SH603195,-0.0014798850086855358,EXP_LGBModel_Alpha158_csi300_custom_step0_s_20260530_16,2c4cbb1c68a140398eef90f0a65fefc8,0.049,,,
3998,2026-05-29,SH603019,-0.0017242126122992592,EXP_LGBModel_Alpha158_csi300_custom_step0_s_20260530_16,2c4cbb1c68a140398eef90f0a65fefc8,0.049,,,
3999,2026-05-29,SH601998,-0.01371246449353189,EXP_LGBModel_Alpha158_csi300_custom_step0_s_20260530_16,2c4cbb1c68a140398eef90f0a65fefc8,0.049,,,
4000,2026-05-29,SH601995,-0.01641405373516254,EXP_LGBModel_Alpha158_csi300_custom_step0_s_20260530_16,2c4cbb1c68a140398eef90f0a65fefc8,0.049,,,
4001,2026-05-29,SH603296,0.012223630476527803,EXP_LGBModel_Alpha158_csi300_custom_step0_s_20260530_16,2c4cbb1c68a140398eef90f0a65fefc8,0.049,,,
4002,2026-05-29,SH601988,-0.023615059179868295,EXP_LGBModel_Alpha158_csi300_custom_step0_s_20260530_16,2c4cbb1c68a140398eef90f0a65fefc8,0.049,,,
4003,2026-05-29,SH688008,0.02916384066656921,EXP_LGBModel_Alpha158_csi300_custom_step0_s_20260530_16,2c4cbb1c68a140398eef90f0a65fefc8,0.049,,,
4004,2026-05-29,SH688012,0.030358468371283132,EXP_LGBModel_Alpha158_csi300_custom_step0_s_20260530_16,2c4cbb1c68a140398eef90f0a65fefc8,0.049,,,
4005,2026-05-29,SH688981,-0.004985864999562292,EXP_LGBModel_Alpha158_csi300_custom_step0_s_20260530_16,2c4cbb1c68a140398eef90f0a65fefc8,0.049,,,
4006,2026-05-29,SH688506,-1.1493156947541688e-09,EXP_LGBModel_Alpha158_csi300_custom_step0_s_20260530_16,2c4cbb1c68a140398eef90f0a65fefc8,0.049,,,
4007,2026-05-29,SH688472,0.00472952338514771,EXP_LGBModel_Alpha158_csi300_custom_step0_s_20260530_16,2c4cbb1c68a140398eef90f0a65fefc8,0.049,,,
4008,2026-05-29,SH688396,0.0302561052686104,EXP_LGBModel_Alpha158_csi300_custom_step0_s_20260530_16,2c4cbb1c68a140398eef90f0a65fefc8,0.049,,,
4009,2026-05-29,SH688303,0.005381184718883713,EXP_LGBModel_Alpha158_csi300_custom_step0_s_20260530_16,2c4cbb1c68a140398eef90f0a65fefc8,0.049,,,
4010,2026-05-29,SH688271,-0.013794291206089273,EXP_LGBModel_Alpha158_csi300_custom_step0_s_20260530_16,2c4cbb1c68a140398eef90f0a65fefc8,0.049,,,
4011,2026-05-29,SH688256,0.0302561052686104,EXP_LGBModel_Alpha158_csi300_custom_step0_s_20260530_16,2c4cbb1c68a140398eef90f0a65fefc8,0.049,,,
4012,2026-05-29,SH688009,3.6878616688639365e-05,EXP_LGBModel_Alpha158_csi300_custom_step0_s_20260530_16,2c4cbb1c68a140398eef90f0a65fefc8,0.049,,,
4013,2026-05-29,SH688223,0.006548406482002467,EXP_LGBModel_Alpha158_csi300_custom_step0_s_20260530_16,2c4cbb1c68a140398eef90f0a65fefc8,0.049,,,
4014,2026-05-29,SH688169,-1.1493156947541688e-09,EXP_LGBModel_Alpha158_csi300_custom_step0_s_20260530_16,2c4cbb1c68a140398eef90f0a65fefc8,0.049,,,
4015,2026-05-29,SH688126,-0.0040792582631812135,EXP_LGBModel_Alpha158_csi300_custom_step0_s_20260530_16,2c4cbb1c68a140398eef90f0a65fefc8,0.049,,,
4016,2026-05-29,SH688111,-0.010832379012991824,EXP_LGBModel_Alpha158_csi300_custom_step0_s_20260530_16,2c4cbb1c68a140398eef90f0a65fefc8,0.049,,,
4017,2026-05-29,SH688082,0.002333788921787147,EXP_LGBModel_Alpha158_csi300_custom_step0_s_20260530_16,2c4cbb1c68a140398eef90f0a65fefc8,0.049,,,
4018,2026-05-29,SH688047,0.012934217374777927,EXP_LGBModel_Alpha158_csi300_custom_step0_s_20260530_16,2c4cbb1c68a140398eef90f0a65fefc8,0.049,,,
4019,2026-05-29,SH688041,0.01915603558408334,EXP_LGBModel_Alpha158_csi300_custom_step0_s_20260530_16,2c4cbb1c68a140398eef90f0a65fefc8,0.049,,,
4020,2026-05-29,SH688036,0.022135484232639547,EXP_LGBModel_Alpha158_csi300_custom_step0_s_20260530_16,2c4cbb1c68a140398eef90f0a65fefc8,0.049,,,
4021,2026-05-29,SH688187,-0.0056644052928732785,EXP_LGBModel_Alpha158_csi300_custom_step0_s_20260530_16,2c4cbb1c68a140398eef90f0a65fefc8,0.049,,,
4022,2026-05-29,SZ000001,-0.011419619609905885,EXP_LGBModel_Alpha158_csi300_custom_step0_s_20260530_16,2c4cbb1c68a140398eef90f0a65fefc8,0.049,,,
4023,2026-05-29,SH601985,-0.011892197365850173,EXP_LGBModel_Alpha158_csi300_custom_step0_s_20260530_16,2c4cbb1c68a140398eef90f0a65fefc8,0.049,,,
4024,2026-05-29,SH601919,-0.0007106096928926219,EXP_LGBModel_Alpha158_csi300_custom_step0_s_20260530_16,2c4cbb1c68a140398eef90f0a65fefc8,0.049,,,
4025,2026-05-29,SH601698,0.031077690508782924,EXP_LGBModel_Alpha158_csi300_custom_step0_s_20260530_16,2c4cbb1c68a140398eef90f0a65fefc8,0.049,,,
4026,2026-05-29,SH601689,0.018032473642766902,EXP_LGBModel_Alpha158_csi300_custom_step0_s_20260530_16,2c4cbb1c68a140398eef90f0a65fefc8,0.049,,,
4027,2026-05-29,SH601688,-0.014597925700557225,EXP_LGBModel_Alpha158_csi300_custom_step0_s_20260530_16,2c4cbb1c68a140398eef90f0a65fefc8,0.049,,,
4028,2026-05-29,SH601669,-0.01508202898870279,EXP_LGBModel_Alpha158_csi300_custom_step0_s_20260530_16,2c4cbb1c68a140398eef90f0a65fefc8,0.049,,,
4029,2026-05-29,SH601668,-0.010495065126547222,EXP_LGBModel_Alpha158_csi300_custom_step0_s_20260530_16,2c4cbb1c68a140398eef90f0a65fefc8,0.049,,,
4030,2026-05-29,SH601658,-0.039554095210027916,EXP_LGBModel_Alpha158_csi300_custom_step0_s_20260530_16,2c4cbb1c68a140398eef90f0a65fefc8,0.049,,,
4031,2026-05-29,SH601633,0.0036378911291881956,EXP_LGBModel_Alpha158_csi300_custom_step0_s_20260530_16,2c4cbb1c68a140398eef90f0a65fefc8,0.049,,,
4032,2026-05-29,SH601728,0.01798184366749432,EXP_LGBModel_Alpha158_csi300_custom_step0_s_20260530_16,2c4cbb1c68a140398eef90f0a65fefc8,0.049,,,
4033,2026-05-29,SH601628,-0.03784529408782084,EXP_LGBModel_Alpha158_csi300_custom_step0_s_20260530_16,2c4cbb1c68a140398eef90f0a65fefc8,0.049,,,
4034,2026-05-29,SH601607,-0.022957299770619582,EXP_LGBModel_Alpha158_csi300_custom_step0_s_20260530_16,2c4cbb1c68a140398eef90f0a65fefc8,0.049,,,
4035,2026-05-29,SH601601,0.0044730883337888655,EXP_LGBModel_Alpha158_csi300_custom_step0_s_20260530_16,2c4cbb1c68a140398eef90f0a65fefc8,0.049,,,
4036,2026-05-29,SH601600,-0.0064996787992918775,EXP_LGBModel_Alpha158_csi300_custom_step0_s_20260530_16,2c4cbb1c68a140398eef90f0a65fefc8,0.049,,,
4037,2026-05-29,SH601456,-0.019138192625559224,EXP_LGBModel_Alpha158_csi300_custom_step0_s_20260530_16,2c4cbb1c68a140398eef90f0a65fefc8,0.049,,,
4038,2026-05-29,SH601398,-0.006457749871133229,EXP_LGBModel_Alpha158_csi300_custom_step0_s_20260530_16,2c4cbb1c68a140398eef90f0a65fefc8,0.049,,,
4039,2026-05-29,SH601390,-0.03784529408782084,EXP_LGBModel_Alpha158_csi300_custom_step0_s_20260530_16,2c4cbb1c68a140398eef90f0a65fefc8,0.049,,,
4040,2026-05-29,SH601377,-0.029331763929967714,EXP_LGBModel_Alpha158_csi300_custom_step0_s_20260530_16,2c4cbb1c68a140398eef90f0a65fefc8,0.049,,,
4041,2026-05-29,SH601618,-0.03323567610323759,EXP_LGBModel_Alpha158_csi300_custom_step0_s_20260530_16,2c4cbb1c68a140398eef90f0a65fefc8,0.049,,,
4042,2026-05-29,SH601939,0.012831149200831206,EXP_LGBModel_Alpha158_csi300_custom_step0_s_20260530_16,2c4cbb1c68a140398eef90f0a65fefc8,0.049,,,
4043,2026-05-29,SH601766,-0.03413827933331143,EXP_LGBModel_Alpha158_csi300_custom_step0_s_20260530_16,2c4cbb1c68a140398eef90f0a65fefc8,0.049,,,
4044,2026-05-29,SH601800,-0.021671579574981645,EXP_LGBModel_Alpha158_csi300_custom_step0_s_20260530_16,2c4cbb1c68a140398eef90f0a65fefc8,0.049,,,
4045,2026-05-29,SH601916,-0.02542634927372174,EXP_LGBModel_Alpha158_csi300_custom_step0_s_20260530_16,2c4cbb1c68a140398eef90f0a65fefc8,0.049,,,
4046,2026-05-29,SH601901,-0.027673925851842293,EXP_LGBModel_Alpha158_csi300_custom_step0_s_20260530_16,2c4cbb1c68a140398eef90f0a65fefc8,0.049,,,
4047,2026-05-29,SH601899,-0.02162442894660614,EXP_LGBModel_Alpha158_csi300_custom_step0_s_20260530_16,2c4cbb1c68a140398eef90f0a65fefc8,0.049,,,
4048,2026-05-29,SH601898,-0.014625320170562712,EXP_LGBModel_Alpha158_csi300_custom_step0_s_20260530_16,2c4cbb1c68a140398eef90f0a65fefc8,0.049,,,
4049,2026-05-29,SH601888,-0.012319631830699958,EXP_LGBModel_Alpha158_csi300_custom_step0_s_20260530_16,2c4cbb1c68a140398eef90f0a65fefc8,0.049,,,
4050,2026-05-29,SH601881,-0.0305239089144507,EXP_LGBModel_Alpha158_csi300_custom_step0_s_20260530_16,2c4cbb1c68a140398eef90f0a65fefc8,0.049,,,
4051,2026-05-29,SH601878,-0.039554095210027916,EXP_LGBModel_Alpha158_csi300_custom_step0_s_20260530_16,2c4cbb1c68a140398eef90f0a65fefc8,0.049,,,
4052,2026-05-29,SH601788,-0.0305239089144507,EXP_LGBModel_Alpha158_csi300_custom_step0_s_20260530_16,2c4cbb1c68a140398eef90f0a65fefc8,0.049,,,
4053,2026-05-29,SH601877,-0.0005916208576975872,EXP_LGBModel_Alpha158_csi300_custom_step0_s_20260530_16,2c4cbb1c68a140398eef90f0a65fefc8,0.049,,,
4054,2026-05-29,SH601868,-0.0031549907199508237,EXP_LGBModel_Alpha158_csi300_custom_step0_s_20260530_16,2c4cbb1c68a140398eef90f0a65fefc8,0.049,,,
4055,2026-05-29,SH601857,-0.021029135572036943,EXP_LGBModel_Alpha158_csi300_custom_step0_s_20260530_16,2c4cbb1c68a140398eef90f0a65fefc8,0.049,,,
4056,2026-05-29,SH601838,0.009248292708191387,EXP_LGBModel_Alpha158_csi300_custom_step0_s_20260530_16,2c4cbb1c68a140398eef90f0a65fefc8,0.049,,,
4057,2026-05-29,SH601825,-0.039554095210027916,EXP_LGBModel_Alpha158_csi300_custom_step0_s_20260530_16,2c4cbb1c68a140398eef90f0a65fefc8,0.049,,,
4058,2026-05-29,SH601818,-0.03494447722544467,EXP_LGBModel_Alpha158_csi300_custom_step0_s_20260530_16,2c4cbb1c68a140398eef90f0a65fefc8,0.049,,,
4059,2026-05-29,SH601816,-0.005745653861189618,EXP_LGBModel_Alpha158_csi300_custom_step0_s_20260530_16,2c4cbb1c68a140398eef90f0a65fefc8,0.049,,,
4060,2026-05-29,SH601808,-0.005335788191328394,EXP_LGBModel_Alpha158_csi300_custom_step0_s_20260530_16,2c4cbb1c68a140398eef90f0a65fefc8,0.049,,,
4061,2026-05-29,SH601872,0.006895429237799014,EXP_LGBModel_Alpha158_csi300_custom_step0_s_20260530_16,2c4cbb1c68a140398eef90f0a65fefc8,0.049,,,
4062,2026-05-29,SH601698,-0.05162960721509488,EXP_DEnsembleModel_Alpha158_csi300_custom_step0_s_20260530_14,301677fd26a84115b84075b3cab3ade8,0.078,,,
4063,2026-05-29,SZ000002,-0.025193619957903642,EXP_LGBModel_Alpha158_csi300_custom_step0_s_20260530_16,2c4cbb1c68a140398eef90f0a65fefc8,0.049,,,
4064,2026-05-29,SZ000100,-4.465402639581336e-06,EXP_LGBModel_Alpha158_csi300_custom_step0_s_20260530_16,2c4cbb1c68a140398eef90f0a65fefc8,0.049,,,
4065,2026-05-29,SZ002463,0.032774262777426136,EXP_LGBModel_Alpha158_csi300_custom_step0_s_20260530_16,2c4cbb1c68a140398eef90f0a65fefc8,0.049,,,
4066,2026-05-29,SZ002460,0.007768140154532405,EXP_LGBModel_Alpha158_csi300_custom_step0_s_20260530_16,2c4cbb1c68a140398eef90f0a65fefc8,0.049,,,
4067,2026-05-29,SZ002459,0.006548406482002467,EXP_LGBModel_Alpha158_csi300_custom_step0_s_20260530_16,2c4cbb1c68a140398eef90f0a65fefc8,0.049,,,
4068,2026-05-29,SZ002422,-0.004658717954739231,EXP_LGBModel_Alpha158_csi300_custom_step0_s_20260530_16,2c4cbb1c68a140398eef90f0a65fefc8,0.049,,,
4069,2026-05-29,SZ002415,-0.009513477779401622,EXP_LGBModel_Alpha158_csi300_custom_step0_s_20260530_16,2c4cbb1c68a140398eef90f0a65fefc8,0.049,,,
4070,2026-05-29,SZ002384,0.029292900187530516,EXP_LGBModel_Alpha158_csi300_custom_step0_s_20260530_16,2c4cbb1c68a140398eef90f0a65fefc8,0.049,,,
4071,2026-05-29,SZ002371,0.09173159714204368,EXP_LGBModel_Alpha158_csi300_custom_step0_s_20260530_16,2c4cbb1c68a140398eef90f0a65fefc8,0.049,,,
4072,2026-05-29,SZ002466,0.060833598883518594,EXP_LGBModel_Alpha158_csi300_custom_step0_s_20260530_16,2c4cbb1c68a140398eef90f0a65fefc8,0.049,,,
4073,2026-05-29,SZ002352,-0.0371354683960639,EXP_LGBModel_Alpha158_csi300_custom_step0_s_20260530_16,2c4cbb1c68a140398eef90f0a65fefc8,0.049,,,
4074,2026-05-29,SZ002304,-0.024048629699256096,EXP_LGBModel_Alpha158_csi300_custom_step0_s_20260530_16,2c4cbb1c68a140398eef90f0a65fefc8,0.049,,,
4075,2026-05-29,SZ002252,-0.026131072222528813,EXP_LGBModel_Alpha158_csi300_custom_step0_s_20260530_16,2c4cbb1c68a140398eef90f0a65fefc8,0.049,,,
4076,2026-05-29,SZ002241,0.0029836221223977395,EXP_LGBModel_Alpha158_csi300_custom_step0_s_20260530_16,2c4cbb1c68a140398eef90f0a65fefc8,0.049,,,
4077,2026-05-29,SZ002236,-0.01983779442642258,EXP_LGBModel_Alpha158_csi300_custom_step0_s_20260530_16,2c4cbb1c68a140398eef90f0a65fefc8,0.049,,,
4078,2026-05-29,SZ002230,-0.02607030414118654,EXP_LGBModel_Alpha158_csi300_custom_step0_s_20260530_16,2c4cbb1c68a140398eef90f0a65fefc8,0.049,,,
4079,2026-05-29,SZ002179,0.0054077352176488905,EXP_LGBModel_Alpha158_csi300_custom_step0_s_20260530_16,2c4cbb1c68a140398eef90f0a65fefc8,0.049,,,
4080,2026-05-29,SZ002142,-0.02872027681099227,EXP_LGBModel_Alpha158_csi300_custom_step0_s_20260530_16,2c4cbb1c68a140398eef90f0a65fefc8,0.049,,,
4081,2026-05-29,SZ002311,-0.015692448074518302,EXP_LGBModel_Alpha158_csi300_custom_step0_s_20260530_16,2c4cbb1c68a140398eef90f0a65fefc8,0.049,,,
4082,2026-05-29,SZ002074,0.0011672206138030599,EXP_LGBModel_Alpha158_csi300_custom_step0_s_20260530_16,2c4cbb1c68a140398eef90f0a65fefc8,0.049,,,
4083,2026-05-29,SZ002475,0.03416877717228425,EXP_LGBModel_Alpha158_csi300_custom_step0_s_20260530_16,2c4cbb1c68a140398eef90f0a65fefc8,0.049,,,
4084,2026-05-29,SZ002594,-0.035656206114353925,EXP_LGBModel_Alpha158_csi300_custom_step0_s_20260530_16,2c4cbb1c68a140398eef90f0a65fefc8,0.049,,,
4085,2026-05-29,SZ300122,0.002470669366069441,EXP_LGBModel_Alpha158_csi300_custom_step0_s_20260530_16,2c4cbb1c68a140398eef90f0a65fefc8,0.049,,,
4086,2026-05-29,SZ300059,-0.0033420060959369513,EXP_LGBModel_Alpha158_csi300_custom_step0_s_20260530_16,2c4cbb1c68a140398eef90f0a65fefc8,0.049,,,
4087,2026-05-29,SZ300033,-0.02403753916495383,EXP_LGBModel_Alpha158_csi300_custom_step0_s_20260530_16,2c4cbb1c68a140398eef90f0a65fefc8,0.049,,,
4088,2026-05-29,SZ300015,0.024698008656991104,EXP_LGBModel_Alpha158_csi300_custom_step0_s_20260530_16,2c4cbb1c68a140398eef90f0a65fefc8,0.049,,,
4089,2026-05-29,SZ300014,0.005542413313287827,EXP_LGBModel_Alpha158_csi300_custom_step0_s_20260530_16,2c4cbb1c68a140398eef90f0a65fefc8,0.049,,,
4090,2026-05-29,SZ003816,-0.011495560276888375,EXP_LGBModel_Alpha158_csi300_custom_step0_s_20260530_16,2c4cbb1c68a140398eef90f0a65fefc8,0.049,,,
4091,2026-05-29,SZ002938,0.034185868517232036,EXP_LGBModel_Alpha158_csi300_custom_step0_s_20260530_16,2c4cbb1c68a140398eef90f0a65fefc8,0.049,,,
4092,2026-05-29,SZ002493,0.004783231323581078,EXP_LGBModel_Alpha158_csi300_custom_step0_s_20260530_16,2c4cbb1c68a140398eef90f0a65fefc8,0.049,,,
4093,2026-05-29,SZ002920,-0.024914593969096826,EXP_LGBModel_Alpha158_csi300_custom_step0_s_20260530_16,2c4cbb1c68a140398eef90f0a65fefc8,0.049,,,
4094,2026-05-29,SZ002736,-0.01923493815514596,EXP_LGBModel_Alpha158_csi300_custom_step0_s_20260530_16,2c4cbb1c68a140398eef90f0a65fefc8,0.049,,,
4095,2026-05-29,SZ002714,-0.004851720060397244,EXP_LGBModel_Alpha158_csi300_custom_step0_s_20260530_16,2c4cbb1c68a140398eef90f0a65fefc8,0.049,,,
4096,2026-05-29,SZ002709,0.07062738483651877,EXP_LGBModel_Alpha158_csi300_custom_step0_s_20260530_16,2c4cbb1c68a140398eef90f0a65fefc8,0.049,,,
4097,2026-05-29,SZ002648,0.02448328768125394,EXP_LGBModel_Alpha158_csi300_custom_step0_s_20260530_16,2c4cbb1c68a140398eef90f0a65fefc8,0.049,,,
4098,2026-05-29,SZ002625,-0.028050886338454026,EXP_LGBModel_Alpha158_csi300_custom_step0_s_20260530_16,2c4cbb1c68a140398eef90f0a65fefc8,0.049,,,
4099,2026-05-29,SZ002601,0.02448328768125394,EXP_LGBModel_Alpha158_csi300_custom_step0_s_20260530_16,2c4cbb1c68a140398eef90f0a65fefc8,0.049,,,
4100,2026-05-29,SZ002600,-0.0021188241545195136,EXP_LGBModel_Alpha158_csi300_custom_step0_s_20260530_16,2c4cbb1c68a140398eef90f0a65fefc8,0.049,,,
4101,2026-05-29,SZ002916,0.032774262777426136,EXP_LGBModel_Alpha158_csi300_custom_step0_s_20260530_16,2c4cbb1c68a140398eef90f0a65fefc8,0.049,,,
4102,2026-05-29,SZ000063,-0.02668960129957193,EXP_LGBModel_Alpha158_csi300_custom_step0_s_20260530_16,2c4cbb1c68a140398eef90f0a65fefc8,0.049,,,
4103,2026-05-29,SZ002050,0.0054077352176488905,EXP_LGBModel_Alpha158_csi300_custom_step0_s_20260530_16,2c4cbb1c68a140398eef90f0a65fefc8,0.049,,,
4104,2026-05-29,SZ002028,-0.03135281309601133,EXP_LGBModel_Alpha158_csi300_custom_step0_s_20260530_16,2c4cbb1c68a140398eef90f0a65fefc8,0.049,,,
4105,2026-05-29,SZ000708,-0.012794293597098796,EXP_LGBModel_Alpha158_csi300_custom_step0_s_20260530_16,2c4cbb1c68a140398eef90f0a65fefc8,0.049,,,
4106,2026-05-29,SZ000661,0.006585286248006801,EXP_LGBModel_Alpha158_csi300_custom_step0_s_20260530_16,2c4cbb1c68a140398eef90f0a65fefc8,0.049,,,
4107,2026-05-29,SZ000651,0.012516437248418772,EXP_LGBModel_Alpha158_csi300_custom_step0_s_20260530_16,2c4cbb1c68a140398eef90f0a65fefc8,0.049,,,
4108,2026-05-29,SZ000630,0.02173991955311056,EXP_LGBModel_Alpha158_csi300_custom_step0_s_20260530_16,2c4cbb1c68a140398eef90f0a65fefc8,0.049,,,
4109,2026-05-29,SZ000625,0.006548406482002467,EXP_LGBModel_Alpha158_csi300_custom_step0_s_20260530_16,2c4cbb1c68a140398eef90f0a65fefc8,0.049,,,
4110,2026-05-29,SZ000617,0.019412244802846743,EXP_LGBModel_Alpha158_csi300_custom_step0_s_20260530_16,2c4cbb1c68a140398eef90f0a65fefc8,0.049,,,
4111,2026-05-29,SZ000596,0.00277497126120937,EXP_LGBModel_Alpha158_csi300_custom_step0_s_20260530_16,2c4cbb1c68a140398eef90f0a65fefc8,0.049,,,
4112,2026-05-29,SZ000725,-0.0009066078856967731,EXP_LGBModel_Alpha158_csi300_custom_step0_s_20260530_16,2c4cbb1c68a140398eef90f0a65fefc8,0.049,,,
4113,2026-05-29,SZ000568,-0.03074069020711206,EXP_LGBModel_Alpha158_csi300_custom_step0_s_20260530_16,2c4cbb1c68a140398eef90f0a65fefc8,0.049,,,
4114,2026-05-29,SZ000425,-0.020180477034497164,EXP_LGBModel_Alpha158_csi300_custom_step0_s_20260530_16,2c4cbb1c68a140398eef90f0a65fefc8,0.049,,,
4115,2026-05-29,SZ000408,0.001829995110110189,EXP_LGBModel_Alpha158_csi300_custom_step0_s_20260530_16,2c4cbb1c68a140398eef90f0a65fefc8,0.049,,,
4116,2026-05-29,SZ000338,0.11113802857802471,EXP_LGBModel_Alpha158_csi300_custom_step0_s_20260530_16,2c4cbb1c68a140398eef90f0a65fefc8,0.049,,,
4117,2026-05-29,SZ000333,0.03625558151862741,EXP_LGBModel_Alpha158_csi300_custom_step0_s_20260530_16,2c4cbb1c68a140398eef90f0a65fefc8,0.049,,,
4118,2026-05-29,SZ000301,-0.012833137910466598,EXP_LGBModel_Alpha158_csi300_custom_step0_s_20260530_16,2c4cbb1c68a140398eef90f0a65fefc8,0.049,,,
4119,2026-05-29,SZ000166,-0.02783987334473589,EXP_LGBModel_Alpha158_csi300_custom_step0_s_20260530_16,2c4cbb1c68a140398eef90f0a65fefc8,0.049,,,
4120,2026-05-29,SZ000157,-0.0005065227325417944,EXP_LGBModel_Alpha158_csi300_custom_step0_s_20260530_16,2c4cbb1c68a140398eef90f0a65fefc8,0.049,,,
4121,2026-05-29,SZ000538,-0.022076896304363207,EXP_LGBModel_Alpha158_csi300_custom_step0_s_20260530_16,2c4cbb1c68a140398eef90f0a65fefc8,0.049,,,
4122,2026-05-29,SZ002049,0.015686206477373413,EXP_LGBModel_Alpha158_csi300_custom_step0_s_20260530_16,2c4cbb1c68a140398eef90f0a65fefc8,0.049,,,
4123,2026-05-29,SZ000768,-0.03358245717557971,EXP_LGBModel_Alpha158_csi300_custom_step0_s_20260530_16,2c4cbb1c68a140398eef90f0a65fefc8,0.049,,,
4124,2026-05-29,SZ000786,-0.017825072749120503,EXP_LGBModel_Alpha158_csi300_custom_step0_s_20260530_16,2c4cbb1c68a140398eef90f0a65fefc8,0.049,,,
4125,2026-05-29,SZ002027,-0.03074069020711206,EXP_LGBModel_Alpha158_csi300_custom_step0_s_20260530_16,2c4cbb1c68a140398eef90f0a65fefc8,0.049,,,
4126,2026-05-29,SZ002001,0.0023671128542681434,EXP_LGBModel_Alpha158_csi300_custom_step0_s_20260530_16,2c4cbb1c68a140398eef90f0a65fefc8,0.049,,,
4127,2026-05-29,SZ001979,-0.024386698227069556,EXP_LGBModel_Alpha158_csi300_custom_step0_s_20260530_16,2c4cbb1c68a140398eef90f0a65fefc8,0.049,,,
4128,2026-05-29,SZ001965,0.014541297005979923,EXP_LGBModel_Alpha158_csi300_custom_step0_s_20260530_16,2c4cbb1c68a140398eef90f0a65fefc8,0.049,,,
4129,2026-05-29,SZ001391,0.000569471282401133,EXP_LGBModel_Alpha158_csi300_custom_step0_s_20260530_16,2c4cbb1c68a140398eef90f0a65fefc8,0.049,,,
4130,2026-05-29,SZ000999,-0.0274726990628649,EXP_LGBModel_Alpha158_csi300_custom_step0_s_20260530_16,2c4cbb1c68a140398eef90f0a65fefc8,0.049,,,
4131,2026-05-29,SZ000983,0.0019108481254244323,EXP_LGBModel_Alpha158_csi300_custom_step0_s_20260530_16,2c4cbb1c68a140398eef90f0a65fefc8,0.049,,,
4132,2026-05-29,SZ000776,-0.030705266748120786,EXP_LGBModel_Alpha158_csi300_custom_step0_s_20260530_16,2c4cbb1c68a140398eef90f0a65fefc8,0.049,,,
4133,2026-05-29,SZ000977,0.006548406482002467,EXP_LGBModel_Alpha158_csi300_custom_step0_s_20260530_16,2c4cbb1c68a140398eef90f0a65fefc8,0.049,,,
4134,2026-05-29,SZ000963,0.023316065918135183,EXP_LGBModel_Alpha158_csi300_custom_step0_s_20260530_16,2c4cbb1c68a140398eef90f0a65fefc8,0.049,,,
4135,2026-05-29,SZ000938,-0.0006816267726560779,EXP_LGBModel_Alpha158_csi300_custom_step0_s_20260530_16,2c4cbb1c68a140398eef90f0a65fefc8,0.049,,,
4136,2026-05-29,SZ000895,-0.02620638584065376,EXP_LGBModel_Alpha158_csi300_custom_step0_s_20260530_16,2c4cbb1c68a140398eef90f0a65fefc8,0.049,,,
4137,2026-05-29,SZ000876,-0.013691968210141629,EXP_LGBModel_Alpha158_csi300_custom_step0_s_20260530_16,2c4cbb1c68a140398eef90f0a65fefc8,0.049,,,
4138,2026-05-29,SZ000858,0.007319652772033744,EXP_LGBModel_Alpha158_csi300_custom_step0_s_20260530_16,2c4cbb1c68a140398eef90f0a65fefc8,0.049,,,
4139,2026-05-29,SZ000807,0.03914087057727516,EXP_LGBModel_Alpha158_csi300_custom_step0_s_20260530_16,2c4cbb1c68a140398eef90f0a65fefc8,0.049,,,
4140,2026-05-29,SZ000792,0.02448328768125394,EXP_LGBModel_Alpha158_csi300_custom_step0_s_20260530_16,2c4cbb1c68a140398eef90f0a65fefc8,0.049,,,
4141,2026-05-29,SZ000975,0.01216297108474665,EXP_LGBModel_Alpha158_csi300_custom_step0_s_20260530_16,2c4cbb1c68a140398eef90f0a65fefc8,0.049,,,
4142,2026-05-29,SH601360,0.006548406482002467,EXP_LGBModel_Alpha158_csi300_custom_step0_s_20260530_16,2c4cbb1c68a140398eef90f0a65fefc8,0.049,,,
4143,2026-05-29,SH601728,-0.09651115471749584,EXP_DEnsembleModel_Alpha158_csi300_custom_step0_s_20260530_14,301677fd26a84115b84075b3cab3ade8,0.078,,,
4144,2026-05-29,SH601788,-0.07989864676803896,EXP_DEnsembleModel_Alpha158_csi300_custom_step0_s_20260530_14,301677fd26a84115b84075b3cab3ade8,0.078,,,
4145,2026-05-29,SH600460,0.03725765430409769,EXP_DEnsembleModel_Alpha158_csi300_custom_step0_s_20260530_14,1310739e01884cbf950d939194a8bab6,0.074,,,
4146,2026-05-29,SH600438,-0.1419312059853888,EXP_DEnsembleModel_Alpha158_csi300_custom_step0_s_20260530_14,1310739e01884cbf950d939194a8bab6,0.074,,,
4147,2026-05-29,SH600436,-0.02694283704860591,EXP_DEnsembleModel_Alpha158_csi300_custom_step0_s_20260530_14,1310739e01884cbf950d939194a8bab6,0.074,,,
4148,2026-05-29,SH600426,0.1236723876789329,EXP_DEnsembleModel_Alpha158_csi300_custom_step0_s_20260530_14,1310739e01884cbf950d939194a8bab6,0.074,,,
4149,2026-05-29,SH600415,-0.21788249969152365,EXP_DEnsembleModel_Alpha158_csi300_custom_step0_s_20260530_14,1310739e01884cbf950d939194a8bab6,0.074,,,
4150,2026-05-29,SH600406,-0.10938479262284793,EXP_DEnsembleModel_Alpha158_csi300_custom_step0_s_20260530_14,1310739e01884cbf950d939194a8bab6,0.074,,,
4151,2026-05-29,SH600377,0.14928061155514186,EXP_DEnsembleModel_Alpha158_csi300_custom_step0_s_20260530_14,1310739e01884cbf950d939194a8bab6,0.074,,,
4152,2026-05-29,SH600372,-0.0023665242967033685,EXP_DEnsembleModel_Alpha158_csi300_custom_step0_s_20260530_14,1310739e01884cbf950d939194a8bab6,0.074,,,
4153,2026-05-29,SH600362,-0.12767755687421684,EXP_DEnsembleModel_Alpha158_csi300_custom_step0_s_20260530_14,1310739e01884cbf950d939194a8bab6,0.074,,,
4154,2026-05-29,SH600346,0.04106624718206185,EXP_DEnsembleModel_Alpha158_csi300_custom_step0_s_20260530_14,1310739e01884cbf950d939194a8bab6,0.074,,,
4155,2026-05-29,SH600309,0.010708904463442949,EXP_DEnsembleModel_Alpha158_csi300_custom_step0_s_20260530_14,1310739e01884cbf950d939194a8bab6,0.074,,,
4156,2026-05-29,SH600276,-0.06222562386742506,EXP_DEnsembleModel_Alpha158_csi300_custom_step0_s_20260530_14,1310739e01884cbf950d939194a8bab6,0.074,,,
4157,2026-05-29,SH600233,-0.0997047731932269,EXP_DEnsembleModel_Alpha158_csi300_custom_step0_s_20260530_14,1310739e01884cbf950d939194a8bab6,0.074,,,
4158,2026-05-29,SH600219,-0.08640948119069128,EXP_DEnsembleModel_Alpha158_csi300_custom_step0_s_20260530_14,1310739e01884cbf950d939194a8bab6,0.074,,,
4159,2026-05-29,SH600196,-0.0873953768073511,EXP_DEnsembleModel_Alpha158_csi300_custom_step0_s_20260530_14,1310739e01884cbf950d939194a8bab6,0.074,,,
4160,2026-05-29,SH600482,-0.08204460808235452,EXP_DEnsembleModel_Alpha158_csi300_custom_step0_s_20260530_14,1310739e01884cbf950d939194a8bab6,0.074,,,
4161,2026-05-29,SH600489,0.04990843626734265,EXP_DEnsembleModel_Alpha158_csi300_custom_step0_s_20260530_14,1310739e01884cbf950d939194a8bab6,0.074,,,
4162,2026-05-29,SH600515,-0.03949301825519197,EXP_DEnsembleModel_Alpha158_csi300_custom_step0_s_20260530_14,1310739e01884cbf950d939194a8bab6,0.074,,,
4163,2026-05-29,SH600519,-0.057212468154007164,EXP_DEnsembleModel_Alpha158_csi300_custom_step0_s_20260530_14,1310739e01884cbf950d939194a8bab6,0.074,,,
4164,2026-05-29,SH600845,-0.1971174501713082,EXP_DEnsembleModel_Alpha158_csi300_custom_step0_s_20260530_14,1310739e01884cbf950d939194a8bab6,0.074,,,
4165,2026-05-29,SH600809,-0.061937236405254566,EXP_DEnsembleModel_Alpha158_csi300_custom_step0_s_20260530_14,1310739e01884cbf950d939194a8bab6,0.074,,,
4166,2026-05-29,SH600803,-0.08057134395395797,EXP_DEnsembleModel_Alpha158_csi300_custom_step0_s_20260530_14,1310739e01884cbf950d939194a8bab6,0.074,,,
4167,2026-05-29,SH600795,0.06532458684478583,EXP_DEnsembleModel_Alpha158_csi300_custom_step0_s_20260530_14,1310739e01884cbf950d939194a8bab6,0.074,,,
4168,2026-05-29,SH600760,-0.09606062773773695,EXP_DEnsembleModel_Alpha158_csi300_custom_step0_s_20260530_14,1310739e01884cbf950d939194a8bab6,0.074,,,
4169,2026-05-29,SH600741,-0.040682423654322446,EXP_DEnsembleModel_Alpha158_csi300_custom_step0_s_20260530_14,1310739e01884cbf950d939194a8bab6,0.074,,,
4170,2026-05-29,SH600690,-0.03071207588734817,EXP_DEnsembleModel_Alpha158_csi300_custom_step0_s_20260530_14,1310739e01884cbf950d939194a8bab6,0.074,,,
4171,2026-05-29,SH600188,-0.12332989103112264,EXP_DEnsembleModel_Alpha158_csi300_custom_step0_s_20260530_14,1310739e01884cbf950d939194a8bab6,0.074,,,
4172,2026-05-29,SH600674,0.00897358198486179,EXP_DEnsembleModel_Alpha158_csi300_custom_step0_s_20260530_14,1310739e01884cbf950d939194a8bab6,0.074,,,
4173,2026-05-29,SH600600,0.06635721507673221,EXP_DEnsembleModel_Alpha158_csi300_custom_step0_s_20260530_14,1310739e01884cbf950d939194a8bab6,0.074,,,
4174,2026-05-29,SH600588,0.14512029370180388,EXP_DEnsembleModel_Alpha158_csi300_custom_step0_s_20260530_14,1310739e01884cbf950d939194a8bab6,0.074,,,
4175,2026-05-29,SH600585,0.019377911258933265,EXP_DEnsembleModel_Alpha158_csi300_custom_step0_s_20260530_14,1310739e01884cbf950d939194a8bab6,0.074,,,
4176,2026-05-29,SH600584,-0.03652227051740213,EXP_DEnsembleModel_Alpha158_csi300_custom_step0_s_20260530_14,1310739e01884cbf950d939194a8bab6,0.074,,,
4177,2026-05-29,SH600570,-0.08374410985029533,EXP_DEnsembleModel_Alpha158_csi300_custom_step0_s_20260530_14,1310739e01884cbf950d939194a8bab6,0.074,,,
4178,2026-05-29,SH600547,0.08284003659356994,EXP_DEnsembleModel_Alpha158_csi300_custom_step0_s_20260530_14,1310739e01884cbf950d939194a8bab6,0.074,,,
4179,2026-05-29,SH600522,0.04847661536300969,EXP_DEnsembleModel_Alpha158_csi300_custom_step0_s_20260530_14,1310739e01884cbf950d939194a8bab6,0.074,,,
4180,2026-05-29,SH600660,-0.05709128867151385,EXP_DEnsembleModel_Alpha158_csi300_custom_step0_s_20260530_14,1310739e01884cbf950d939194a8bab6,0.074,,,
4181,2026-05-29,SH600183,-0.3014354695970707,EXP_DEnsembleModel_Alpha158_csi300_custom_step0_s_20260530_14,1310739e01884cbf950d939194a8bab6,0.074,,,
4182,2026-05-29,SH600176,-0.13487830154653524,EXP_DEnsembleModel_Alpha158_csi300_custom_step0_s_20260530_14,1310739e01884cbf950d939194a8bab6,0.074,,,
4183,2026-05-29,SH600161,-0.024149561052341617,EXP_DEnsembleModel_Alpha158_csi300_custom_step0_s_20260530_14,1310739e01884cbf950d939194a8bab6,0.074,,,
4184,2026-05-29,SH600023,0.01616297252481707,EXP_DEnsembleModel_Alpha158_csi300_custom_step0_s_20260530_14,1310739e01884cbf950d939194a8bab6,0.074,,,
4185,2026-05-29,SH600019,0.07304528918125004,EXP_DEnsembleModel_Alpha158_csi300_custom_step0_s_20260530_14,1310739e01884cbf950d939194a8bab6,0.074,,,
4186,2026-05-29,SH600018,0.12486183878368871,EXP_DEnsembleModel_Alpha158_csi300_custom_step0_s_20260530_14,1310739e01884cbf950d939194a8bab6,0.074,,,
4187,2026-05-29,SH600016,0.003947463561214303,EXP_DEnsembleModel_Alpha158_csi300_custom_step0_s_20260530_14,1310739e01884cbf950d939194a8bab6,0.074,,,
4188,2026-05-29,SH600015,-0.04493367777515367,EXP_DEnsembleModel_Alpha158_csi300_custom_step0_s_20260530_14,1310739e01884cbf950d939194a8bab6,0.074,,,
4189,2026-05-29,SH600011,0.11100123007215805,EXP_DEnsembleModel_Alpha158_csi300_custom_step0_s_20260530_14,1310739e01884cbf950d939194a8bab6,0.074,,,
4190,2026-05-29,SH600010,-0.09387384324868593,EXP_DEnsembleModel_Alpha158_csi300_custom_step0_s_20260530_14,1310739e01884cbf950d939194a8bab6,0.074,,,
4191,2026-05-29,SH600025,0.08303049365080509,EXP_DEnsembleModel_Alpha158_csi300_custom_step0_s_20260530_14,1310739e01884cbf950d939194a8bab6,0.074,,,
4192,2026-05-29,SH600009,-0.040233100510604504,EXP_DEnsembleModel_Alpha158_csi300_custom_step0_s_20260530_14,1310739e01884cbf950d939194a8bab6,0.074,,,
4193,2026-05-29,SZ302132,-0.1668235494833462,EXP_DEnsembleModel_Alpha158_csi300_custom_step0_s_20260530_14,301677fd26a84115b84075b3cab3ade8,0.078,,,
4194,2026-05-29,SZ301269,0.12357446644084369,EXP_DEnsembleModel_Alpha158_csi300_custom_step0_s_20260530_14,301677fd26a84115b84075b3cab3ade8,0.078,,,
4195,2026-05-29,SZ301236,0.047003533156356705,EXP_DEnsembleModel_Alpha158_csi300_custom_step0_s_20260530_14,301677fd26a84115b84075b3cab3ade8,0.078,,,
4196,2026-05-29,SZ300999,-0.03456073656391663,EXP_DEnsembleModel_Alpha158_csi300_custom_step0_s_20260530_14,301677fd26a84115b84075b3cab3ade8,0.078,,,
4197,2026-05-29,SZ300979,-0.034288721201847686,EXP_DEnsembleModel_Alpha158_csi300_custom_step0_s_20260530_14,301677fd26a84115b84075b3cab3ade8,0.078,,,
4198,2026-05-29,SZ300896,0.03155178375789955,EXP_DEnsembleModel_Alpha158_csi300_custom_step0_s_20260530_14,301677fd26a84115b84075b3cab3ade8,0.078,,,
4199,2026-05-29,SZ300866,-0.14166539793127633,EXP_DEnsembleModel_Alpha158_csi300_custom_step0_s_20260530_14,301677fd26a84115b84075b3cab3ade8,0.078,,,
4200,2026-05-29,SH600000,-0.04730202053294886,EXP_DEnsembleModel_Alpha158_csi300_custom_step0_s_20260530_14,1310739e01884cbf950d939194a8bab6,0.074,,,
4201,2026-05-29,SH600875,-0.20106646992461844,EXP_DEnsembleModel_Alpha158_csi300_custom_step0_s_20260530_14,1310739e01884cbf950d939194a8bab6,0.074,,,
4202,2026-05-29,SH600026,-0.039644127915211116,EXP_DEnsembleModel_Alpha158_csi300_custom_step0_s_20260530_14,1310739e01884cbf950d939194a8bab6,0.074,,,
4203,2026-05-29,SH600028,-0.09910336172504898,EXP_DEnsembleModel_Alpha158_csi300_custom_step0_s_20260530_14,1310739e01884cbf950d939194a8bab6,0.074,,,
4204,2026-05-29,SH600160,-0.14721128802149655,EXP_DEnsembleModel_Alpha158_csi300_custom_step0_s_20260530_14,1310739e01884cbf950d939194a8bab6,0.074,,,
4205,2026-05-29,SH600150,-0.008361984059022535,EXP_DEnsembleModel_Alpha158_csi300_custom_step0_s_20260530_14,1310739e01884cbf950d939194a8bab6,0.074,,,
4206,2026-05-29,SH600115,-0.16666813103567843,EXP_DEnsembleModel_Alpha158_csi300_custom_step0_s_20260530_14,1310739e01884cbf950d939194a8bab6,0.074,,,
4207,2026-05-29,SH600111,-0.15833179962828314,EXP_DEnsembleModel_Alpha158_csi300_custom_step0_s_20260530_14,1310739e01884cbf950d939194a8bab6,0.074,,,
4208,2026-05-29,SH600104,-0.07648822169375322,EXP_DEnsembleModel_Alpha158_csi300_custom_step0_s_20260530_14,1310739e01884cbf950d939194a8bab6,0.074,,,
4209,2026-05-29,SH600089,-0.07542122822596006,EXP_DEnsembleModel_Alpha158_csi300_custom_step0_s_20260530_14,1310739e01884cbf950d939194a8bab6,0.074,,,
4210,2026-05-29,SH600085,-0.05796448451298116,EXP_DEnsembleModel_Alpha158_csi300_custom_step0_s_20260530_14,1310739e01884cbf950d939194a8bab6,0.074,,,
4211,2026-05-29,SH600027,0.024792271729768816,EXP_DEnsembleModel_Alpha158_csi300_custom_step0_s_20260530_14,1310739e01884cbf950d939194a8bab6,0.074,,,
4212,2026-05-29,SH600066,-0.01683768040014788,EXP_DEnsembleModel_Alpha158_csi300_custom_step0_s_20260530_14,1310739e01884cbf950d939194a8bab6,0.074,,,
4213,2026-05-29,SH600050,-0.08017025496964876,EXP_DEnsembleModel_Alpha158_csi300_custom_step0_s_20260530_14,1310739e01884cbf950d939194a8bab6,0.074,,,
4214,2026-05-29,SH600048,-0.07247985675653408,EXP_DEnsembleModel_Alpha158_csi300_custom_step0_s_20260530_14,1310739e01884cbf950d939194a8bab6,0.074,,,
4215,2026-05-29,SH600039,-0.0630141093571938,EXP_DEnsembleModel_Alpha158_csi300_custom_step0_s_20260530_14,1310739e01884cbf950d939194a8bab6,0.074,,,
4216,2026-05-29,SH600036,0.024697260268651846,EXP_DEnsembleModel_Alpha158_csi300_custom_step0_s_20260530_14,1310739e01884cbf950d939194a8bab6,0.074,,,
4217,2026-05-29,SH600031,-0.0822572033395903,EXP_DEnsembleModel_Alpha158_csi300_custom_step0_s_20260530_14,1310739e01884cbf950d939194a8bab6,0.074,,,
4218,2026-05-29,SH600030,-0.001156875988168724,EXP_DEnsembleModel_Alpha158_csi300_custom_step0_s_20260530_14,1310739e01884cbf950d939194a8bab6,0.074,,,
4219,2026-05-29,SH600029,-0.10214772289637679,EXP_DEnsembleModel_Alpha158_csi300_custom_step0_s_20260530_14,1310739e01884cbf950d939194a8bab6,0.074,,,
4220,2026-05-29,SH600061,0.01823718400889041,EXP_DEnsembleModel_Alpha158_csi300_custom_step0_s_20260530_14,1310739e01884cbf950d939194a8bab6,0.074,,,
4221,2026-05-29,SH600886,0.023190081848762055,EXP_DEnsembleModel_Alpha158_csi300_custom_step0_s_20260530_14,1310739e01884cbf950d939194a8bab6,0.074,,,
4222,2026-05-29,SH600887,-0.02144530247117202,EXP_DEnsembleModel_Alpha158_csi300_custom_step0_s_20260530_14,1310739e01884cbf950d939194a8bab6,0.074,,,
4223,2026-05-29,SH600893,0.009061302198708656,EXP_DEnsembleModel_Alpha158_csi300_custom_step0_s_20260530_14,1310739e01884cbf950d939194a8bab6,0.074,,,
4224,2026-05-29,SH601688,0.014492932529337317,EXP_DEnsembleModel_Alpha158_csi300_custom_step0_s_20260530_14,1310739e01884cbf950d939194a8bab6,0.074,,,
4225,2026-05-29,SH601669,-0.09584280467175134,EXP_DEnsembleModel_Alpha158_csi300_custom_step0_s_20260530_14,1310739e01884cbf950d939194a8bab6,0.074,,,
4226,2026-05-29,SH601668,0.07366879730796304,EXP_DEnsembleModel_Alpha158_csi300_custom_step0_s_20260530_14,1310739e01884cbf950d939194a8bab6,0.074,,,
4227,2026-05-29,SH601658,0.07653936208661319,EXP_DEnsembleModel_Alpha158_csi300_custom_step0_s_20260530_14,1310739e01884cbf950d939194a8bab6,0.074,,,
4228,2026-05-29,SH601633,0.012628223758325206,EXP_DEnsembleModel_Alpha158_csi300_custom_step0_s_20260530_14,1310739e01884cbf950d939194a8bab6,0.074,,,
4229,2026-05-29,SH601628,-0.08581029101090555,EXP_DEnsembleModel_Alpha158_csi300_custom_step0_s_20260530_14,1310739e01884cbf950d939194a8bab6,0.074,,,
4230,2026-05-29,SH601618,0.015414664084676446,EXP_DEnsembleModel_Alpha158_csi300_custom_step0_s_20260530_14,1310739e01884cbf950d939194a8bab6,0.074,,,
4231,2026-05-29,SH601689,-0.051814348333611655,EXP_DEnsembleModel_Alpha158_csi300_custom_step0_s_20260530_14,1310739e01884cbf950d939194a8bab6,0.074,,,
4232,2026-05-29,SH601607,0.0761516001563422,EXP_DEnsembleModel_Alpha158_csi300_custom_step0_s_20260530_14,1310739e01884cbf950d939194a8bab6,0.074,,,
4233,2026-05-29,SH601600,-0.15036004142466294,EXP_DEnsembleModel_Alpha158_csi300_custom_step0_s_20260530_14,1310739e01884cbf950d939194a8bab6,0.074,,,
4234,2026-05-29,SH601456,-0.030206585361936888,EXP_DEnsembleModel_Alpha158_csi300_custom_step0_s_20260530_14,1310739e01884cbf950d939194a8bab6,0.074,,,
4235,2026-05-29,SH601398,0.09899732431780964,EXP_DEnsembleModel_Alpha158_csi300_custom_step0_s_20260530_14,1310739e01884cbf950d939194a8bab6,0.074,,,
4236,2026-05-29,SH601390,-0.0704235844266817,EXP_DEnsembleModel_Alpha158_csi300_custom_step0_s_20260530_14,1310739e01884cbf950d939194a8bab6,0.074,,,
4237,2026-05-29,SH601377,0.02418799191581256,EXP_DEnsembleModel_Alpha158_csi300_custom_step0_s_20260530_14,1310739e01884cbf950d939194a8bab6,0.074,,,
4238,2026-05-29,SH601360,-0.05686301060158907,EXP_DEnsembleModel_Alpha158_csi300_custom_step0_s_20260530_14,1310739e01884cbf950d939194a8bab6,0.074,,,
4239,2026-05-29,SH601336,-0.059881919679706026,EXP_DEnsembleModel_Alpha158_csi300_custom_step0_s_20260530_14,1310739e01884cbf950d939194a8bab6,0.074,,,
4240,2026-05-29,SH601601,-0.07608924539939366,EXP_DEnsembleModel_Alpha158_csi300_custom_step0_s_20260530_14,1310739e01884cbf950d939194a8bab6,0.074,,,
4241,2026-05-29,SH601328,0.055173953701444504,EXP_DEnsembleModel_Alpha158_csi300_custom_step0_s_20260530_14,1310739e01884cbf950d939194a8bab6,0.074,,,
4242,2026-05-29,SH601698,0.004714940332398434,EXP_DEnsembleModel_Alpha158_csi300_custom_step0_s_20260530_14,1310739e01884cbf950d939194a8bab6,0.074,,,
4243,2026-05-29,SH601766,0.05915240577055558,EXP_DEnsembleModel_Alpha158_csi300_custom_step0_s_20260530_14,1310739e01884cbf950d939194a8bab6,0.074,,,
4244,2026-05-29,SH601899,-0.05053950460947138,EXP_DEnsembleModel_Alpha158_csi300_custom_step0_s_20260530_14,1310739e01884cbf950d939194a8bab6,0.074,,,
4245,2026-05-29,SH601898,-0.1283866339569483,EXP_DEnsembleModel_Alpha158_csi300_custom_step0_s_20260530_14,1310739e01884cbf950d939194a8bab6,0.074,,,
4246,2026-05-29,SH601888,-0.03387309965865587,EXP_DEnsembleModel_Alpha158_csi300_custom_step0_s_20260530_14,1310739e01884cbf950d939194a8bab6,0.074,,,
4247,2026-05-29,SH601881,0.005755556921324339,EXP_DEnsembleModel_Alpha158_csi300_custom_step0_s_20260530_14,1310739e01884cbf950d939194a8bab6,0.074,,,
4248,2026-05-29,SH601878,0.03481898052406995,EXP_DEnsembleModel_Alpha158_csi300_custom_step0_s_20260530_14,1310739e01884cbf950d939194a8bab6,0.074,,,
4249,2026-05-29,SH601877,-0.016475975893212823,EXP_DEnsembleModel_Alpha158_csi300_custom_step0_s_20260530_14,1310739e01884cbf950d939194a8bab6,0.074,,,
4250,2026-05-29,SH601872,-0.020472599032569715,EXP_DEnsembleModel_Alpha158_csi300_custom_step0_s_20260530_14,1310739e01884cbf950d939194a8bab6,0.074,,,
4251,2026-05-29,SH601728,-0.09188422535860342,EXP_DEnsembleModel_Alpha158_csi300_custom_step0_s_20260530_14,1310739e01884cbf950d939194a8bab6,0.074,,,
4252,2026-05-29,SH601868,-0.031905611225543765,EXP_DEnsembleModel_Alpha158_csi300_custom_step0_s_20260530_14,1310739e01884cbf950d939194a8bab6,0.074,,,
4253,2026-05-29,SH601838,0.0546056223734852,EXP_DEnsembleModel_Alpha158_csi300_custom_step0_s_20260530_14,1310739e01884cbf950d939194a8bab6,0.074,,,
4254,2026-05-29,SH601825,0.04394777446715245,EXP_DEnsembleModel_Alpha158_csi300_custom_step0_s_20260530_14,1310739e01884cbf950d939194a8bab6,0.074,,,
4255,2026-05-29,SH601818,0.09406204800863736,EXP_DEnsembleModel_Alpha158_csi300_custom_step0_s_20260530_14,1310739e01884cbf950d939194a8bab6,0.074,,,
4256,2026-05-29,SH601816,0.03665373861810583,EXP_DEnsembleModel_Alpha158_csi300_custom_step0_s_20260530_14,1310739e01884cbf950d939194a8bab6,0.074,,,
4257,2026-05-29,SH601808,0.02536310728819491,EXP_DEnsembleModel_Alpha158_csi300_custom_step0_s_20260530_14,1310739e01884cbf950d939194a8bab6,0.074,,,
4258,2026-05-29,SH601800,-0.07293510118820906,EXP_DEnsembleModel_Alpha158_csi300_custom_step0_s_20260530_14,1310739e01884cbf950d939194a8bab6,0.074,,,
4259,2026-05-29,SH601788,-0.04195945446418665,EXP_DEnsembleModel_Alpha158_csi300_custom_step0_s_20260530_14,1310739e01884cbf950d939194a8bab6,0.074,,,
4260,2026-05-29,SH601857,-0.06630204471978786,EXP_DEnsembleModel_Alpha158_csi300_custom_step0_s_20260530_14,1310739e01884cbf950d939194a8bab6,0.074,,,
4261,2026-05-29,SZ300832,-0.1298771585519069,EXP_DEnsembleModel_Alpha158_csi300_custom_step0_s_20260530_14,301677fd26a84115b84075b3cab3ade8,0.078,,,
4262,2026-05-29,SH601319,-0.010974384256711272,EXP_DEnsembleModel_Alpha158_csi300_custom_step0_s_20260530_14,1310739e01884cbf950d939194a8bab6,0.074,,,
4263,2026-05-29,SH601298,0.002376873356206693,EXP_DEnsembleModel_Alpha158_csi300_custom_step0_s_20260530_14,1310739e01884cbf950d939194a8bab6,0.074,,,
4264,2026-05-29,SH601021,-0.020822845930360632,EXP_DEnsembleModel_Alpha158_csi300_custom_step0_s_20260530_14,1310739e01884cbf950d939194a8bab6,0.074,,,
4265,2026-05-29,SH601018,-0.0020319467202388223,EXP_DEnsembleModel_Alpha158_csi300_custom_step0_s_20260530_14,1310739e01884cbf950d939194a8bab6,0.074,,,
4266,2026-05-29,SH601012,0.11115328805933537,EXP_DEnsembleModel_Alpha158_csi300_custom_step0_s_20260530_14,1310739e01884cbf950d939194a8bab6,0.074,,,
4267,2026-05-29,SH601009,-0.028362017508862688,EXP_DEnsembleModel_Alpha158_csi300_custom_step0_s_20260530_14,1310739e01884cbf950d939194a8bab6,0.074,,,
4268,2026-05-29,SH601006,0.032575162652531374,EXP_DEnsembleModel_Alpha158_csi300_custom_step0_s_20260530_14,1310739e01884cbf950d939194a8bab6,0.074,,,
4269,2026-05-29,SH600999,0.08831658229437526,EXP_DEnsembleModel_Alpha158_csi300_custom_step0_s_20260530_14,1310739e01884cbf950d939194a8bab6,0.074,,,
4270,2026-05-29,SH600989,-0.01141596315880397,EXP_DEnsembleModel_Alpha158_csi300_custom_step0_s_20260530_14,1310739e01884cbf950d939194a8bab6,0.074,,,
4271,2026-05-29,SH601058,-0.04961298007537986,EXP_DEnsembleModel_Alpha158_csi300_custom_step0_s_20260530_14,1310739e01884cbf950d939194a8bab6,0.074,,,
4272,2026-05-29,SH600958,-0.11878582575442462,EXP_DEnsembleModel_Alpha158_csi300_custom_step0_s_20260530_14,1310739e01884cbf950d939194a8bab6,0.074,,,
4273,2026-05-29,SH600938,-0.04886497974557562,EXP_DEnsembleModel_Alpha158_csi300_custom_step0_s_20260530_14,1310739e01884cbf950d939194a8bab6,0.074,,,
4274,2026-05-29,SH600930,-0.045554061234921985,EXP_DEnsembleModel_Alpha158_csi300_custom_step0_s_20260530_14,1310739e01884cbf950d939194a8bab6,0.074,,,
4275,2026-05-29,SH600926,0.010157439845495506,EXP_DEnsembleModel_Alpha158_csi300_custom_step0_s_20260530_14,1310739e01884cbf950d939194a8bab6,0.074,,,
4276,2026-05-29,SH600919,0.13435053713400363,EXP_DEnsembleModel_Alpha158_csi300_custom_step0_s_20260530_14,1310739e01884cbf950d939194a8bab6,0.074,,,
4277,2026-05-29,SH600918,-0.0047585256041996525,EXP_DEnsembleModel_Alpha158_csi300_custom_step0_s_20260530_14,1310739e01884cbf950d939194a8bab6,0.074,,,
4278,2026-05-29,SH600905,0.0820114654778403,EXP_DEnsembleModel_Alpha158_csi300_custom_step0_s_20260530_14,1310739e01884cbf950d939194a8bab6,0.074,,,
4279,2026-05-29,SH600900,0.11091620095610488,EXP_DEnsembleModel_Alpha158_csi300_custom_step0_s_20260530_14,1310739e01884cbf950d939194a8bab6,0.074,,,
4280,2026-05-29,SH600941,0.014186741068871573,EXP_DEnsembleModel_Alpha158_csi300_custom_step0_s_20260530_14,1310739e01884cbf950d939194a8bab6,0.074,,,
4281,2026-05-29,SH601318,-0.04809871939928345,EXP_DEnsembleModel_Alpha158_csi300_custom_step0_s_20260530_14,1310739e01884cbf950d939194a8bab6,0.074,,,
4282,2026-05-29,SH601059,0.1318795828952409,EXP_DEnsembleModel_Alpha158_csi300_custom_step0_s_20260530_14,1310739e01884cbf950d939194a8bab6,0.074,,,
4283,2026-05-29,SH601077,0.03712485117902003,EXP_DEnsembleModel_Alpha158_csi300_custom_step0_s_20260530_14,1310739e01884cbf950d939194a8bab6,0.074,,,
4284,2026-05-29,SH601288,-0.09110867104700959,EXP_DEnsembleModel_Alpha158_csi300_custom_step0_s_20260530_14,1310739e01884cbf950d939194a8bab6,0.074,,,
4285,2026-05-29,SH601238,0.01000955341579921,EXP_DEnsembleModel_Alpha158_csi300_custom_step0_s_20260530_14,1310739e01884cbf950d939194a8bab6,0.074,,,
4286,2026-05-29,SH601236,-0.003400730042655322,EXP_DEnsembleModel_Alpha158_csi300_custom_step0_s_20260530_14,1310739e01884cbf950d939194a8bab6,0.074,,,
4287,2026-05-29,SH601229,-0.013601891585374318,EXP_DEnsembleModel_Alpha158_csi300_custom_step0_s_20260530_14,1310739e01884cbf950d939194a8bab6,0.074,,,
4288,2026-05-29,SH601225,-0.0949314173717659,EXP_DEnsembleModel_Alpha158_csi300_custom_step0_s_20260530_14,1310739e01884cbf950d939194a8bab6,0.074,,,
4289,2026-05-29,SH601211,-0.057550100915549386,EXP_DEnsembleModel_Alpha158_csi300_custom_step0_s_20260530_14,1310739e01884cbf950d939194a8bab6,0.074,,,
4290,2026-05-29,SH601186,-0.019922317827611957,EXP_DEnsembleModel_Alpha158_csi300_custom_step0_s_20260530_14,1310739e01884cbf950d939194a8bab6,0.074,,,
4291,2026-05-29,SH601066,0.027136084468114132,EXP_DEnsembleModel_Alpha158_csi300_custom_step0_s_20260530_14,1310739e01884cbf950d939194a8bab6,0.074,,,
4292,2026-05-29,SH601169,0.007762547128905272,EXP_DEnsembleModel_Alpha158_csi300_custom_step0_s_20260530_14,1310739e01884cbf950d939194a8bab6,0.074,,,
4293,2026-05-29,SH601138,-0.16339764909767343,EXP_DEnsembleModel_Alpha158_csi300_custom_step0_s_20260530_14,1310739e01884cbf950d939194a8bab6,0.074,,,
4294,2026-05-29,SH601136,-0.12090540860734125,EXP_DEnsembleModel_Alpha158_csi300_custom_step0_s_20260530_14,1310739e01884cbf950d939194a8bab6,0.074,,,
4295,2026-05-29,SH601127,-0.12725287170739233,EXP_DEnsembleModel_Alpha158_csi300_custom_step0_s_20260530_14,1310739e01884cbf950d939194a8bab6,0.074,,,
4296,2026-05-29,SH601117,-0.04908043095405363,EXP_DEnsembleModel_Alpha158_csi300_custom_step0_s_20260530_14,1310739e01884cbf950d939194a8bab6,0.074,,,
4297,2026-05-29,SH601111,-0.06971778876968625,EXP_DEnsembleModel_Alpha158_csi300_custom_step0_s_20260530_14,1310739e01884cbf950d939194a8bab6,0.074,,,
4298,2026-05-29,SH601100,-0.025561869253103126,EXP_DEnsembleModel_Alpha158_csi300_custom_step0_s_20260530_14,1310739e01884cbf950d939194a8bab6,0.074,,,
4299,2026-05-29,SH601088,-0.0077145644779918815,EXP_DEnsembleModel_Alpha158_csi300_custom_step0_s_20260530_14,1310739e01884cbf950d939194a8bab6,0.074,,,
4300,2026-05-29,SH601166,-0.0017670639031397409,EXP_DEnsembleModel_Alpha158_csi300_custom_step0_s_20260530_14,1310739e01884cbf950d939194a8bab6,0.074,,,
4301,2026-05-29,SZ300803,-0.1930804094967999,EXP_DEnsembleModel_Alpha158_csi300_custom_step0_s_20260530_14,301677fd26a84115b84075b3cab3ade8,0.078,,,
4302,2026-05-29,SZ300782,0.2193456666501726,EXP_DEnsembleModel_Alpha158_csi300_custom_step0_s_20260530_14,301677fd26a84115b84075b3cab3ade8,0.078,,,
4303,2026-05-29,SZ300760,-0.10384018641300759,EXP_DEnsembleModel_Alpha158_csi300_custom_step0_s_20260530_14,301677fd26a84115b84075b3cab3ade8,0.078,,,
4304,2026-05-29,SH688506,0.08274266774986733,EXP_DEnsembleModel_Alpha158_csi300_custom_step0_s_20260530_14,301677fd26a84115b84075b3cab3ade8,0.078,,,
4305,2026-05-29,SH688472,-0.1061500786430844,EXP_DEnsembleModel_Alpha158_csi300_custom_step0_s_20260530_14,301677fd26a84115b84075b3cab3ade8,0.078,,,
4306,2026-05-29,SH688396,0.014667457588580046,EXP_DEnsembleModel_Alpha158_csi300_custom_step0_s_20260530_14,301677fd26a84115b84075b3cab3ade8,0.078,,,
4307,2026-05-29,SH688303,0.012693750156758053,EXP_DEnsembleModel_Alpha158_csi300_custom_step0_s_20260530_14,301677fd26a84115b84075b3cab3ade8,0.078,,,
4308,2026-05-29,SH688271,0.007838893354917605,EXP_DEnsembleModel_Alpha158_csi300_custom_step0_s_20260530_14,301677fd26a84115b84075b3cab3ade8,0.078,,,
4309,2026-05-29,SH688256,0.06891021890638781,EXP_DEnsembleModel_Alpha158_csi300_custom_step0_s_20260530_14,301677fd26a84115b84075b3cab3ade8,0.078,,,
4310,2026-05-29,SH688223,0.014226709884100514,EXP_DEnsembleModel_Alpha158_csi300_custom_step0_s_20260530_14,301677fd26a84115b84075b3cab3ade8,0.078,,,
4311,2026-05-29,SH688981,0.13287622440678684,EXP_DEnsembleModel_Alpha158_csi300_custom_step0_s_20260530_14,301677fd26a84115b84075b3cab3ade8,0.078,,,
4312,2026-05-29,SH688187,0.06515437249923714,EXP_DEnsembleModel_Alpha158_csi300_custom_step0_s_20260530_14,301677fd26a84115b84075b3cab3ade8,0.078,,,
4313,2026-05-29,SH688126,0.02730635701043765,EXP_DEnsembleModel_Alpha158_csi300_custom_step0_s_20260530_14,301677fd26a84115b84075b3cab3ade8,0.078,,,
4314,2026-05-29,SH688111,-0.08266244780528077,EXP_DEnsembleModel_Alpha158_csi300_custom_step0_s_20260530_14,301677fd26a84115b84075b3cab3ade8,0.078,,,
4315,2026-05-29,SH688082,0.23647250046390458,EXP_DEnsembleModel_Alpha158_csi300_custom_step0_s_20260530_14,301677fd26a84115b84075b3cab3ade8,0.078,,,
4316,2026-05-29,SH688047,0.031073991339448135,EXP_DEnsembleModel_Alpha158_csi300_custom_step0_s_20260530_14,301677fd26a84115b84075b3cab3ade8,0.078,,,
4317,2026-05-29,SH688041,0.2689672341486447,EXP_DEnsembleModel_Alpha158_csi300_custom_step0_s_20260530_14,301677fd26a84115b84075b3cab3ade8,0.078,,,
4318,2026-05-29,SH688036,0.02325645309548687,EXP_DEnsembleModel_Alpha158_csi300_custom_step0_s_20260530_14,301677fd26a84115b84075b3cab3ade8,0.078,,,
4319,2026-05-29,SH688012,0.06603644176845919,EXP_DEnsembleModel_Alpha158_csi300_custom_step0_s_20260530_14,301677fd26a84115b84075b3cab3ade8,0.078,,,
4320,2026-05-29,SH688169,-0.08494170760492173,EXP_DEnsembleModel_Alpha158_csi300_custom_step0_s_20260530_14,301677fd26a84115b84075b3cab3ade8,0.078,,,
4321,2026-05-29,SH688009,0.011804715927112753,EXP_DEnsembleModel_Alpha158_csi300_custom_step0_s_20260530_14,301677fd26a84115b84075b3cab3ade8,0.078,,,
4322,2026-05-29,SZ000001,0.004715499820252746,EXP_DEnsembleModel_Alpha158_csi300_custom_step0_s_20260530_14,301677fd26a84115b84075b3cab3ade8,0.078,,,
4323,2026-05-29,SZ000063,-0.010015520682778138,EXP_DEnsembleModel_Alpha158_csi300_custom_step0_s_20260530_14,301677fd26a84115b84075b3cab3ade8,0.078,,,
4324,2026-05-29,SZ000661,-0.14982796019479655,EXP_DEnsembleModel_Alpha158_csi300_custom_step0_s_20260530_14,301677fd26a84115b84075b3cab3ade8,0.078,,,
4325,2026-05-29,SZ000651,0.0741292690107854,EXP_DEnsembleModel_Alpha158_csi300_custom_step0_s_20260530_14,301677fd26a84115b84075b3cab3ade8,0.078,,,
4326,2026-05-29,SZ000630,-0.024650578496186636,EXP_DEnsembleModel_Alpha158_csi300_custom_step0_s_20260530_14,301677fd26a84115b84075b3cab3ade8,0.078,,,
4327,2026-05-29,SZ000625,-0.04340108577583996,EXP_DEnsembleModel_Alpha158_csi300_custom_step0_s_20260530_14,301677fd26a84115b84075b3cab3ade8,0.078,,,
4328,2026-05-29,SZ000617,-0.08046355347610228,EXP_DEnsembleModel_Alpha158_csi300_custom_step0_s_20260530_14,301677fd26a84115b84075b3cab3ade8,0.078,,,
4329,2026-05-29,SZ000596,-0.10915908651014998,EXP_DEnsembleModel_Alpha158_csi300_custom_step0_s_20260530_14,301677fd26a84115b84075b3cab3ade8,0.078,,,
4330,2026-05-29,SZ000568,-0.04585007795598547,EXP_DEnsembleModel_Alpha158_csi300_custom_step0_s_20260530_14,301677fd26a84115b84075b3cab3ade8,0.078,,,
4331,2026-05-29,SZ000002,0.06278202955689065,EXP_DEnsembleModel_Alpha158_csi300_custom_step0_s_20260530_14,301677fd26a84115b84075b3cab3ade8,0.078,,,
4332,2026-05-29,SZ000538,0.045929920421208775,EXP_DEnsembleModel_Alpha158_csi300_custom_step0_s_20260530_14,301677fd26a84115b84075b3cab3ade8,0.078,,,
4333,2026-05-29,SZ000408,-0.1217667428160877,EXP_DEnsembleModel_Alpha158_csi300_custom_step0_s_20260530_14,301677fd26a84115b84075b3cab3ade8,0.078,,,
4334,2026-05-29,SZ000338,-0.1144052638946284,EXP_DEnsembleModel_Alpha158_csi300_custom_step0_s_20260530_14,301677fd26a84115b84075b3cab3ade8,0.078,,,
4335,2026-05-29,SZ000333,0.04910784669331709,EXP_DEnsembleModel_Alpha158_csi300_custom_step0_s_20260530_14,301677fd26a84115b84075b3cab3ade8,0.078,,,
4336,2026-05-29,SZ000301,0.005963985482402403,EXP_DEnsembleModel_Alpha158_csi300_custom_step0_s_20260530_14,301677fd26a84115b84075b3cab3ade8,0.078,,,
4337,2026-05-29,SZ000166,-0.02002346430985256,EXP_DEnsembleModel_Alpha158_csi300_custom_step0_s_20260530_14,301677fd26a84115b84075b3cab3ade8,0.078,,,
4338,2026-05-29,SZ000157,-0.006204523448502827,EXP_DEnsembleModel_Alpha158_csi300_custom_step0_s_20260530_14,301677fd26a84115b84075b3cab3ade8,0.078,,,
4339,2026-05-29,SZ000100,-0.0598311279852529,EXP_DEnsembleModel_Alpha158_csi300_custom_step0_s_20260530_14,301677fd26a84115b84075b3cab3ade8,0.078,,,
4340,2026-05-29,SZ000425,0.013436933664858954,EXP_DEnsembleModel_Alpha158_csi300_custom_step0_s_20260530_14,301677fd26a84115b84075b3cab3ade8,0.078,,,
4341,2026-05-29,SZ000708,-0.04982444876275653,EXP_DEnsembleModel_Alpha158_csi300_custom_step0_s_20260530_14,301677fd26a84115b84075b3cab3ade8,0.078,,,
4342,2026-05-29,SH688008,0.15953565565914346,EXP_DEnsembleModel_Alpha158_csi300_custom_step0_s_20260530_14,301677fd26a84115b84075b3cab3ade8,0.078,,,
4343,2026-05-29,SH605117,-0.09283905160453372,EXP_DEnsembleModel_Alpha158_csi300_custom_step0_s_20260530_14,301677fd26a84115b84075b3cab3ade8,0.078,,,
4344,2026-05-29,SH601901,0.003394290148002124,EXP_DEnsembleModel_Alpha158_csi300_custom_step0_s_20260530_14,301677fd26a84115b84075b3cab3ade8,0.078,,,
4345,2026-05-29,SH601899,-0.14482188499690682,EXP_DEnsembleModel_Alpha158_csi300_custom_step0_s_20260530_14,301677fd26a84115b84075b3cab3ade8,0.078,,,
4346,2026-05-29,SH601898,-0.04349794006050483,EXP_DEnsembleModel_Alpha158_csi300_custom_step0_s_20260530_14,301677fd26a84115b84075b3cab3ade8,0.078,,,
4347,2026-05-29,SH601888,-0.012079647207329094,EXP_DEnsembleModel_Alpha158_csi300_custom_step0_s_20260530_14,301677fd26a84115b84075b3cab3ade8,0.078,,,
4348,2026-05-29,SH601881,-0.049914646391163976,EXP_DEnsembleModel_Alpha158_csi300_custom_step0_s_20260530_14,301677fd26a84115b84075b3cab3ade8,0.078,,,
4349,2026-05-29,SH601878,-0.0009533681380393456,EXP_DEnsembleModel_Alpha158_csi300_custom_step0_s_20260530_14,301677fd26a84115b84075b3cab3ade8,0.078,,,
4350,2026-05-29,SH601877,0.003324267191161891,EXP_DEnsembleModel_Alpha158_csi300_custom_step0_s_20260530_14,301677fd26a84115b84075b3cab3ade8,0.078,,,
4351,2026-05-29,SH601916,0.12143047244967749,EXP_DEnsembleModel_Alpha158_csi300_custom_step0_s_20260530_14,301677fd26a84115b84075b3cab3ade8,0.078,,,
4352,2026-05-29,SH601872,-0.06747628262675673,EXP_DEnsembleModel_Alpha158_csi300_custom_step0_s_20260530_14,301677fd26a84115b84075b3cab3ade8,0.078,,,
4353,2026-05-29,SH601857,-0.056855953364472536,EXP_DEnsembleModel_Alpha158_csi300_custom_step0_s_20260530_14,301677fd26a84115b84075b3cab3ade8,0.078,,,
4354,2026-05-29,SH601838,0.053886918083727094,EXP_DEnsembleModel_Alpha158_csi300_custom_step0_s_20260530_14,301677fd26a84115b84075b3cab3ade8,0.078,,,
4355,2026-05-29,SH601825,0.03846071376667598,EXP_DEnsembleModel_Alpha158_csi300_custom_step0_s_20260530_14,301677fd26a84115b84075b3cab3ade8,0.078,,,
4356,2026-05-29,SH601818,0.06108076313210861,EXP_DEnsembleModel_Alpha158_csi300_custom_step0_s_20260530_14,301677fd26a84115b84075b3cab3ade8,0.078,,,
4357,2026-05-29,SH601816,0.02819978620744172,EXP_DEnsembleModel_Alpha158_csi300_custom_step0_s_20260530_14,301677fd26a84115b84075b3cab3ade8,0.078,,,
4358,2026-05-29,SH601808,0.04502919200032277,EXP_DEnsembleModel_Alpha158_csi300_custom_step0_s_20260530_14,301677fd26a84115b84075b3cab3ade8,0.078,,,
4359,2026-05-29,SH601800,-0.0417074740228116,EXP_DEnsembleModel_Alpha158_csi300_custom_step0_s_20260530_14,301677fd26a84115b84075b3cab3ade8,0.078,,,
4360,2026-05-29,SH601868,0.011698454204397062,EXP_DEnsembleModel_Alpha158_csi300_custom_step0_s_20260530_14,301677fd26a84115b84075b3cab3ade8,0.078,,,
4361,2026-05-29,SH605499,-0.027204255449428175,EXP_DEnsembleModel_Alpha158_csi300_custom_step0_s_20260530_14,301677fd26a84115b84075b3cab3ade8,0.078,,,
4362,2026-05-29,SH601919,0.030562266958563965,EXP_DEnsembleModel_Alpha158_csi300_custom_step0_s_20260530_14,301677fd26a84115b84075b3cab3ade8,0.078,,,
4363,2026-05-29,SH601985,0.02800495483975807,EXP_DEnsembleModel_Alpha158_csi300_custom_step0_s_20260530_14,301677fd26a84115b84075b3cab3ade8,0.078,,,
4364,2026-05-29,SH603993,-0.15347051466473985,EXP_DEnsembleModel_Alpha158_csi300_custom_step0_s_20260530_14,301677fd26a84115b84075b3cab3ade8,0.078,,,
4365,2026-05-29,SH603986,0.18856477739253089,EXP_DEnsembleModel_Alpha158_csi300_custom_step0_s_20260530_14,301677fd26a84115b84075b3cab3ade8,0.078,,,
4366,2026-05-29,SH603893,0.09006164004478805,EXP_DEnsembleModel_Alpha158_csi300_custom_step0_s_20260530_14,301677fd26a84115b84075b3cab3ade8,0.078,,,
4367,2026-05-29,SH603799,-0.09841717415817809,EXP_DEnsembleModel_Alpha158_csi300_custom_step0_s_20260530_14,301677fd26a84115b84075b3cab3ade8,0.078,,,
4368,2026-05-29,SH603501,-0.1352417364024434,EXP_DEnsembleModel_Alpha158_csi300_custom_step0_s_20260530_14,301677fd26a84115b84075b3cab3ade8,0.078,,,
4369,2026-05-29,SH603392,-0.10221871201330113,EXP_DEnsembleModel_Alpha158_csi300_custom_step0_s_20260530_14,301677fd26a84115b84075b3cab3ade8,0.078,,,
4370,2026-05-29,SH603369,0.01296723753140941,EXP_DEnsembleModel_Alpha158_csi300_custom_step0_s_20260530_14,301677fd26a84115b84075b3cab3ade8,0.078,,,
4371,2026-05-29,SH601939,0.060555254928067896,EXP_DEnsembleModel_Alpha158_csi300_custom_step0_s_20260530_14,301677fd26a84115b84075b3cab3ade8,0.078,,,
4372,2026-05-29,SH603296,0.15324676479577187,EXP_DEnsembleModel_Alpha158_csi300_custom_step0_s_20260530_14,301677fd26a84115b84075b3cab3ade8,0.078,,,
4373,2026-05-29,SH603260,-0.07325240280689377,EXP_DEnsembleModel_Alpha158_csi300_custom_step0_s_20260530_14,301677fd26a84115b84075b3cab3ade8,0.078,,,
4374,2026-05-29,SH603259,-0.08245372254746079,EXP_DEnsembleModel_Alpha158_csi300_custom_step0_s_20260530_14,301677fd26a84115b84075b3cab3ade8,0.078,,,
4375,2026-05-29,SH603195,-0.04498993924683153,EXP_DEnsembleModel_Alpha158_csi300_custom_step0_s_20260530_14,301677fd26a84115b84075b3cab3ade8,0.078,,,
4376,2026-05-29,SH603019,-0.07958058120284396,EXP_DEnsembleModel_Alpha158_csi300_custom_step0_s_20260530_14,301677fd26a84115b84075b3cab3ade8,0.078,,,
4377,2026-05-29,SH601998,0.03461159635841545,EXP_DEnsembleModel_Alpha158_csi300_custom_step0_s_20260530_14,301677fd26a84115b84075b3cab3ade8,0.078,,,
4378,2026-05-29,SH601995,0.06903483460712233,EXP_DEnsembleModel_Alpha158_csi300_custom_step0_s_20260530_14,301677fd26a84115b84075b3cab3ade8,0.078,,,
4379,2026-05-29,SH601988,0.11159149827256429,EXP_DEnsembleModel_Alpha158_csi300_custom_step0_s_20260530_14,301677fd26a84115b84075b3cab3ade8,0.078,,,
4380,2026-05-29,SH603288,-0.07121643028385592,EXP_DEnsembleModel_Alpha158_csi300_custom_step0_s_20260530_14,301677fd26a84115b84075b3cab3ade8,0.078,,,
4381,2026-05-29,SH601766,0.008680422122418596,EXP_DEnsembleModel_Alpha158_csi300_custom_step0_s_20260530_14,301677fd26a84115b84075b3cab3ade8,0.078,,,
4382,2026-05-29,SZ000725,0.17238567350104414,EXP_DEnsembleModel_Alpha158_csi300_custom_step0_s_20260530_14,301677fd26a84115b84075b3cab3ade8,0.078,,,
4383,2026-05-29,SZ000776,-0.044989051939298634,EXP_DEnsembleModel_Alpha158_csi300_custom_step0_s_20260530_14,301677fd26a84115b84075b3cab3ade8,0.078,,,
4384,2026-05-29,SZ300059,-0.09899229047001995,EXP_DEnsembleModel_Alpha158_csi300_custom_step0_s_20260530_14,301677fd26a84115b84075b3cab3ade8,0.078,,,
4385,2026-05-29,SZ300033,-0.06819464366252005,EXP_DEnsembleModel_Alpha158_csi300_custom_step0_s_20260530_14,301677fd26a84115b84075b3cab3ade8,0.078,,,
4386,2026-05-29,SZ300015,-0.0659876404147625,EXP_DEnsembleModel_Alpha158_csi300_custom_step0_s_20260530_14,301677fd26a84115b84075b3cab3ade8,0.078,,,
4387,2026-05-29,SZ300014,-0.06530971313374441,EXP_DEnsembleModel_Alpha158_csi300_custom_step0_s_20260530_14,301677fd26a84115b84075b3cab3ade8,0.078,,,
4388,2026-05-29,SZ003816,-0.1360408277472175,EXP_DEnsembleModel_Alpha158_csi300_custom_step0_s_20260530_14,301677fd26a84115b84075b3cab3ade8,0.078,,,
4389,2026-05-29,SZ002938,0.08513249337078034,EXP_DEnsembleModel_Alpha158_csi300_custom_step0_s_20260530_14,301677fd26a84115b84075b3cab3ade8,0.078,,,
4390,2026-05-29,SZ002920,-0.044214739213664964,EXP_DEnsembleModel_Alpha158_csi300_custom_step0_s_20260530_14,301677fd26a84115b84075b3cab3ade8,0.078,,,
4391,2026-05-29,SZ300122,-0.05430234414404621,EXP_DEnsembleModel_Alpha158_csi300_custom_step0_s_20260530_14,301677fd26a84115b84075b3cab3ade8,0.078,,,
4392,2026-05-29,SZ002916,-0.23986243363513626,EXP_DEnsembleModel_Alpha158_csi300_custom_step0_s_20260530_14,301677fd26a84115b84075b3cab3ade8,0.078,,,
4393,2026-05-29,SZ002714,-0.05860427034518439,EXP_DEnsembleModel_Alpha158_csi300_custom_step0_s_20260530_14,301677fd26a84115b84075b3cab3ade8,0.078,,,
4394,2026-05-29,SZ002709,0.04539257743342644,EXP_DEnsembleModel_Alpha158_csi300_custom_step0_s_20260530_14,301677fd26a84115b84075b3cab3ade8,0.078,,,
4395,2026-05-29,SZ002648,0.024399066202521316,EXP_DEnsembleModel_Alpha158_csi300_custom_step0_s_20260530_14,301677fd26a84115b84075b3cab3ade8,0.078,,,
4396,2026-05-29,SZ002625,-0.10990218378236175,EXP_DEnsembleModel_Alpha158_csi300_custom_step0_s_20260530_14,301677fd26a84115b84075b3cab3ade8,0.078,,,
4397,2026-05-29,SZ002601,0.06796449734405104,EXP_DEnsembleModel_Alpha158_csi300_custom_step0_s_20260530_14,301677fd26a84115b84075b3cab3ade8,0.078,,,
4398,2026-05-29,SZ002600,0.02976492365464892,EXP_DEnsembleModel_Alpha158_csi300_custom_step0_s_20260530_14,301677fd26a84115b84075b3cab3ade8,0.078,,,
4399,2026-05-29,SZ002594,-0.07365819274011497,EXP_DEnsembleModel_Alpha158_csi300_custom_step0_s_20260530_14,301677fd26a84115b84075b3cab3ade8,0.078,,,
4400,2026-05-29,SZ002736,-0.021275865279837724,EXP_DEnsembleModel_Alpha158_csi300_custom_step0_s_20260530_14,301677fd26a84115b84075b3cab3ade8,0.078,,,
4401,2026-05-29,SZ002493,-0.06776097685360173,EXP_DEnsembleModel_Alpha158_csi300_custom_step0_s_20260530_14,301677fd26a84115b84075b3cab3ade8,0.078,,,
4402,2026-05-29,SZ300124,0.04080714556791898,EXP_DEnsembleModel_Alpha158_csi300_custom_step0_s_20260530_14,301677fd26a84115b84075b3cab3ade8,0.078,,,
4403,2026-05-29,SZ300274,-0.013708224040560168,EXP_DEnsembleModel_Alpha158_csi300_custom_step0_s_20260530_14,301677fd26a84115b84075b3cab3ade8,0.078,,,
4404,2026-05-29,SZ300759,-0.021957292851667785,EXP_DEnsembleModel_Alpha158_csi300_custom_step0_s_20260530_14,301677fd26a84115b84075b3cab3ade8,0.078,,,
4405,2026-05-29,SZ300750,-0.025115727808894397,EXP_DEnsembleModel_Alpha158_csi300_custom_step0_s_20260530_14,301677fd26a84115b84075b3cab3ade8,0.078,,,
4406,2026-05-29,SZ300661,-0.0844731658815642,EXP_DEnsembleModel_Alpha158_csi300_custom_step0_s_20260530_14,301677fd26a84115b84075b3cab3ade8,0.078,,,
4407,2026-05-29,SZ300628,0.06574012559062081,EXP_DEnsembleModel_Alpha158_csi300_custom_step0_s_20260530_14,301677fd26a84115b84075b3cab3ade8,0.078,,,
4408,2026-05-29,SZ300502,-0.2337165400028365,EXP_DEnsembleModel_Alpha158_csi300_custom_step0_s_20260530_14,301677fd26a84115b84075b3cab3ade8,0.078,,,
4409,2026-05-29,SZ300498,-0.08051929272851106,EXP_DEnsembleModel_Alpha158_csi300_custom_step0_s_20260530_14,301677fd26a84115b84075b3cab3ade8,0.078,,,
4410,2026-05-29,SZ300476,0.10132966041507267,EXP_DEnsembleModel_Alpha158_csi300_custom_step0_s_20260530_14,301677fd26a84115b84075b3cab3ade8,0.078,,,
4411,2026-05-29,SZ300251,0.0056554677096640055,EXP_DEnsembleModel_Alpha158_csi300_custom_step0_s_20260530_14,301677fd26a84115b84075b3cab3ade8,0.078,,,
4412,2026-05-29,SZ300442,-0.014647533257264079,EXP_DEnsembleModel_Alpha158_csi300_custom_step0_s_20260530_14,301677fd26a84115b84075b3cab3ade8,0.078,,,
4413,2026-05-29,SZ300418,-0.12406215486088037,EXP_DEnsembleModel_Alpha158_csi300_custom_step0_s_20260530_14,301677fd26a84115b84075b3cab3ade8,0.078,,,
4414,2026-05-29,SZ300413,-0.004576004831168639,EXP_DEnsembleModel_Alpha158_csi300_custom_step0_s_20260530_14,301677fd26a84115b84075b3cab3ade8,0.078,,,
4415,2026-05-29,SZ300408,-0.03358879176442043,EXP_DEnsembleModel_Alpha158_csi300_custom_step0_s_20260530_14,301677fd26a84115b84075b3cab3ade8,0.078,,,
4416,2026-05-29,SZ300394,-0.05924262106278721,EXP_DEnsembleModel_Alpha158_csi300_custom_step0_s_20260530_14,301677fd26a84115b84075b3cab3ade8,0.078,,,
4417,2026-05-29,SZ300347,0.04741093778983868,EXP_DEnsembleModel_Alpha158_csi300_custom_step0_s_20260530_14,301677fd26a84115b84075b3cab3ade8,0.078,,,
4418,2026-05-29,SZ300316,0.14988143222159503,EXP_DEnsembleModel_Alpha158_csi300_custom_step0_s_20260530_14,301677fd26a84115b84075b3cab3ade8,0.078,,,
4419,2026-05-29,SZ300308,-0.161615959398947,EXP_DEnsembleModel_Alpha158_csi300_custom_step0_s_20260530_14,301677fd26a84115b84075b3cab3ade8,0.078,,,
4420,2026-05-29,SZ300433,-0.07727220528626276,EXP_DEnsembleModel_Alpha158_csi300_custom_step0_s_20260530_14,301677fd26a84115b84075b3cab3ade8,0.078,,,
4421,2026-05-29,SZ000768,-0.011547682857932602,EXP_DEnsembleModel_Alpha158_csi300_custom_step0_s_20260530_14,301677fd26a84115b84075b3cab3ade8,0.078,,,
4422,2026-05-29,SZ002475,-0.055347285210718265,EXP_DEnsembleModel_Alpha158_csi300_custom_step0_s_20260530_14,301677fd26a84115b84075b3cab3ade8,0.078,,,
4423,2026-05-29,SZ002463,-0.03881416035748885,EXP_DEnsembleModel_Alpha158_csi300_custom_step0_s_20260530_14,301677fd26a84115b84075b3cab3ade8,0.078,,,
4424,2026-05-29,SZ002001,-0.015194954203720445,EXP_DEnsembleModel_Alpha158_csi300_custom_step0_s_20260530_14,301677fd26a84115b84075b3cab3ade8,0.078,,,
4425,2026-05-29,SZ001979,-0.041033785423456565,EXP_DEnsembleModel_Alpha158_csi300_custom_step0_s_20260530_14,301677fd26a84115b84075b3cab3ade8,0.078,,,
4426,2026-05-29,SZ001965,0.07324067875621418,EXP_DEnsembleModel_Alpha158_csi300_custom_step0_s_20260530_14,301677fd26a84115b84075b3cab3ade8,0.078,,,
4427,2026-05-29,SZ001391,-0.007443951211263069,EXP_DEnsembleModel_Alpha158_csi300_custom_step0_s_20260530_14,301677fd26a84115b84075b3cab3ade8,0.078,,,
4428,2026-05-29,SZ000999,0.0158325693893091,EXP_DEnsembleModel_Alpha158_csi300_custom_step0_s_20260530_14,301677fd26a84115b84075b3cab3ade8,0.078,,,
4429,2026-05-29,SZ000983,-0.15522982421246456,EXP_DEnsembleModel_Alpha158_csi300_custom_step0_s_20260530_14,301677fd26a84115b84075b3cab3ade8,0.078,,,
4430,2026-05-29,SZ000977,0.097045182369211,EXP_DEnsembleModel_Alpha158_csi300_custom_step0_s_20260530_14,301677fd26a84115b84075b3cab3ade8,0.078,,,
4431,2026-05-29,SZ002027,-0.053554069187327254,EXP_DEnsembleModel_Alpha158_csi300_custom_step0_s_20260530_14,301677fd26a84115b84075b3cab3ade8,0.078,,,
4432,2026-05-29,SZ000975,0.09206763488841681,EXP_DEnsembleModel_Alpha158_csi300_custom_step0_s_20260530_14,301677fd26a84115b84075b3cab3ade8,0.078,,,
4433,2026-05-29,SZ000938,0.13314435699172927,EXP_DEnsembleModel_Alpha158_csi300_custom_step0_s_20260530_14,301677fd26a84115b84075b3cab3ade8,0.078,,,
4434,2026-05-29,SZ000895,0.001338261623137562,EXP_DEnsembleModel_Alpha158_csi300_custom_step0_s_20260530_14,301677fd26a84115b84075b3cab3ade8,0.078,,,
4435,2026-05-29,SZ000876,-0.10439390168872471,EXP_DEnsembleModel_Alpha158_csi300_custom_step0_s_20260530_14,301677fd26a84115b84075b3cab3ade8,0.078,,,
4436,2026-05-29,SZ000858,-0.033671306579374276,EXP_DEnsembleModel_Alpha158_csi300_custom_step0_s_20260530_14,301677fd26a84115b84075b3cab3ade8,0.078,,,
4437,2026-05-29,SZ000807,-0.06496487324964903,EXP_DEnsembleModel_Alpha158_csi300_custom_step0_s_20260530_14,301677fd26a84115b84075b3cab3ade8,0.078,,,
4438,2026-05-29,SZ000792,-0.028511347966494238,EXP_DEnsembleModel_Alpha158_csi300_custom_step0_s_20260530_14,301677fd26a84115b84075b3cab3ade8,0.078,,,
4439,2026-05-29,SZ000786,-0.04981434856410045,EXP_DEnsembleModel_Alpha158_csi300_custom_step0_s_20260530_14,301677fd26a84115b84075b3cab3ade8,0.078,,,
4440,2026-05-29,SZ000963,-0.042521916210994944,EXP_DEnsembleModel_Alpha158_csi300_custom_step0_s_20260530_14,301677fd26a84115b84075b3cab3ade8,0.078,,,
4441,2026-05-29,SZ002466,0.06694209876685366,EXP_DEnsembleModel_Alpha158_csi300_custom_step0_s_20260530_14,301677fd26a84115b84075b3cab3ade8,0.078,,,
4442,2026-05-29,SZ002028,-0.12162343263945671,EXP_DEnsembleModel_Alpha158_csi300_custom_step0_s_20260530_14,301677fd26a84115b84075b3cab3ade8,0.078,,,
4443,2026-05-29,SZ002050,-0.00563330537999555,EXP_DEnsembleModel_Alpha158_csi300_custom_step0_s_20260530_14,301677fd26a84115b84075b3cab3ade8,0.078,,,
4444,2026-05-29,SZ002460,-0.007951073653858906,EXP_DEnsembleModel_Alpha158_csi300_custom_step0_s_20260530_14,301677fd26a84115b84075b3cab3ade8,0.078,,,
4445,2026-05-29,SZ002459,0.05201808921939712,EXP_DEnsembleModel_Alpha158_csi300_custom_step0_s_20260530_14,301677fd26a84115b84075b3cab3ade8,0.078,,,
4446,2026-05-29,SZ002422,0.02495984238101155,EXP_DEnsembleModel_Alpha158_csi300_custom_step0_s_20260530_14,301677fd26a84115b84075b3cab3ade8,0.078,,,
4447,2026-05-29,SZ002415,0.046706236329426255,EXP_DEnsembleModel_Alpha158_csi300_custom_step0_s_20260530_14,301677fd26a84115b84075b3cab3ade8,0.078,,,
4448,2026-05-29,SZ002384,0.06538023882976915,EXP_DEnsembleModel_Alpha158_csi300_custom_step0_s_20260530_14,301677fd26a84115b84075b3cab3ade8,0.078,,,
4449,2026-05-29,SZ002371,0.109040771466491,EXP_DEnsembleModel_Alpha158_csi300_custom_step0_s_20260530_14,301677fd26a84115b84075b3cab3ade8,0.078,,,
4450,2026-05-29,SZ002352,-0.025377128162388688,EXP_DEnsembleModel_Alpha158_csi300_custom_step0_s_20260530_14,301677fd26a84115b84075b3cab3ade8,0.078,,,
4451,2026-05-29,SZ002049,0.044135227934605024,EXP_DEnsembleModel_Alpha158_csi300_custom_step0_s_20260530_14,301677fd26a84115b84075b3cab3ade8,0.078,,,
4452,2026-05-29,SZ002311,-0.039783773512786544,EXP_DEnsembleModel_Alpha158_csi300_custom_step0_s_20260530_14,301677fd26a84115b84075b3cab3ade8,0.078,,,
4453,2026-05-29,SZ002252,-0.01585732071922381,EXP_DEnsembleModel_Alpha158_csi300_custom_step0_s_20260530_14,301677fd26a84115b84075b3cab3ade8,0.078,,,
4454,2026-05-29,SZ002241,0.060170227553510806,EXP_DEnsembleModel_Alpha158_csi300_custom_step0_s_20260530_14,301677fd26a84115b84075b3cab3ade8,0.078,,,
4455,2026-05-29,SZ002236,-0.07027442132178606,EXP_DEnsembleModel_Alpha158_csi300_custom_step0_s_20260530_14,301677fd26a84115b84075b3cab3ade8,0.078,,,
4456,2026-05-29,SZ002230,-0.030849975197592774,EXP_DEnsembleModel_Alpha158_csi300_custom_step0_s_20260530_14,301677fd26a84115b84075b3cab3ade8,0.078,,,
4457,2026-05-29,SZ002179,-0.014488916889872267,EXP_DEnsembleModel_Alpha158_csi300_custom_step0_s_20260530_14,301677fd26a84115b84075b3cab3ade8,0.078,,,
4458,2026-05-29,SZ002142,-0.02286093939823676,EXP_DEnsembleModel_Alpha158_csi300_custom_step0_s_20260530_14,301677fd26a84115b84075b3cab3ade8,0.078,,,
4459,2026-05-29,SZ002074,-0.10161846950759712,EXP_DEnsembleModel_Alpha158_csi300_custom_step0_s_20260530_14,301677fd26a84115b84075b3cab3ade8,0.078,,,
4460,2026-05-29,SZ002304,-0.015210246111588157,EXP_DEnsembleModel_Alpha158_csi300_custom_step0_s_20260530_14,301677fd26a84115b84075b3cab3ade8,0.078,,,
4461,2026-05-29,SZ301269,-0.6554847359657288,EXP_XGBModel_Alpha158_csi300_custom_step0_s_20260530_14,38b5f02cd5d24d21925210e9f139592b,0.013,,,
4462,2026-05-29,SH601336,-0.026131072222528813,EXP_LGBModel_Alpha158_csi300_custom_step0_s_20260530_16,2c4cbb1c68a140398eef90f0a65fefc8,0.049,,,
4463,2026-05-29,SH601319,-0.03595513513194368,EXP_LGBModel_Alpha158_csi300_custom_step0_s_20260530_16,2c4cbb1c68a140398eef90f0a65fefc8,0.049,,,
4464,2026-05-29,SZ300782,0.016961477073106534,EXP_LGBModel_Alpha158_csi300_custom_step0_s_20260530_16,3231f0374a7742759c31a5a704613286,0.068,,,
4465,2026-05-29,SZ300760,0.0007613710142494515,EXP_LGBModel_Alpha158_csi300_custom_step0_s_20260530_16,3231f0374a7742759c31a5a704613286,0.068,,,
4466,2026-05-29,SZ300759,-0.002403390342753823,EXP_LGBModel_Alpha158_csi300_custom_step0_s_20260530_16,3231f0374a7742759c31a5a704613286,0.068,,,
4467,2026-05-29,SZ300750,-0.0016124714658079377,EXP_LGBModel_Alpha158_csi300_custom_step0_s_20260530_16,3231f0374a7742759c31a5a704613286,0.068,,,
4468,2026-05-29,SZ300661,0.016961477073106534,EXP_LGBModel_Alpha158_csi300_custom_step0_s_20260530_16,3231f0374a7742759c31a5a704613286,0.068,,,
4469,2026-05-29,SZ300628,0.005414546499187903,EXP_LGBModel_Alpha158_csi300_custom_step0_s_20260530_16,3231f0374a7742759c31a5a704613286,0.068,,,
4470,2026-05-29,SZ300502,-0.004418786765164367,EXP_LGBModel_Alpha158_csi300_custom_step0_s_20260530_16,3231f0374a7742759c31a5a704613286,0.068,,,
4471,2026-05-29,SZ300498,-0.0016862614610701676,EXP_LGBModel_Alpha158_csi300_custom_step0_s_20260530_16,3231f0374a7742759c31a5a704613286,0.068,,,
4472,2026-05-29,SZ300476,-0.00198448635095999,EXP_LGBModel_Alpha158_csi300_custom_step0_s_20260530_16,3231f0374a7742759c31a5a704613286,0.068,,,
4473,2026-05-29,SZ300442,-0.005833414216694925,EXP_LGBModel_Alpha158_csi300_custom_step0_s_20260530_16,3231f0374a7742759c31a5a704613286,0.068,,,
4474,2026-05-29,SZ300433,0.01284502820612365,EXP_LGBModel_Alpha158_csi300_custom_step0_s_20260530_16,3231f0374a7742759c31a5a704613286,0.068,,,
4475,2026-05-29,SZ300418,-0.009254737542199106,EXP_LGBModel_Alpha158_csi300_custom_step0_s_20260530_16,3231f0374a7742759c31a5a704613286,0.068,,,
4476,2026-05-29,SZ300413,-0.0011374369190079586,EXP_LGBModel_Alpha158_csi300_custom_step0_s_20260530_16,3231f0374a7742759c31a5a704613286,0.068,,,
4477,2026-05-29,SZ300408,-2.8657375019641603e-10,EXP_LGBModel_Alpha158_csi300_custom_step0_s_20260530_16,3231f0374a7742759c31a5a704613286,0.068,,,
4478,2026-05-29,SZ300394,-0.0018441631148410366,EXP_LGBModel_Alpha158_csi300_custom_step0_s_20260530_16,3231f0374a7742759c31a5a704613286,0.068,,,
4479,2026-05-29,SZ300803,-0.00840458017302844,EXP_LGBModel_Alpha158_csi300_custom_step0_s_20260530_16,3231f0374a7742759c31a5a704613286,0.068,,,
4480,2026-05-29,SZ300832,-0.010242144308427315,EXP_LGBModel_Alpha158_csi300_custom_step0_s_20260530_16,3231f0374a7742759c31a5a704613286,0.068,,,
4481,2026-05-29,SZ300866,-0.0060130137903295754,EXP_LGBModel_Alpha158_csi300_custom_step0_s_20260530_16,3231f0374a7742759c31a5a704613286,0.068,,,
4482,2026-05-29,SZ300896,0.0011398997338899653,EXP_LGBModel_Alpha158_csi300_custom_step0_s_20260530_16,3231f0374a7742759c31a5a704613286,0.068,,,
4483,2026-05-29,SH600026,-0.002233673301698755,EXP_LGBModel_Alpha158_csi300_custom_step0_s_20260530_16,2303242575db40ceb163860e20ba2f85,0.03,,,
4484,2026-05-29,SH600025,-0.003809017664230853,EXP_LGBModel_Alpha158_csi300_custom_step0_s_20260530_16,2303242575db40ceb163860e20ba2f85,0.03,,,
4485,2026-05-29,SH600023,0.0011216533233354103,EXP_LGBModel_Alpha158_csi300_custom_step0_s_20260530_16,2303242575db40ceb163860e20ba2f85,0.03,,,
4486,2026-05-29,SH600019,0.0015138570982540407,EXP_LGBModel_Alpha158_csi300_custom_step0_s_20260530_16,2303242575db40ceb163860e20ba2f85,0.03,,,
4487,2026-05-29,SH600018,0.0008586050802028772,EXP_LGBModel_Alpha158_csi300_custom_step0_s_20260530_16,2303242575db40ceb163860e20ba2f85,0.03,,,
4488,2026-05-29,SH600016,-0.0028046947158517775,EXP_LGBModel_Alpha158_csi300_custom_step0_s_20260530_16,2303242575db40ceb163860e20ba2f85,0.03,,,
4489,2026-05-29,SH600015,-0.0028046947158517775,EXP_LGBModel_Alpha158_csi300_custom_step0_s_20260530_16,2303242575db40ceb163860e20ba2f85,0.03,,,
4490,2026-05-29,SZ300347,0.01284502820612365,EXP_LGBModel_Alpha158_csi300_custom_step0_s_20260530_16,3231f0374a7742759c31a5a704613286,0.068,,,
4491,2026-05-29,SH600011,0.0017019189272110618,EXP_LGBModel_Alpha158_csi300_custom_step0_s_20260530_16,2303242575db40ceb163860e20ba2f85,0.03,,,
4492,2026-05-29,SH600009,-0.000718322803211111,EXP_LGBModel_Alpha158_csi300_custom_step0_s_20260530_16,2303242575db40ceb163860e20ba2f85,0.03,,,
4493,2026-05-29,SH600000,-0.004320045214339422,EXP_LGBModel_Alpha158_csi300_custom_step0_s_20260530_16,2303242575db40ceb163860e20ba2f85,0.03,,,
4494,2026-05-29,SZ302132,-0.00783875425224724,EXP_LGBModel_Alpha158_csi300_custom_step0_s_20260530_16,3231f0374a7742759c31a5a704613286,0.068,,,
4495,2026-05-29,SZ301269,-2.8657375019641603e-10,EXP_LGBModel_Alpha158_csi300_custom_step0_s_20260530_16,3231f0374a7742759c31a5a704613286,0.068,,,
4496,2026-05-29,SZ301236,-0.010242144308427315,EXP_LGBModel_Alpha158_csi300_custom_step0_s_20260530_16,3231f0374a7742759c31a5a704613286,0.068,,,
4497,2026-05-29,SZ300999,-0.0016862614610701676,EXP_LGBModel_Alpha158_csi300_custom_step0_s_20260530_16,3231f0374a7742759c31a5a704613286,0.068,,,
4498,2026-05-29,SZ300979,-0.001855147178300219,EXP_LGBModel_Alpha158_csi300_custom_step0_s_20260530_16,3231f0374a7742759c31a5a704613286,0.068,,,
4499,2026-05-29,SH600010,-0.002233673301698755,EXP_LGBModel_Alpha158_csi300_custom_step0_s_20260530_16,2303242575db40ceb163860e20ba2f85,0.03,,,
4500,2026-05-29,SZ300316,-2.8657375019641603e-10,EXP_LGBModel_Alpha158_csi300_custom_step0_s_20260530_16,3231f0374a7742759c31a5a704613286,0.068,,,
4501,2026-05-29,SZ300308,-2.8657375019641603e-10,EXP_LGBModel_Alpha158_csi300_custom_step0_s_20260530_16,3231f0374a7742759c31a5a704613286,0.068,,,
4502,2026-05-29,SZ300274,-0.0005756185152128385,EXP_LGBModel_Alpha158_csi300_custom_step0_s_20260530_16,3231f0374a7742759c31a5a704613286,0.068,,,
4503,2026-05-29,SZ002475,0.0005866796053735257,EXP_LGBModel_Alpha158_csi300_custom_step0_s_20260530_16,3231f0374a7742759c31a5a704613286,0.068,,,
4504,2026-05-29,SZ002466,0.0037951754507139397,EXP_LGBModel_Alpha158_csi300_custom_step0_s_20260530_16,3231f0374a7742759c31a5a704613286,0.068,,,
4505,2026-05-29,SZ002463,-0.004584977424639628,EXP_LGBModel_Alpha158_csi300_custom_step0_s_20260530_16,3231f0374a7742759c31a5a704613286,0.068,,,
4506,2026-05-29,SZ002460,-0.00668357158586559,EXP_LGBModel_Alpha158_csi300_custom_step0_s_20260530_16,3231f0374a7742759c31a5a704613286,0.068,,,
4507,2026-05-29,SZ002459,-0.002184282426214346,EXP_LGBModel_Alpha158_csi300_custom_step0_s_20260530_16,3231f0374a7742759c31a5a704613286,0.068,,,
4508,2026-05-29,SZ002422,-0.0023285441607922915,EXP_LGBModel_Alpha158_csi300_custom_step0_s_20260530_16,3231f0374a7742759c31a5a704613286,0.068,,,
4509,2026-05-29,SZ002415,-0.004090976609690783,EXP_LGBModel_Alpha158_csi300_custom_step0_s_20260530_16,3231f0374a7742759c31a5a704613286,0.068,,,
4510,2026-05-29,SZ002493,-0.00016888600380380152,EXP_LGBModel_Alpha158_csi300_custom_step0_s_20260530_16,3231f0374a7742759c31a5a704613286,0.068,,,
4511,2026-05-29,SZ002384,0.008213961929304556,EXP_LGBModel_Alpha158_csi300_custom_step0_s_20260530_16,3231f0374a7742759c31a5a704613286,0.068,,,
4512,2026-05-29,SZ002352,0.004057263374446623,EXP_LGBModel_Alpha158_csi300_custom_step0_s_20260530_16,3231f0374a7742759c31a5a704613286,0.068,,,
4513,2026-05-29,SZ002311,0.00010708967098234415,EXP_LGBModel_Alpha158_csi300_custom_step0_s_20260530_16,3231f0374a7742759c31a5a704613286,0.068,,,
4514,2026-05-29,SZ002304,-0.0013417368121017813,EXP_LGBModel_Alpha158_csi300_custom_step0_s_20260530_16,3231f0374a7742759c31a5a704613286,0.068,,,
4515,2026-05-29,SZ002252,-0.00130632263623801,EXP_LGBModel_Alpha158_csi300_custom_step0_s_20260530_16,3231f0374a7742759c31a5a704613286,0.068,,,
4516,2026-05-29,SZ002241,0.0005866796053735257,EXP_LGBModel_Alpha158_csi300_custom_step0_s_20260530_16,3231f0374a7742759c31a5a704613286,0.068,,,
4517,2026-05-29,SZ002236,-0.010242144308427315,EXP_LGBModel_Alpha158_csi300_custom_step0_s_20260530_16,3231f0374a7742759c31a5a704613286,0.068,,,
4518,2026-05-29,SZ002230,0.00010708967098234415,EXP_LGBModel_Alpha158_csi300_custom_step0_s_20260530_16,3231f0374a7742759c31a5a704613286,0.068,,,
4519,2026-05-29,SZ002371,0.016961477073106534,EXP_LGBModel_Alpha158_csi300_custom_step0_s_20260530_16,3231f0374a7742759c31a5a704613286,0.068,,,
4520,2026-05-29,SH600027,0.002823572786748878,EXP_LGBModel_Alpha158_csi300_custom_step0_s_20260530_16,2303242575db40ceb163860e20ba2f85,0.03,,,
4521,2026-05-29,SZ002594,0.004649745788140042,EXP_LGBModel_Alpha158_csi300_custom_step0_s_20260530_16,3231f0374a7742759c31a5a704613286,0.068,,,
4522,2026-05-29,SZ002601,-0.0030028034752125027,EXP_LGBModel_Alpha158_csi300_custom_step0_s_20260530_16,3231f0374a7742759c31a5a704613286,0.068,,,
4523,2026-05-29,SZ300251,0.016961477073106534,EXP_LGBModel_Alpha158_csi300_custom_step0_s_20260530_16,3231f0374a7742759c31a5a704613286,0.068,,,
4524,2026-05-29,SZ300124,-0.010242144308427315,EXP_LGBModel_Alpha158_csi300_custom_step0_s_20260530_16,3231f0374a7742759c31a5a704613286,0.068,,,
4525,2026-05-29,SZ300122,-0.007239341119788561,EXP_LGBModel_Alpha158_csi300_custom_step0_s_20260530_16,3231f0374a7742759c31a5a704613286,0.068,,,
4526,2026-05-29,SZ300059,-0.00116523933981363,EXP_LGBModel_Alpha158_csi300_custom_step0_s_20260530_16,3231f0374a7742759c31a5a704613286,0.068,,,
4527,2026-05-29,SZ300033,-0.00198448635095999,EXP_LGBModel_Alpha158_csi300_custom_step0_s_20260530_16,3231f0374a7742759c31a5a704613286,0.068,,,
4528,2026-05-29,SZ300015,-0.00313247244540844,EXP_LGBModel_Alpha158_csi300_custom_step0_s_20260530_16,3231f0374a7742759c31a5a704613286,0.068,,,
4529,2026-05-29,SZ300014,-0.002963586728178389,EXP_LGBModel_Alpha158_csi300_custom_step0_s_20260530_16,3231f0374a7742759c31a5a704613286,0.068,,,
4530,2026-05-29,SZ002600,-0.010242144308427315,EXP_LGBModel_Alpha158_csi300_custom_step0_s_20260530_16,3231f0374a7742759c31a5a704613286,0.068,,,
4531,2026-05-29,SZ003816,-0.0030028034752125027,EXP_LGBModel_Alpha158_csi300_custom_step0_s_20260530_16,3231f0374a7742759c31a5a704613286,0.068,,,
4532,2026-05-29,SZ002920,-0.00840458017302844,EXP_LGBModel_Alpha158_csi300_custom_step0_s_20260530_16,3231f0374a7742759c31a5a704613286,0.068,,,
4533,2026-05-29,SZ002916,-0.004692067382195722,EXP_LGBModel_Alpha158_csi300_custom_step0_s_20260530_16,3231f0374a7742759c31a5a704613286,0.068,,,
4534,2026-05-29,SZ002736,-0.0016862614610701676,EXP_LGBModel_Alpha158_csi300_custom_step0_s_20260530_16,3231f0374a7742759c31a5a704613286,0.068,,,
4535,2026-05-29,SZ002714,-0.002823698093504376,EXP_LGBModel_Alpha158_csi300_custom_step0_s_20260530_16,3231f0374a7742759c31a5a704613286,0.068,,,
4536,2026-05-29,SZ002709,-0.004089651517250241,EXP_LGBModel_Alpha158_csi300_custom_step0_s_20260530_16,3231f0374a7742759c31a5a704613286,0.068,,,
4537,2026-05-29,SZ002648,0.0017045881487029067,EXP_LGBModel_Alpha158_csi300_custom_step0_s_20260530_16,3231f0374a7742759c31a5a704613286,0.068,,,
4538,2026-05-29,SZ002625,-0.003569841759426905,EXP_LGBModel_Alpha158_csi300_custom_step0_s_20260530_16,3231f0374a7742759c31a5a704613286,0.068,,,
4539,2026-05-29,SZ002938,-0.0025859643234410557,EXP_LGBModel_Alpha158_csi300_custom_step0_s_20260530_16,3231f0374a7742759c31a5a704613286,0.068,,,
4540,2026-05-29,SH600028,-0.0035195065436750736,EXP_LGBModel_Alpha158_csi300_custom_step0_s_20260530_16,2303242575db40ceb163860e20ba2f85,0.03,,,
4541,2026-05-29,SH600029,-0.002233673301698755,EXP_LGBModel_Alpha158_csi300_custom_step0_s_20260530_16,2303242575db40ceb163860e20ba2f85,0.03,,,
4542,2026-05-29,SH600030,-0.0028046947158517775,EXP_LGBModel_Alpha158_csi300_custom_step0_s_20260530_16,2303242575db40ceb163860e20ba2f85,0.03,,,
4543,2026-05-29,SH600887,-0.0021067878925333373,EXP_LGBModel_Alpha158_csi300_custom_step0_s_20260530_16,2303242575db40ceb163860e20ba2f85,0.03,,,
4544,2026-05-29,SH600886,0.0011216533233354103,EXP_LGBModel_Alpha158_csi300_custom_step0_s_20260530_16,2303242575db40ceb163860e20ba2f85,0.03,,,
4545,2026-05-29,SH600875,-0.002233673301698755,EXP_LGBModel_Alpha158_csi300_custom_step0_s_20260530_16,2303242575db40ceb163860e20ba2f85,0.03,,,
4546,2026-05-29,SH600845,-5.362024061213654e-10,EXP_LGBModel_Alpha158_csi300_custom_step0_s_20260530_16,2303242575db40ceb163860e20ba2f85,0.03,,,
4547,2026-05-29,SH600809,-5.362024061213654e-10,EXP_LGBModel_Alpha158_csi300_custom_step0_s_20260530_16,2303242575db40ceb163860e20ba2f85,0.03,,,
4548,2026-05-29,SH600803,-0.002086372448843073,EXP_LGBModel_Alpha158_csi300_custom_step0_s_20260530_16,2303242575db40ceb163860e20ba2f85,0.03,,,
4549,2026-05-29,SH600795,0.0017019189272110618,EXP_LGBModel_Alpha158_csi300_custom_step0_s_20260530_16,2303242575db40ceb163860e20ba2f85,0.03,,,
4550,2026-05-29,SH600893,-0.002233673301698755,EXP_LGBModel_Alpha158_csi300_custom_step0_s_20260530_16,2303242575db40ceb163860e20ba2f85,0.03,,,
4551,2026-05-29,SH600760,-0.004320045214339422,EXP_LGBModel_Alpha158_csi300_custom_step0_s_20260530_16,2303242575db40ceb163860e20ba2f85,0.03,,,
4552,2026-05-29,SH600690,-0.0015957603424247685,EXP_LGBModel_Alpha158_csi300_custom_step0_s_20260530_16,2303242575db40ceb163860e20ba2f85,0.03,,,
4553,2026-05-29,SH600674,-2.0415979892670844e-05,EXP_LGBModel_Alpha158_csi300_custom_step0_s_20260530_16,2303242575db40ceb163860e20ba2f85,0.03,,,
4554,2026-05-29,SH600660,-5.362024061213654e-10,EXP_LGBModel_Alpha158_csi300_custom_step0_s_20260530_16,2303242575db40ceb163860e20ba2f85,0.03,,,
4555,2026-05-29,SH600600,-5.362024061213654e-10,EXP_LGBModel_Alpha158_csi300_custom_step0_s_20260530_16,2303242575db40ceb163860e20ba2f85,0.03,,,
4556,2026-05-29,SH600588,-0.002233673301698755,EXP_LGBModel_Alpha158_csi300_custom_step0_s_20260530_16,2303242575db40ceb163860e20ba2f85,0.03,,,
4557,2026-05-29,SH600585,-0.002086372448843073,EXP_LGBModel_Alpha158_csi300_custom_step0_s_20260530_16,2303242575db40ceb163860e20ba2f85,0.03,,,
4558,2026-05-29,SH600584,-0.0023173830013755734,EXP_LGBModel_Alpha158_csi300_custom_step0_s_20260530_16,2303242575db40ceb163860e20ba2f85,0.03,,,
4559,2026-05-29,SH600741,0.00464024996329562,EXP_LGBModel_Alpha158_csi300_custom_step0_s_20260530_16,2303242575db40ceb163860e20ba2f85,0.03,,,
4560,2026-05-29,SH600570,-0.002233673301698755,EXP_LGBModel_Alpha158_csi300_custom_step0_s_20260530_16,2303242575db40ceb163860e20ba2f85,0.03,,,
4561,2026-05-29,SH600900,0.0011216533233354103,EXP_LGBModel_Alpha158_csi300_custom_step0_s_20260530_16,2303242575db40ceb163860e20ba2f85,0.03,,,
4562,2026-05-29,SH600918,-0.0012858337781787245,EXP_LGBModel_Alpha158_csi300_custom_step0_s_20260530_16,2303242575db40ceb163860e20ba2f85,0.03,,,
4563,2026-05-29,SH601066,0.002823572786748878,EXP_LGBModel_Alpha158_csi300_custom_step0_s_20260530_16,2303242575db40ceb163860e20ba2f85,0.03,,,
4564,2026-05-29,SH601059,0.0008586050802028772,EXP_LGBModel_Alpha158_csi300_custom_step0_s_20260530_16,2303242575db40ceb163860e20ba2f85,0.03,,,
4565,2026-05-29,SH601058,-0.002233673301698755,EXP_LGBModel_Alpha158_csi300_custom_step0_s_20260530_16,2303242575db40ceb163860e20ba2f85,0.03,,,
4566,2026-05-29,SH601021,-0.0015753448987345037,EXP_LGBModel_Alpha158_csi300_custom_step0_s_20260530_16,2303242575db40ceb163860e20ba2f85,0.03,,,
4567,2026-05-29,SH601018,-0.000718322803211111,EXP_LGBModel_Alpha158_csi300_custom_step0_s_20260530_16,2303242575db40ceb163860e20ba2f85,0.03,,,
4568,2026-05-29,SH601012,0.005926083205271939,EXP_LGBModel_Alpha158_csi300_custom_step0_s_20260530_16,2303242575db40ceb163860e20ba2f85,0.03,,,
4569,2026-05-29,SH601009,-0.0028046947158517775,EXP_LGBModel_Alpha158_csi300_custom_step0_s_20260530_16,2303242575db40ceb163860e20ba2f85,0.03,,,
4570,2026-05-29,SH600905,0.0022321793652627453,EXP_LGBModel_Alpha158_csi300_custom_step0_s_20260530_16,2303242575db40ceb163860e20ba2f85,0.03,,,
4571,2026-05-29,SH601006,-0.0012858337781787245,EXP_LGBModel_Alpha158_csi300_custom_step0_s_20260530_16,2303242575db40ceb163860e20ba2f85,0.03,,,
4572,2026-05-29,SH600989,-5.362024061213654e-10,EXP_LGBModel_Alpha158_csi300_custom_step0_s_20260530_16,2303242575db40ceb163860e20ba2f85,0.03,,,
4573,2026-05-29,SH600958,-0.0012858337781787245,EXP_LGBModel_Alpha158_csi300_custom_step0_s_20260530_16,2303242575db40ceb163860e20ba2f85,0.03,,,
4574,2026-05-29,SH600941,0.0022321793652627453,EXP_LGBModel_Alpha158_csi300_custom_step0_s_20260530_16,2303242575db40ceb163860e20ba2f85,0.03,,,
4575,2026-05-29,SH600938,-0.004320045214339422,EXP_LGBModel_Alpha158_csi300_custom_step0_s_20260530_16,2303242575db40ceb163860e20ba2f85,0.03,,,
4576,2026-05-29,SH600930,-0.004320045214339422,EXP_LGBModel_Alpha158_csi300_custom_step0_s_20260530_16,2303242575db40ceb163860e20ba2f85,0.03,,,
4577,2026-05-29,SH600926,-0.000718322803211111,EXP_LGBModel_Alpha158_csi300_custom_step0_s_20260530_16,2303242575db40ceb163860e20ba2f85,0.03,,,
4578,2026-05-29,SH600919,0.0008586050802028772,EXP_LGBModel_Alpha158_csi300_custom_step0_s_20260530_16,2303242575db40ceb163860e20ba2f85,0.03,,,
4579,2026-05-29,SH600999,-0.004320045214339422,EXP_LGBModel_Alpha158_csi300_custom_step0_s_20260530_16,2303242575db40ceb163860e20ba2f85,0.03,,,
4580,2026-05-29,SZ002179,-0.010242144308427315,EXP_LGBModel_Alpha158_csi300_custom_step0_s_20260530_16,3231f0374a7742759c31a5a704613286,0.068,,,
4581,2026-05-29,SH600547,0.005926083205271939,EXP_LGBModel_Alpha158_csi300_custom_step0_s_20260530_16,2303242575db40ceb163860e20ba2f85,0.03,,,
4582,2026-05-29,SH600519,-0.0028046947158517775,EXP_LGBModel_Alpha158_csi300_custom_step0_s_20260530_16,2303242575db40ceb163860e20ba2f85,0.03,,,
4583,2026-05-29,SH600176,-5.362024061213654e-10,EXP_LGBModel_Alpha158_csi300_custom_step0_s_20260530_16,2303242575db40ceb163860e20ba2f85,0.03,,,
4584,2026-05-29,SH600161,-0.0028046947158517775,EXP_LGBModel_Alpha158_csi300_custom_step0_s_20260530_16,2303242575db40ceb163860e20ba2f85,0.03,,,
4585,2026-05-29,SH600160,-0.002233673301698755,EXP_LGBModel_Alpha158_csi300_custom_step0_s_20260530_16,2303242575db40ceb163860e20ba2f85,0.03,,,
4586,2026-05-29,SH600150,-0.002086372448843073,EXP_LGBModel_Alpha158_csi300_custom_step0_s_20260530_16,2303242575db40ceb163860e20ba2f85,0.03,,,
4587,2026-05-29,SH600115,-0.004320045214339422,EXP_LGBModel_Alpha158_csi300_custom_step0_s_20260530_16,2303242575db40ceb163860e20ba2f85,0.03,,,
4588,2026-05-29,SH600111,-0.004320045214339422,EXP_LGBModel_Alpha158_csi300_custom_step0_s_20260530_16,2303242575db40ceb163860e20ba2f85,0.03,,,
4589,2026-05-29,SH600104,-2.0415979892670844e-05,EXP_LGBModel_Alpha158_csi300_custom_step0_s_20260530_16,2303242575db40ceb163860e20ba2f85,0.03,,,
4590,2026-05-29,SH600183,-0.0023173830013755734,EXP_LGBModel_Alpha158_csi300_custom_step0_s_20260530_16,2303242575db40ceb163860e20ba2f85,0.03,,,
4591,2026-05-29,SH600089,-0.004320045214339422,EXP_LGBModel_Alpha158_csi300_custom_step0_s_20260530_16,2303242575db40ceb163860e20ba2f85,0.03,,,
4592,2026-05-29,SH600066,-0.002086372448843073,EXP_LGBModel_Alpha158_csi300_custom_step0_s_20260530_16,2303242575db40ceb163860e20ba2f85,0.03,,,
4593,2026-05-29,SH600061,0.0007383422562318373,EXP_LGBModel_Alpha158_csi300_custom_step0_s_20260530_16,2303242575db40ceb163860e20ba2f85,0.03,,,
4594,2026-05-29,SH600050,-0.0035195065436750736,EXP_LGBModel_Alpha158_csi300_custom_step0_s_20260530_16,2303242575db40ceb163860e20ba2f85,0.03,,,
4595,2026-05-29,SH600048,-0.002086372448843073,EXP_LGBModel_Alpha158_csi300_custom_step0_s_20260530_16,2303242575db40ceb163860e20ba2f85,0.03,,,
4596,2026-05-29,SH600039,-0.002086372448843073,EXP_LGBModel_Alpha158_csi300_custom_step0_s_20260530_16,2303242575db40ceb163860e20ba2f85,0.03,,,
4597,2026-05-29,SH600036,-0.0028046947158517775,EXP_LGBModel_Alpha158_csi300_custom_step0_s_20260530_16,2303242575db40ceb163860e20ba2f85,0.03,,,
4598,2026-05-29,SH600031,-0.002233673301698755,EXP_LGBModel_Alpha158_csi300_custom_step0_s_20260530_16,2303242575db40ceb163860e20ba2f85,0.03,,,
4599,2026-05-29,SH600085,-0.0021067878925333373,EXP_LGBModel_Alpha158_csi300_custom_step0_s_20260530_16,2303242575db40ceb163860e20ba2f85,0.03,,,
4600,2026-05-29,SH600522,0.005156207761907283,EXP_LGBModel_Alpha158_csi300_custom_step0_s_20260530_16,2303242575db40ceb163860e20ba2f85,0.03,,,
4601,2026-05-29,SH600188,-0.004320045214339422,EXP_LGBModel_Alpha158_csi300_custom_step0_s_20260530_16,2303242575db40ceb163860e20ba2f85,0.03,,,
4602,2026-05-29,SH600219,-0.004320045214339422,EXP_LGBModel_Alpha158_csi300_custom_step0_s_20260530_16,2303242575db40ceb163860e20ba2f85,0.03,,,
4603,2026-05-29,SH600515,-0.002086372448843073,EXP_LGBModel_Alpha158_csi300_custom_step0_s_20260530_16,2303242575db40ceb163860e20ba2f85,0.03,,,
4604,2026-05-29,SH600489,-0.002233673301698755,EXP_LGBModel_Alpha158_csi300_custom_step0_s_20260530_16,2303242575db40ceb163860e20ba2f85,0.03,,,
4605,2026-05-29,SH600482,-0.004320045214339422,EXP_LGBModel_Alpha158_csi300_custom_step0_s_20260530_16,2303242575db40ceb163860e20ba2f85,0.03,,,
4606,2026-05-29,SH600460,-0.002017383072817593,EXP_LGBModel_Alpha158_csi300_custom_step0_s_20260530_16,2303242575db40ceb163860e20ba2f85,0.03,,,
4607,2026-05-29,SH600438,-0.002233673301698755,EXP_LGBModel_Alpha158_csi300_custom_step0_s_20260530_16,2303242575db40ceb163860e20ba2f85,0.03,,,
4608,2026-05-29,SH600436,-0.002086372448843073,EXP_LGBModel_Alpha158_csi300_custom_step0_s_20260530_16,2303242575db40ceb163860e20ba2f85,0.03,,,
4609,2026-05-29,SH600426,0.013099674039996814,EXP_LGBModel_Alpha158_csi300_custom_step0_s_20260530_16,2303242575db40ceb163860e20ba2f85,0.03,,,
4610,2026-05-29,SH600196,-0.004320045214339422,EXP_LGBModel_Alpha158_csi300_custom_step0_s_20260530_16,2303242575db40ceb163860e20ba2f85,0.03,,,
4611,2026-05-29,SH600415,-0.004320045214339422,EXP_LGBModel_Alpha158_csi300_custom_step0_s_20260530_16,2303242575db40ceb163860e20ba2f85,0.03,,,
4612,2026-05-29,SH600377,0.0011012378796451455,EXP_LGBModel_Alpha158_csi300_custom_step0_s_20260530_16,2303242575db40ceb163860e20ba2f85,0.03,,,
4613,2026-05-29,SH600372,-0.002233673301698755,EXP_LGBModel_Alpha158_csi300_custom_step0_s_20260530_16,2303242575db40ceb163860e20ba2f85,0.03,,,
4614,2026-05-29,SH600362,-0.002233673301698755,EXP_LGBModel_Alpha158_csi300_custom_step0_s_20260530_16,2303242575db40ceb163860e20ba2f85,0.03,,,
4615,2026-05-29,SH600346,0.013099674039996814,EXP_LGBModel_Alpha158_csi300_custom_step0_s_20260530_16,2303242575db40ceb163860e20ba2f85,0.03,,,
4616,2026-05-29,SH600309,-0.002233673301698755,EXP_LGBModel_Alpha158_csi300_custom_step0_s_20260530_16,2303242575db40ceb163860e20ba2f85,0.03,,,
4617,2026-05-29,SH600276,-0.002086372448843073,EXP_LGBModel_Alpha158_csi300_custom_step0_s_20260530_16,2303242575db40ceb163860e20ba2f85,0.03,,,
4618,2026-05-29,SH600233,-5.362024061213654e-10,EXP_LGBModel_Alpha158_csi300_custom_step0_s_20260530_16,2303242575db40ceb163860e20ba2f85,0.03,,,
4619,2026-05-29,SH600406,-0.002233673301698755,EXP_LGBModel_Alpha158_csi300_custom_step0_s_20260530_16,2303242575db40ceb163860e20ba2f85,0.03,,,
4620,2026-05-29,SZ002142,0.002949648949581634,EXP_LGBModel_Alpha158_csi300_custom_step0_s_20260530_16,3231f0374a7742759c31a5a704613286,0.068,,,
4621,2026-05-29,SZ002074,-0.002184282426214346,EXP_LGBModel_Alpha158_csi300_custom_step0_s_20260530_16,3231f0374a7742759c31a5a704613286,0.068,,,
4622,2026-05-29,SZ002050,-0.00840458017302844,EXP_LGBModel_Alpha158_csi300_custom_step0_s_20260530_16,3231f0374a7742759c31a5a704613286,0.068,,,
4623,2026-05-29,SH601766,0.004370262359153731,EXP_LGBModel_Alpha158_csi300_custom_step0_s_20260530_16,3231f0374a7742759c31a5a704613286,0.068,,,
4624,2026-05-29,SH601728,-0.00840458017302844,EXP_LGBModel_Alpha158_csi300_custom_step0_s_20260530_16,3231f0374a7742759c31a5a704613286,0.068,,,
4625,2026-05-29,SH601698,-0.004418786765164367,EXP_LGBModel_Alpha158_csi300_custom_step0_s_20260530_16,3231f0374a7742759c31a5a704613286,0.068,,,
4626,2026-05-29,SH601689,-0.005406193531392576,EXP_LGBModel_Alpha158_csi300_custom_step0_s_20260530_16,3231f0374a7742759c31a5a704613286,0.068,,,
4627,2026-05-29,SH601688,0.004152220624022526,EXP_LGBModel_Alpha158_csi300_custom_step0_s_20260530_16,3231f0374a7742759c31a5a704613286,0.068,,,
4628,2026-05-29,SH601669,-0.010242144308427315,EXP_LGBModel_Alpha158_csi300_custom_step0_s_20260530_16,3231f0374a7742759c31a5a704613286,0.068,,,
4629,2026-05-29,SH601668,0.0020079631703853076,EXP_LGBModel_Alpha158_csi300_custom_step0_s_20260530_16,3231f0374a7742759c31a5a704613286,0.068,,,
4630,2026-05-29,SH601788,-0.010242144308427315,EXP_LGBModel_Alpha158_csi300_custom_step0_s_20260530_16,3231f0374a7742759c31a5a704613286,0.068,,,
4631,2026-05-29,SH601658,0.004635910124078052,EXP_LGBModel_Alpha158_csi300_custom_step0_s_20260530_16,3231f0374a7742759c31a5a704613286,0.068,,,
4632,2026-05-29,SH601628,-0.0016862614610701676,EXP_LGBModel_Alpha158_csi300_custom_step0_s_20260530_16,3231f0374a7742759c31a5a704613286,0.068,,,
4633,2026-05-29,SH601618,0.0024476321887458687,EXP_LGBModel_Alpha158_csi300_custom_step0_s_20260530_16,3231f0374a7742759c31a5a704613286,0.068,,,
4634,2026-05-29,SH601607,0.006643873581037109,EXP_LGBModel_Alpha158_csi300_custom_step0_s_20260530_16,3231f0374a7742759c31a5a704613286,0.068,,,
4635,2026-05-29,SH601601,-0.000812953219781312,EXP_LGBModel_Alpha158_csi300_custom_step0_s_20260530_16,3231f0374a7742759c31a5a704613286,0.068,,,
4636,2026-05-29,SH601600,-0.00360151291778538,EXP_LGBModel_Alpha158_csi300_custom_step0_s_20260530_16,3231f0374a7742759c31a5a704613286,0.068,,,
4637,2026-05-29,SH601456,-0.0042038028295543865,EXP_LGBModel_Alpha158_csi300_custom_step0_s_20260530_16,3231f0374a7742759c31a5a704613286,0.068,,,
4638,2026-05-29,SH601398,0.004809931377514292,EXP_LGBModel_Alpha158_csi300_custom_step0_s_20260530_16,3231f0374a7742759c31a5a704613286,0.068,,,
4639,2026-05-29,SH601633,0.0004933691298829477,EXP_LGBModel_Alpha158_csi300_custom_step0_s_20260530_16,3231f0374a7742759c31a5a704613286,0.068,,,
4640,2026-05-29,SH601390,-0.001855147178300219,EXP_LGBModel_Alpha158_csi300_custom_step0_s_20260530_16,3231f0374a7742759c31a5a704613286,0.068,,,
4641,2026-05-29,SH601800,-2.8657375019641603e-10,EXP_LGBModel_Alpha158_csi300_custom_step0_s_20260530_16,3231f0374a7742759c31a5a704613286,0.068,,,
4642,2026-05-29,SH601816,0.0029972853734852147,EXP_LGBModel_Alpha158_csi300_custom_step0_s_20260530_16,3231f0374a7742759c31a5a704613286,0.068,,,
4643,2026-05-29,SH601939,0.0017650542327465677,EXP_LGBModel_Alpha158_csi300_custom_step0_s_20260530_16,3231f0374a7742759c31a5a704613286,0.068,,,
4644,2026-05-29,SH601919,-0.002704454125635534,EXP_LGBModel_Alpha158_csi300_custom_step0_s_20260530_16,3231f0374a7742759c31a5a704613286,0.068,,,
4645,2026-05-29,SH601916,0.00708354259939767,EXP_LGBModel_Alpha158_csi300_custom_step0_s_20260530_16,3231f0374a7742759c31a5a704613286,0.068,,,
4646,2026-05-29,SH601901,0.004370262359153731,EXP_LGBModel_Alpha158_csi300_custom_step0_s_20260530_16,3231f0374a7742759c31a5a704613286,0.068,,,
4647,2026-05-29,SH601899,-0.010242144308427315,EXP_LGBModel_Alpha158_csi300_custom_step0_s_20260530_16,3231f0374a7742759c31a5a704613286,0.068,,,
4648,2026-05-29,SH601898,-0.002571166242907266,EXP_LGBModel_Alpha158_csi300_custom_step0_s_20260530_16,3231f0374a7742759c31a5a704613286,0.068,,,
4649,2026-05-29,SH601888,-2.8657375019641603e-10,EXP_LGBModel_Alpha158_csi300_custom_step0_s_20260530_16,3231f0374a7742759c31a5a704613286,0.068,,,
4650,2026-05-29,SH601808,0.0017045881487029067,EXP_LGBModel_Alpha158_csi300_custom_step0_s_20260530_16,3231f0374a7742759c31a5a704613286,0.068,,,
4651,2026-05-29,SH601881,0.0007613710142494515,EXP_LGBModel_Alpha158_csi300_custom_step0_s_20260530_16,3231f0374a7742759c31a5a704613286,0.068,,,
4652,2026-05-29,SH601877,-0.005534752684511904,EXP_LGBModel_Alpha158_csi300_custom_step0_s_20260530_16,3231f0374a7742759c31a5a704613286,0.068,,,
4653,2026-05-29,SH601872,-0.010242144308427315,EXP_LGBModel_Alpha158_csi300_custom_step0_s_20260530_16,3231f0374a7742759c31a5a704613286,0.068,,,
4654,2026-05-29,SH601868,-0.010242144308427315,EXP_LGBModel_Alpha158_csi300_custom_step0_s_20260530_16,3231f0374a7742759c31a5a704613286,0.068,,,
4655,2026-05-29,SH601857,-0.002571166242907266,EXP_LGBModel_Alpha158_csi300_custom_step0_s_20260530_16,3231f0374a7742759c31a5a704613286,0.068,,,
4656,2026-05-29,SH601838,0.009822865517135466,EXP_LGBModel_Alpha158_csi300_custom_step0_s_20260530_16,3231f0374a7742759c31a5a704613286,0.068,,,
4657,2026-05-29,SH601825,-0.003742464345696604,EXP_LGBModel_Alpha158_csi300_custom_step0_s_20260530_16,3231f0374a7742759c31a5a704613286,0.068,,,
4658,2026-05-29,SH601818,0.0024476321887458687,EXP_LGBModel_Alpha158_csi300_custom_step0_s_20260530_16,3231f0374a7742759c31a5a704613286,0.068,,,
4659,2026-05-29,SH601878,-0.00101471504351641,EXP_LGBModel_Alpha158_csi300_custom_step0_s_20260530_16,3231f0374a7742759c31a5a704613286,0.068,,,
4660,2026-05-29,SH601985,0.0004745378104628233,EXP_LGBModel_Alpha158_csi300_custom_step0_s_20260530_16,3231f0374a7742759c31a5a704613286,0.068,,,
4661,2026-05-29,SH601377,0.0007613710142494515,EXP_LGBModel_Alpha158_csi300_custom_step0_s_20260530_16,3231f0374a7742759c31a5a704613286,0.068,,,
4662,2026-05-29,SH601336,0.0007613710142494515,EXP_LGBModel_Alpha158_csi300_custom_step0_s_20260530_16,3231f0374a7742759c31a5a704613286,0.068,,,
4663,2026-05-29,SH601077,-2.8657375019641603e-10,EXP_LGBModel_Alpha158_csi300_custom_step0_s_20260530_16,3231f0374a7742759c31a5a704613286,0.068,,,
4664,2026-05-29,SH601066,0.004115730926528409,EXP_LGBModel_Alpha158_csi300_custom_step0_s_20260530_16,3231f0374a7742759c31a5a704613286,0.068,,,
4665,2026-05-29,SH601059,0.009822865517135466,EXP_LGBModel_Alpha158_csi300_custom_step0_s_20260530_16,3231f0374a7742759c31a5a704613286,0.068,,,
4666,2026-05-29,SH601058,-0.005573969431546018,EXP_LGBModel_Alpha158_csi300_custom_step0_s_20260530_16,3231f0374a7742759c31a5a704613286,0.068,,,
4667,2026-05-29,SH601021,-0.0021361124355275974,EXP_LGBModel_Alpha158_csi300_custom_step0_s_20260530_16,3231f0374a7742759c31a5a704613286,0.068,,,
4668,2026-05-29,SH601018,-2.8657375019641603e-10,EXP_LGBModel_Alpha158_csi300_custom_step0_s_20260530_16,3231f0374a7742759c31a5a704613286,0.068,,,
4669,2026-05-29,SH601012,0.008213961929304556,EXP_LGBModel_Alpha158_csi300_custom_step0_s_20260530_16,3231f0374a7742759c31a5a704613286,0.068,,,
4670,2026-05-29,SH601088,-0.0020825800620161063,EXP_LGBModel_Alpha158_csi300_custom_step0_s_20260530_16,3231f0374a7742759c31a5a704613286,0.068,,,
4671,2026-05-29,SH601009,-0.0016862614610701676,EXP_LGBModel_Alpha158_csi300_custom_step0_s_20260530_16,3231f0374a7742759c31a5a704613286,0.068,,,
4672,2026-05-29,SH600999,-0.005025607024101366,EXP_LGBModel_Alpha158_csi300_custom_step0_s_20260530_16,3231f0374a7742759c31a5a704613286,0.068,,,
4673,2026-05-29,SH600989,-0.00016888600380380152,EXP_LGBModel_Alpha158_csi300_custom_step0_s_20260530_16,3231f0374a7742759c31a5a704613286,0.068,,,
4674,2026-05-29,SH600958,-0.007670978352093799,EXP_LGBModel_Alpha158_csi300_custom_step0_s_20260530_16,3231f0374a7742759c31a5a704613286,0.068,,,
4675,2026-05-29,SH600941,0.0017262524787197832,EXP_LGBModel_Alpha158_csi300_custom_step0_s_20260530_16,3231f0374a7742759c31a5a704613286,0.068,,,
4676,2026-05-29,SH600938,-0.002571166242907266,EXP_LGBModel_Alpha158_csi300_custom_step0_s_20260530_16,3231f0374a7742759c31a5a704613286,0.068,,,
4677,2026-05-29,SH600930,-0.007670978352093799,EXP_LGBModel_Alpha158_csi300_custom_step0_s_20260530_16,3231f0374a7742759c31a5a704613286,0.068,,,
4678,2026-05-29,SH600926,-2.8657375019641603e-10,EXP_LGBModel_Alpha158_csi300_custom_step0_s_20260530_16,3231f0374a7742759c31a5a704613286,0.068,,,
4679,2026-05-29,SH601006,-0.004668175163455046,EXP_LGBModel_Alpha158_csi300_custom_step0_s_20260530_16,3231f0374a7742759c31a5a704613286,0.068,,,
4680,2026-05-29,SH601360,-0.0020153967089842945,EXP_LGBModel_Alpha158_csi300_custom_step0_s_20260530_16,3231f0374a7742759c31a5a704613286,0.068,,,
4681,2026-05-29,SH601100,-0.010242144308427315,EXP_LGBModel_Alpha158_csi300_custom_step0_s_20260530_16,3231f0374a7742759c31a5a704613286,0.068,,,
4682,2026-05-29,SH601117,-2.8657375019641603e-10,EXP_LGBModel_Alpha158_csi300_custom_step0_s_20260530_16,3231f0374a7742759c31a5a704613286,0.068,,,
4683,2026-05-29,SH601328,0.004635910124078052,EXP_LGBModel_Alpha158_csi300_custom_step0_s_20260530_16,3231f0374a7742759c31a5a704613286,0.068,,,
4684,2026-05-29,SH601319,-0.003569841759426905,EXP_LGBModel_Alpha158_csi300_custom_step0_s_20260530_16,3231f0374a7742759c31a5a704613286,0.068,,,
4685,2026-05-29,SH601318,-0.0016862614610701676,EXP_LGBModel_Alpha158_csi300_custom_step0_s_20260530_16,3231f0374a7742759c31a5a704613286,0.068,,,
4686,2026-05-29,SH601298,0.005186955106483665,EXP_LGBModel_Alpha158_csi300_custom_step0_s_20260530_16,3231f0374a7742759c31a5a704613286,0.068,,,
4687,2026-05-29,SH601288,-0.0063544363379514635,EXP_LGBModel_Alpha158_csi300_custom_step0_s_20260530_16,3231f0374a7742759c31a5a704613286,0.068,,,
4688,2026-05-29,SH601238,-0.0013801050226237605,EXP_LGBModel_Alpha158_csi300_custom_step0_s_20260530_16,3231f0374a7742759c31a5a704613286,0.068,,,
4689,2026-05-29,SH601236,-0.0016862614610701676,EXP_LGBModel_Alpha158_csi300_custom_step0_s_20260530_16,3231f0374a7742759c31a5a704613286,0.068,,,
4690,2026-05-29,SH601111,0.0025547221463019633,EXP_LGBModel_Alpha158_csi300_custom_step0_s_20260530_16,3231f0374a7742759c31a5a704613286,0.068,,,
4691,2026-05-29,SH601229,-0.0004396693049343114,EXP_LGBModel_Alpha158_csi300_custom_step0_s_20260530_16,3231f0374a7742759c31a5a704613286,0.068,,,
4692,2026-05-29,SH601211,0.0007613710142494515,EXP_LGBModel_Alpha158_csi300_custom_step0_s_20260530_16,3231f0374a7742759c31a5a704613286,0.068,,,
4693,2026-05-29,SH601186,-0.004837060880685097,EXP_LGBModel_Alpha158_csi300_custom_step0_s_20260530_16,3231f0374a7742759c31a5a704613286,0.068,,,
4694,2026-05-29,SH601169,0.00419624110571749,EXP_LGBModel_Alpha158_csi300_custom_step0_s_20260530_16,3231f0374a7742759c31a5a704613286,0.068,,,
4695,2026-05-29,SH601166,0.0011398997338899653,EXP_LGBModel_Alpha158_csi300_custom_step0_s_20260530_16,3231f0374a7742759c31a5a704613286,0.068,,,
4696,2026-05-29,SH601138,-0.001535806774593113,EXP_LGBModel_Alpha158_csi300_custom_step0_s_20260530_16,3231f0374a7742759c31a5a704613286,0.068,,,
4697,2026-05-29,SH601136,-0.0033217190586485546,EXP_LGBModel_Alpha158_csi300_custom_step0_s_20260530_16,3231f0374a7742759c31a5a704613286,0.068,,,
4698,2026-05-29,SH601127,-0.010242144308427315,EXP_LGBModel_Alpha158_csi300_custom_step0_s_20260530_16,3231f0374a7742759c31a5a704613286,0.068,,,
4699,2026-05-29,SH601225,-0.002209894821913348,EXP_LGBModel_Alpha158_csi300_custom_step0_s_20260530_16,3231f0374a7742759c31a5a704613286,0.068,,,
4700,2026-05-29,SH601077,-0.0013062492218689893,EXP_LGBModel_Alpha158_csi300_custom_step0_s_20260530_16,2303242575db40ceb163860e20ba2f85,0.03,,,
4701,2026-05-29,SH601988,0.005307456541631809,EXP_LGBModel_Alpha158_csi300_custom_step0_s_20260530_16,3231f0374a7742759c31a5a704613286,0.068,,,
4702,2026-05-29,SH601998,0.00047958964781743136,EXP_LGBModel_Alpha158_csi300_custom_step0_s_20260530_16,3231f0374a7742759c31a5a704613286,0.068,,,
4703,2026-05-29,SZ000768,-0.00840458017302844,EXP_LGBModel_Alpha158_csi300_custom_step0_s_20260530_16,3231f0374a7742759c31a5a704613286,0.068,,,
4704,2026-05-29,SZ000725,-0.0005756185152128385,EXP_LGBModel_Alpha158_csi300_custom_step0_s_20260530_16,3231f0374a7742759c31a5a704613286,0.068,,,
4705,2026-05-29,SZ000708,-2.8657375019641603e-10,EXP_LGBModel_Alpha158_csi300_custom_step0_s_20260530_16,3231f0374a7742759c31a5a704613286,0.068,,,
4706,2026-05-29,SZ000661,-0.0011374369190079586,EXP_LGBModel_Alpha158_csi300_custom_step0_s_20260530_16,3231f0374a7742759c31a5a704613286,0.068,,,
4707,2026-05-29,SZ000651,0.0005496528981655954,EXP_LGBModel_Alpha158_csi300_custom_step0_s_20260530_16,3231f0374a7742759c31a5a704613286,0.068,,,
4708,2026-05-29,SZ000630,-0.00360151291778538,EXP_LGBModel_Alpha158_csi300_custom_step0_s_20260530_16,3231f0374a7742759c31a5a704613286,0.068,,,
4709,2026-05-29,SZ000625,0.01284502820612365,EXP_LGBModel_Alpha158_csi300_custom_step0_s_20260530_16,3231f0374a7742759c31a5a704613286,0.068,,,
4710,2026-05-29,SZ000776,0.00031070393058738,EXP_LGBModel_Alpha158_csi300_custom_step0_s_20260530_16,3231f0374a7742759c31a5a704613286,0.068,,,
4711,2026-05-29,SZ000617,-2.8657375019641603e-10,EXP_LGBModel_Alpha158_csi300_custom_step0_s_20260530_16,3231f0374a7742759c31a5a704613286,0.068,,,
4712,2026-05-29,SZ000568,0.0024476321887458687,EXP_LGBModel_Alpha158_csi300_custom_step0_s_20260530_16,3231f0374a7742759c31a5a704613286,0.068,,,
4713,2026-05-29,SZ000538,-2.8657375019641603e-10,EXP_LGBModel_Alpha158_csi300_custom_step0_s_20260530_16,3231f0374a7742759c31a5a704613286,0.068,,,
4714,2026-05-29,SZ000425,-0.004781060778246864,EXP_LGBModel_Alpha158_csi300_custom_step0_s_20260530_16,3231f0374a7742759c31a5a704613286,0.068,,,
4715,2026-05-29,SZ000408,-0.00685245730309564,EXP_LGBModel_Alpha158_csi300_custom_step0_s_20260530_16,3231f0374a7742759c31a5a704613286,0.068,,,
4716,2026-05-29,SZ000338,0.0028077686844857307,EXP_LGBModel_Alpha158_csi300_custom_step0_s_20260530_16,3231f0374a7742759c31a5a704613286,0.068,,,
4717,2026-05-29,SZ000333,0.0029972853734852147,EXP_LGBModel_Alpha158_csi300_custom_step0_s_20260530_16,3231f0374a7742759c31a5a704613286,0.068,,,
4718,2026-05-29,SZ000301,-0.00016888600380380152,EXP_LGBModel_Alpha158_csi300_custom_step0_s_20260530_16,3231f0374a7742759c31a5a704613286,0.068,,,
4719,2026-05-29,SZ000596,-0.00130632263623801,EXP_LGBModel_Alpha158_csi300_custom_step0_s_20260530_16,3231f0374a7742759c31a5a704613286,0.068,,,
4720,2026-05-29,SZ000166,0.0024476321887458687,EXP_LGBModel_Alpha158_csi300_custom_step0_s_20260530_16,3231f0374a7742759c31a5a704613286,0.068,,,
4721,2026-05-29,SZ000786,-0.0025722760599838747,EXP_LGBModel_Alpha158_csi300_custom_step0_s_20260530_16,3231f0374a7742759c31a5a704613286,0.068,,,
4722,2026-05-29,SZ000807,-0.009254737542199106,EXP_LGBModel_Alpha158_csi300_custom_step0_s_20260530_16,3231f0374a7742759c31a5a704613286,0.068,,,
4723,2026-05-29,SZ002049,-0.00198448635095999,EXP_LGBModel_Alpha158_csi300_custom_step0_s_20260530_16,3231f0374a7742759c31a5a704613286,0.068,,,
4724,2026-05-29,SZ002028,-0.004781060778246864,EXP_LGBModel_Alpha158_csi300_custom_step0_s_20260530_16,3231f0374a7742759c31a5a704613286,0.068,,,
4725,2026-05-29,SZ002027,-0.001855147178300219,EXP_LGBModel_Alpha158_csi300_custom_step0_s_20260530_16,3231f0374a7742759c31a5a704613286,0.068,,,
4726,2026-05-29,SZ002001,0.0015357024314728554,EXP_LGBModel_Alpha158_csi300_custom_step0_s_20260530_16,3231f0374a7742759c31a5a704613286,0.068,,,
4727,2026-05-29,SZ001979,-0.0024640762853511715,EXP_LGBModel_Alpha158_csi300_custom_step0_s_20260530_16,3231f0374a7742759c31a5a704613286,0.068,,,
4728,2026-05-29,SZ001965,0.008788131034674327,EXP_LGBModel_Alpha158_csi300_custom_step0_s_20260530_16,3231f0374a7742759c31a5a704613286,0.068,,,
4729,2026-05-29,SZ001391,-0.0004396693049343114,EXP_LGBModel_Alpha158_csi300_custom_step0_s_20260530_16,3231f0374a7742759c31a5a704613286,0.068,,,
4730,2026-05-29,SZ000792,-2.8657375019641603e-10,EXP_LGBModel_Alpha158_csi300_custom_step0_s_20260530_16,3231f0374a7742759c31a5a704613286,0.068,,,
4731,2026-05-29,SZ000999,-0.003875931194068618,EXP_LGBModel_Alpha158_csi300_custom_step0_s_20260530_16,3231f0374a7742759c31a5a704613286,0.068,,,
4732,2026-05-29,SZ000977,-0.00198448635095999,EXP_LGBModel_Alpha158_csi300_custom_step0_s_20260530_16,3231f0374a7742759c31a5a704613286,0.068,,,
4733,2026-05-29,SZ000975,0.016961477073106534,EXP_LGBModel_Alpha158_csi300_custom_step0_s_20260530_16,3231f0374a7742759c31a5a704613286,0.068,,,
4734,2026-05-29,SZ000963,-0.0016862614610701676,EXP_LGBModel_Alpha158_csi300_custom_step0_s_20260530_16,3231f0374a7742759c31a5a704613286,0.068,,,
4735,2026-05-29,SZ000938,0.0005866796053735257,EXP_LGBModel_Alpha158_csi300_custom_step0_s_20260530_16,3231f0374a7742759c31a5a704613286,0.068,,,
4736,2026-05-29,SZ000895,-0.0025175416550579687,EXP_LGBModel_Alpha158_csi300_custom_step0_s_20260530_16,3231f0374a7742759c31a5a704613286,0.068,,,
4737,2026-05-29,SZ000876,-0.0063544363379514635,EXP_LGBModel_Alpha158_csi300_custom_step0_s_20260530_16,3231f0374a7742759c31a5a704613286,0.068,,,
4738,2026-05-29,SZ000858,-0.0013417368121017813,EXP_LGBModel_Alpha158_csi300_custom_step0_s_20260530_16,3231f0374a7742759c31a5a704613286,0.068,,,
4739,2026-05-29,SZ000983,-0.007670978352093799,EXP_LGBModel_Alpha158_csi300_custom_step0_s_20260530_16,3231f0374a7742759c31a5a704613286,0.068,,,
4740,2026-05-29,SH601995,0.009822865517135466,EXP_LGBModel_Alpha158_csi300_custom_step0_s_20260530_16,3231f0374a7742759c31a5a704613286,0.068,,,
4741,2026-05-29,SZ000157,0.0017045881487029067,EXP_LGBModel_Alpha158_csi300_custom_step0_s_20260530_16,3231f0374a7742759c31a5a704613286,0.068,,,
4742,2026-05-29,SZ000063,-0.004301470843855682,EXP_LGBModel_Alpha158_csi300_custom_step0_s_20260530_16,3231f0374a7742759c31a5a704613286,0.068,,,
4743,2026-05-29,SH688008,0.016961477073106534,EXP_LGBModel_Alpha158_csi300_custom_step0_s_20260530_16,3231f0374a7742759c31a5a704613286,0.068,,,
4744,2026-05-29,SH605499,-0.0063544363379514635,EXP_LGBModel_Alpha158_csi300_custom_step0_s_20260530_16,3231f0374a7742759c31a5a704613286,0.068,,,
4745,2026-05-29,SH605117,-0.010242144308427315,EXP_LGBModel_Alpha158_csi300_custom_step0_s_20260530_16,3231f0374a7742759c31a5a704613286,0.068,,,
4746,2026-05-29,SH603993,-0.010242144308427315,EXP_LGBModel_Alpha158_csi300_custom_step0_s_20260530_16,3231f0374a7742759c31a5a704613286,0.068,,,
4747,2026-05-29,SH603986,-2.8657375019641603e-10,EXP_LGBModel_Alpha158_csi300_custom_step0_s_20260530_16,3231f0374a7742759c31a5a704613286,0.068,,,
4748,2026-05-29,SH603893,-0.0024640762853511715,EXP_LGBModel_Alpha158_csi300_custom_step0_s_20260530_16,3231f0374a7742759c31a5a704613286,0.068,,,
4749,2026-05-29,SH603799,-0.00685245730309564,EXP_LGBModel_Alpha158_csi300_custom_step0_s_20260530_16,3231f0374a7742759c31a5a704613286,0.068,,,
4750,2026-05-29,SH688009,0.0017045881487029067,EXP_LGBModel_Alpha158_csi300_custom_step0_s_20260530_16,3231f0374a7742759c31a5a704613286,0.068,,,
4751,2026-05-29,SH603501,-0.010242144308427315,EXP_LGBModel_Alpha158_csi300_custom_step0_s_20260530_16,3231f0374a7742759c31a5a704613286,0.068,,,
4752,2026-05-29,SH603369,0.0028640162582714494,EXP_LGBModel_Alpha158_csi300_custom_step0_s_20260530_16,3231f0374a7742759c31a5a704613286,0.068,,,
4753,2026-05-29,SH603296,0.0005866796053735257,EXP_LGBModel_Alpha158_csi300_custom_step0_s_20260530_16,3231f0374a7742759c31a5a704613286,0.068,,,
4754,2026-05-29,SH603288,0.0022736109353096276,EXP_LGBModel_Alpha158_csi300_custom_step0_s_20260530_16,3231f0374a7742759c31a5a704613286,0.068,,,
4755,2026-05-29,SH603260,-0.004364052360238462,EXP_LGBModel_Alpha158_csi300_custom_step0_s_20260530_16,3231f0374a7742759c31a5a704613286,0.068,,,
4756,2026-05-29,SH603259,0.00708354259939767,EXP_LGBModel_Alpha158_csi300_custom_step0_s_20260530_16,3231f0374a7742759c31a5a704613286,0.068,,,
4757,2026-05-29,SH603195,-0.005573969431546018,EXP_LGBModel_Alpha158_csi300_custom_step0_s_20260530_16,3231f0374a7742759c31a5a704613286,0.068,,,
4758,2026-05-29,SH603019,-0.010242144308427315,EXP_LGBModel_Alpha158_csi300_custom_step0_s_20260530_16,3231f0374a7742759c31a5a704613286,0.068,,,
4759,2026-05-29,SH603392,-0.005406193531392576,EXP_LGBModel_Alpha158_csi300_custom_step0_s_20260530_16,3231f0374a7742759c31a5a704613286,0.068,,,
4760,2026-05-29,SZ000100,-0.00840458017302844,EXP_LGBModel_Alpha158_csi300_custom_step0_s_20260530_16,3231f0374a7742759c31a5a704613286,0.068,,,
4761,2026-05-29,SH688012,0.016961477073106534,EXP_LGBModel_Alpha158_csi300_custom_step0_s_20260530_16,3231f0374a7742759c31a5a704613286,0.068,,,
4762,2026-05-29,SH688041,0.016961477073106534,EXP_LGBModel_Alpha158_csi300_custom_step0_s_20260530_16,3231f0374a7742759c31a5a704613286,0.068,,,
4763,2026-05-29,SZ000002,-0.00130632263623801,EXP_LGBModel_Alpha158_csi300_custom_step0_s_20260530_16,3231f0374a7742759c31a5a704613286,0.068,,,
4764,2026-05-29,SZ000001,-0.002189670019572201,EXP_LGBModel_Alpha158_csi300_custom_step0_s_20260530_16,3231f0374a7742759c31a5a704613286,0.068,,,
4765,2026-05-29,SH688981,0.008747514857228227,EXP_LGBModel_Alpha158_csi300_custom_step0_s_20260530_16,3231f0374a7742759c31a5a704613286,0.068,,,
4766,2026-05-29,SH688506,0.016961477073106534,EXP_LGBModel_Alpha158_csi300_custom_step0_s_20260530_16,3231f0374a7742759c31a5a704613286,0.068,,,
4767,2026-05-29,SH688472,-0.010242144308427315,EXP_LGBModel_Alpha158_csi300_custom_step0_s_20260530_16,3231f0374a7742759c31a5a704613286,0.068,,,
4768,2026-05-29,SH688396,0.01284502820612365,EXP_LGBModel_Alpha158_csi300_custom_step0_s_20260530_16,3231f0374a7742759c31a5a704613286,0.068,,,
4769,2026-05-29,SH688303,0.0005671515162686983,EXP_LGBModel_Alpha158_csi300_custom_step0_s_20260530_16,3231f0374a7742759c31a5a704613286,0.068,,,
4770,2026-05-29,SH688036,-0.0060130137903295754,EXP_LGBModel_Alpha158_csi300_custom_step0_s_20260530_16,3231f0374a7742759c31a5a704613286,0.068,,,
4771,2026-05-29,SH688271,-0.0006786822109017395,EXP_LGBModel_Alpha158_csi300_custom_step0_s_20260530_16,3231f0374a7742759c31a5a704613286,0.068,,,
4772,2026-05-29,SH688223,-0.00840458017302844,EXP_LGBModel_Alpha158_csi300_custom_step0_s_20260530_16,3231f0374a7742759c31a5a704613286,0.068,,,
4773,2026-05-29,SH688187,-0.004090976609690783,EXP_LGBModel_Alpha158_csi300_custom_step0_s_20260530_16,3231f0374a7742759c31a5a704613286,0.068,,,
4774,2026-05-29,SH688169,-0.010242144308427315,EXP_LGBModel_Alpha158_csi300_custom_step0_s_20260530_16,3231f0374a7742759c31a5a704613286,0.068,,,
4775,2026-05-29,SH688126,0.016961477073106534,EXP_LGBModel_Alpha158_csi300_custom_step0_s_20260530_16,3231f0374a7742759c31a5a704613286,0.068,,,
4776,2026-05-29,SH688111,-0.007670978352093799,EXP_LGBModel_Alpha158_csi300_custom_step0_s_20260530_16,3231f0374a7742759c31a5a704613286,0.068,,,
4777,2026-05-29,SH688082,-0.0025859643234410557,EXP_LGBModel_Alpha158_csi300_custom_step0_s_20260530_16,3231f0374a7742759c31a5a704613286,0.068,,,
4778,2026-05-29,SH688047,0.0028077686844857307,EXP_LGBModel_Alpha158_csi300_custom_step0_s_20260530_16,3231f0374a7742759c31a5a704613286,0.068,,,
4779,2026-05-29,SH688256,0.016961477073106534,EXP_LGBModel_Alpha158_csi300_custom_step0_s_20260530_16,3231f0374a7742759c31a5a704613286,0.068,,,
4780,2026-05-29,SH601328,-0.02598659415486306,EXP_LGBModel_Alpha158_csi300_custom_step0_s_20260530_16,2c4cbb1c68a140398eef90f0a65fefc8,0.049,,,
4781,2026-05-29,SH601088,0.0008586050802028772,EXP_LGBModel_Alpha158_csi300_custom_step0_s_20260530_16,2303242575db40ceb163860e20ba2f85,0.03,,,
4782,2026-05-29,SH601111,-0.0021067878925333373,EXP_LGBModel_Alpha158_csi300_custom_step0_s_20260530_16,2303242575db40ceb163860e20ba2f85,0.03,,,
4783,2026-05-29,SH600025,0.00464370100817507,EXP_LGBModel_Alpha158_csi300_custom_step0_s_20260530_16,2c4cbb1c68a140398eef90f0a65fefc8,0.049,,,
4784,2026-05-29,SH600023,0.021311020590197308,EXP_LGBModel_Alpha158_csi300_custom_step0_s_20260530_16,2c4cbb1c68a140398eef90f0a65fefc8,0.049,,,
4785,2026-05-29,SH600019,-0.03233826376777033,EXP_LGBModel_Alpha158_csi300_custom_step0_s_20260530_16,2c4cbb1c68a140398eef90f0a65fefc8,0.049,,,
4786,2026-05-29,SH600018,0.014537614073256232,EXP_LGBModel_Alpha158_csi300_custom_step0_s_20260530_16,2c4cbb1c68a140398eef90f0a65fefc8,0.049,,,
4787,2026-05-29,SH600016,-0.009710818487698808,EXP_LGBModel_Alpha158_csi300_custom_step0_s_20260530_16,2c4cbb1c68a140398eef90f0a65fefc8,0.049,,,
4788,2026-05-29,SH600015,-0.02872027681099227,EXP_LGBModel_Alpha158_csi300_custom_step0_s_20260530_16,2c4cbb1c68a140398eef90f0a65fefc8,0.049,,,
4789,2026-05-29,SH600011,0.0009659615362009773,EXP_LGBModel_Alpha158_csi300_custom_step0_s_20260530_16,2c4cbb1c68a140398eef90f0a65fefc8,0.049,,,
4790,2026-05-29,SH600010,0.006548406482002467,EXP_LGBModel_Alpha158_csi300_custom_step0_s_20260530_16,2c4cbb1c68a140398eef90f0a65fefc8,0.049,,,
4791,2026-05-29,SH600009,-0.0037995307605128603,EXP_LGBModel_Alpha158_csi300_custom_step0_s_20260530_16,2c4cbb1c68a140398eef90f0a65fefc8,0.049,,,
4792,2026-05-29,SH600000,-0.020424936275316653,EXP_LGBModel_Alpha158_csi300_custom_step0_s_20260530_16,2c4cbb1c68a140398eef90f0a65fefc8,0.049,,,
4793,2026-05-29,SZ302132,-0.004320045214339422,EXP_LGBModel_Alpha158_csi300_custom_step0_s_20260530_16,2303242575db40ceb163860e20ba2f85,0.03,,,
4794,2026-05-29,SZ301269,-0.002017383072817593,EXP_LGBModel_Alpha158_csi300_custom_step0_s_20260530_16,2303242575db40ceb163860e20ba2f85,0.03,,,
4795,2026-05-29,SZ301236,-5.362024061213654e-10,EXP_LGBModel_Alpha158_csi300_custom_step0_s_20260530_16,2303242575db40ceb163860e20ba2f85,0.03,,,
4796,2026-05-29,SZ300999,-2.0415979892670844e-05,EXP_LGBModel_Alpha158_csi300_custom_step0_s_20260530_16,2303242575db40ceb163860e20ba2f85,0.03,,,
4797,2026-05-29,SZ300979,-0.002233673301698755,EXP_LGBModel_Alpha158_csi300_custom_step0_s_20260530_16,2303242575db40ceb163860e20ba2f85,0.03,,,
4798,2026-05-29,SH600026,0.006585286248006801,EXP_LGBModel_Alpha158_csi300_custom_step0_s_20260530_16,2c4cbb1c68a140398eef90f0a65fefc8,0.049,,,
4799,2026-05-29,SH600027,0.006469612286756588,EXP_LGBModel_Alpha158_csi300_custom_step0_s_20260530_16,2c4cbb1c68a140398eef90f0a65fefc8,0.049,,,
4800,2026-05-29,SH600028,-0.0253548522342184,EXP_LGBModel_Alpha158_csi300_custom_step0_s_20260530_16,2c4cbb1c68a140398eef90f0a65fefc8,0.049,,,
4801,2026-05-29,SH600029,0.00285200183814971,EXP_LGBModel_Alpha158_csi300_custom_step0_s_20260530_16,2c4cbb1c68a140398eef90f0a65fefc8,0.049,,,
4802,2026-05-29,SH600161,-0.028134476749437722,EXP_LGBModel_Alpha158_csi300_custom_step0_s_20260530_16,2c4cbb1c68a140398eef90f0a65fefc8,0.049,,,
4803,2026-05-29,SH600160,-0.021635294362704505,EXP_LGBModel_Alpha158_csi300_custom_step0_s_20260530_16,2c4cbb1c68a140398eef90f0a65fefc8,0.049,,,
4804,2026-05-29,SH600150,0.0004890185931702598,EXP_LGBModel_Alpha158_csi300_custom_step0_s_20260530_16,2c4cbb1c68a140398eef90f0a65fefc8,0.049,,,
4805,2026-05-29,SH600115,0.004526946296823549,EXP_LGBModel_Alpha158_csi300_custom_step0_s_20260530_16,2c4cbb1c68a140398eef90f0a65fefc8,0.049,,,
4806,2026-05-29,SH600111,0.005143889922183049,EXP_LGBModel_Alpha158_csi300_custom_step0_s_20260530_16,2c4cbb1c68a140398eef90f0a65fefc8,0.049,,,
4807,2026-05-29,SH600104,-0.01984496407825993,EXP_LGBModel_Alpha158_csi300_custom_step0_s_20260530_16,2c4cbb1c68a140398eef90f0a65fefc8,0.049,,,
4808,2026-05-29,SH600089,-0.02507855233745486,EXP_LGBModel_Alpha158_csi300_custom_step0_s_20260530_16,2c4cbb1c68a140398eef90f0a65fefc8,0.049,,,
4809,2026-05-29,SZ300896,-0.002086372448843073,EXP_LGBModel_Alpha158_csi300_custom_step0_s_20260530_16,2303242575db40ceb163860e20ba2f85,0.03,,,
4810,2026-05-29,SH600085,-0.01805359261820359,EXP_LGBModel_Alpha158_csi300_custom_step0_s_20260530_16,2c4cbb1c68a140398eef90f0a65fefc8,0.049,,,
4811,2026-05-29,SH600061,-0.02177121957246865,EXP_LGBModel_Alpha158_csi300_custom_step0_s_20260530_16,2c4cbb1c68a140398eef90f0a65fefc8,0.049,,,
4812,2026-05-29,SH600050,-0.019425681994330667,EXP_LGBModel_Alpha158_csi300_custom_step0_s_20260530_16,2c4cbb1c68a140398eef90f0a65fefc8,0.049,,,
4813,2026-05-29,SH600048,-0.007397091134759144,EXP_LGBModel_Alpha158_csi300_custom_step0_s_20260530_16,2c4cbb1c68a140398eef90f0a65fefc8,0.049,,,
4814,2026-05-29,SH600039,0.0085168232873604,EXP_LGBModel_Alpha158_csi300_custom_step0_s_20260530_16,2c4cbb1c68a140398eef90f0a65fefc8,0.049,,,
4815,2026-05-29,SH600036,-0.0017088022715227712,EXP_LGBModel_Alpha158_csi300_custom_step0_s_20260530_16,2c4cbb1c68a140398eef90f0a65fefc8,0.049,,,
4816,2026-05-29,SH600031,0.006585286248006801,EXP_LGBModel_Alpha158_csi300_custom_step0_s_20260530_16,2c4cbb1c68a140398eef90f0a65fefc8,0.049,,,
4817,2026-05-29,SH600030,-0.021615672930283495,EXP_LGBModel_Alpha158_csi300_custom_step0_s_20260530_16,2c4cbb1c68a140398eef90f0a65fefc8,0.049,,,
4818,2026-05-29,SH600066,-0.0305239089144507,EXP_LGBModel_Alpha158_csi300_custom_step0_s_20260530_16,2c4cbb1c68a140398eef90f0a65fefc8,0.049,,,
4819,2026-05-29,SZ300866,-0.004320045214339422,EXP_LGBModel_Alpha158_csi300_custom_step0_s_20260530_16,2303242575db40ceb163860e20ba2f85,0.03,,,
4820,2026-05-29,SZ300832,-0.004320045214339422,EXP_LGBModel_Alpha158_csi300_custom_step0_s_20260530_16,2303242575db40ceb163860e20ba2f85,0.03,,,
4821,2026-05-29,SZ300803,-0.002233673301698755,EXP_LGBModel_Alpha158_csi300_custom_step0_s_20260530_16,2303242575db40ceb163860e20ba2f85,0.03,,,
4822,2026-05-29,SZ300124,-0.002233673301698755,EXP_LGBModel_Alpha158_csi300_custom_step0_s_20260530_16,2303242575db40ceb163860e20ba2f85,0.03,,,
4823,2026-05-29,SZ300122,-5.362024061213654e-10,EXP_LGBModel_Alpha158_csi300_custom_step0_s_20260530_16,2303242575db40ceb163860e20ba2f85,0.03,,,
4824,2026-05-29,SZ300059,-0.0021067878925333373,EXP_LGBModel_Alpha158_csi300_custom_step0_s_20260530_16,2303242575db40ceb163860e20ba2f85,0.03,,,
4825,2026-05-29,SZ300033,-0.004320045214339422,EXP_LGBModel_Alpha158_csi300_custom_step0_s_20260530_16,2303242575db40ceb163860e20ba2f85,0.03,,,
4826,2026-05-29,SZ300015,-0.002233673301698755,EXP_LGBModel_Alpha158_csi300_custom_step0_s_20260530_16,2303242575db40ceb163860e20ba2f85,0.03,,,
4827,2026-05-29,SZ300014,-0.0021067878925333373,EXP_LGBModel_Alpha158_csi300_custom_step0_s_20260530_16,2303242575db40ceb163860e20ba2f85,0.03,,,
4828,2026-05-29,SZ003816,-0.002086372448843073,EXP_LGBModel_Alpha158_csi300_custom_step0_s_20260530_16,2303242575db40ceb163860e20ba2f85,0.03,,,
4829,2026-05-29,SZ300251,-5.362024061213654e-10,EXP_LGBModel_Alpha158_csi300_custom_step0_s_20260530_16,2303242575db40ceb163860e20ba2f85,0.03,,,
4830,2026-05-29,SZ002938,0.005926083205271939,EXP_LGBModel_Alpha158_csi300_custom_step0_s_20260530_16,2303242575db40ceb163860e20ba2f85,0.03,,,
4831,2026-05-29,SZ002916,-0.0023173830013755734,EXP_LGBModel_Alpha158_csi300_custom_step0_s_20260530_16,2303242575db40ceb163860e20ba2f85,0.03,,,
4832,2026-05-29,SZ002736,-5.362024061213654e-10,EXP_LGBModel_Alpha158_csi300_custom_step0_s_20260530_16,2303242575db40ceb163860e20ba2f85,0.03,,,
4833,2026-05-29,SZ002714,-0.004320045214339422,EXP_LGBModel_Alpha158_csi300_custom_step0_s_20260530_16,2303242575db40ceb163860e20ba2f85,0.03,,,
4834,2026-05-29,SZ002709,0.00037694628165505737,EXP_LGBModel_Alpha158_csi300_custom_step0_s_20260530_16,2303242575db40ceb163860e20ba2f85,0.03,,,
4835,2026-05-29,SZ002648,-5.362024061213654e-10,EXP_LGBModel_Alpha158_csi300_custom_step0_s_20260530_16,2303242575db40ceb163860e20ba2f85,0.03,,,
4836,2026-05-29,SZ002625,-0.004320045214339422,EXP_LGBModel_Alpha158_csi300_custom_step0_s_20260530_16,2303242575db40ceb163860e20ba2f85,0.03,,,
4837,2026-05-29,SZ002601,-0.002233673301698755,EXP_LGBModel_Alpha158_csi300_custom_step0_s_20260530_16,2303242575db40ceb163860e20ba2f85,0.03,,,
4838,2026-05-29,SZ002920,-0.002233673301698755,EXP_LGBModel_Alpha158_csi300_custom_step0_s_20260530_16,2303242575db40ceb163860e20ba2f85,0.03,,,
4839,2026-05-29,SH600176,0.11244615152834425,EXP_LGBModel_Alpha158_csi300_custom_step0_s_20260530_16,2c4cbb1c68a140398eef90f0a65fefc8,0.049,,,
4840,2026-05-29,SZ300274,0.005626083276713959,EXP_LGBModel_Alpha158_csi300_custom_step0_s_20260530_16,2303242575db40ceb163860e20ba2f85,0.03,,,
4841,2026-05-29,SZ300316,0.005156207761907283,EXP_LGBModel_Alpha158_csi300_custom_step0_s_20260530_16,2303242575db40ceb163860e20ba2f85,0.03,,,
4842,2026-05-29,SZ300782,0.007173590298522469,EXP_LGBModel_Alpha158_csi300_custom_step0_s_20260530_16,2303242575db40ceb163860e20ba2f85,0.03,,,
4843,2026-05-29,SZ300760,0.0007383422562318373,EXP_LGBModel_Alpha158_csi300_custom_step0_s_20260530_16,2303242575db40ceb163860e20ba2f85,0.03,,,
4844,2026-05-29,SZ300759,0.00037694628165505737,EXP_LGBModel_Alpha158_csi300_custom_step0_s_20260530_16,2303242575db40ceb163860e20ba2f85,0.03,,,
4845,2026-05-29,SZ300750,-0.0021067878925333373,EXP_LGBModel_Alpha158_csi300_custom_step0_s_20260530_16,2303242575db40ceb163860e20ba2f85,0.03,,,
4846,2026-05-29,SZ300661,0.005926083205271939,EXP_LGBModel_Alpha158_csi300_custom_step0_s_20260530_16,2303242575db40ceb163860e20ba2f85,0.03,,,
4847,2026-05-29,SZ300628,-0.0028046947158517775,EXP_LGBModel_Alpha158_csi300_custom_step0_s_20260530_16,2303242575db40ceb163860e20ba2f85,0.03,,,
4848,2026-05-29,SZ300502,-5.362024061213654e-10,EXP_LGBModel_Alpha158_csi300_custom_step0_s_20260530_16,2303242575db40ceb163860e20ba2f85,0.03,,,
4849,2026-05-29,SZ300308,-0.00030000046476038656,EXP_LGBModel_Alpha158_csi300_custom_step0_s_20260530_16,2303242575db40ceb163860e20ba2f85,0.03,,,
4850,2026-05-29,SZ300498,-5.362024061213654e-10,EXP_LGBModel_Alpha158_csi300_custom_step0_s_20260530_16,2303242575db40ceb163860e20ba2f85,0.03,,,
4851,2026-05-29,SZ300442,-5.362024061213654e-10,EXP_LGBModel_Alpha158_csi300_custom_step0_s_20260530_16,2303242575db40ceb163860e20ba2f85,0.03,,,
4852,2026-05-29,SZ300433,-5.362024061213654e-10,EXP_LGBModel_Alpha158_csi300_custom_step0_s_20260530_16,2303242575db40ceb163860e20ba2f85,0.03,,,
4853,2026-05-29,SZ300418,-0.002233673301698755,EXP_LGBModel_Alpha158_csi300_custom_step0_s_20260530_16,2303242575db40ceb163860e20ba2f85,0.03,,,
4854,2026-05-29,SZ300413,-0.002233673301698755,EXP_LGBModel_Alpha158_csi300_custom_step0_s_20260530_16,2303242575db40ceb163860e20ba2f85,0.03,,,
4855,2026-05-29,SZ300408,-5.362024061213654e-10,EXP_LGBModel_Alpha158_csi300_custom_step0_s_20260530_16,2303242575db40ceb163860e20ba2f85,0.03,,,
4856,2026-05-29,SZ300394,-5.362024061213654e-10,EXP_LGBModel_Alpha158_csi300_custom_step0_s_20260530_16,2303242575db40ceb163860e20ba2f85,0.03,,,
4857,2026-05-29,SZ300347,0.013099674039996814,EXP_LGBModel_Alpha158_csi300_custom_step0_s_20260530_16,2303242575db40ceb163860e20ba2f85,0.03,,,
4858,2026-05-29,SZ300476,-0.004320045214339422,EXP_LGBModel_Alpha158_csi300_custom_step0_s_20260530_16,2303242575db40ceb163860e20ba2f85,0.03,,,
4859,2026-05-29,SH600183,0.011532098136709724,EXP_LGBModel_Alpha158_csi300_custom_step0_s_20260530_16,2c4cbb1c68a140398eef90f0a65fefc8,0.049,,,
4860,2026-05-29,SH600188,0.009951663328107874,EXP_LGBModel_Alpha158_csi300_custom_step0_s_20260530_16,2c4cbb1c68a140398eef90f0a65fefc8,0.049,,,
4861,2026-05-29,SH600196,-0.03494447722544467,EXP_LGBModel_Alpha158_csi300_custom_step0_s_20260530_16,2c4cbb1c68a140398eef90f0a65fefc8,0.049,,,
4862,2026-05-29,SH601059,0.004768332926883784,EXP_LGBModel_Alpha158_csi300_custom_step0_s_20260530_16,2c4cbb1c68a140398eef90f0a65fefc8,0.049,,,
4863,2026-05-29,SH601058,-0.019401966989484275,EXP_LGBModel_Alpha158_csi300_custom_step0_s_20260530_16,2c4cbb1c68a140398eef90f0a65fefc8,0.049,,,
4864,2026-05-29,SH601021,-0.0003662012300912653,EXP_LGBModel_Alpha158_csi300_custom_step0_s_20260530_16,2c4cbb1c68a140398eef90f0a65fefc8,0.049,,,
4865,2026-05-29,SH601018,-0.03323567610323759,EXP_LGBModel_Alpha158_csi300_custom_step0_s_20260530_16,2c4cbb1c68a140398eef90f0a65fefc8,0.049,,,
4866,2026-05-29,SH601012,0.02448328768125394,EXP_LGBModel_Alpha158_csi300_custom_step0_s_20260530_16,2c4cbb1c68a140398eef90f0a65fefc8,0.049,,,
4867,2026-05-29,SH601009,-0.03244949132931914,EXP_LGBModel_Alpha158_csi300_custom_step0_s_20260530_16,2c4cbb1c68a140398eef90f0a65fefc8,0.049,,,
4868,2026-05-29,SH601006,-0.03331917047962402,EXP_LGBModel_Alpha158_csi300_custom_step0_s_20260530_16,2c4cbb1c68a140398eef90f0a65fefc8,0.049,,,
4869,2026-05-29,SH601066,0.008601589286576904,EXP_LGBModel_Alpha158_csi300_custom_step0_s_20260530_16,2c4cbb1c68a140398eef90f0a65fefc8,0.049,,,
4870,2026-05-29,SH600999,-0.0043972571995773944,EXP_LGBModel_Alpha158_csi300_custom_step0_s_20260530_16,2c4cbb1c68a140398eef90f0a65fefc8,0.049,,,
4871,2026-05-29,SH600958,-0.0018683657026905198,EXP_LGBModel_Alpha158_csi300_custom_step0_s_20260530_16,2c4cbb1c68a140398eef90f0a65fefc8,0.049,,,
4872,2026-05-29,SH600941,0.0048758506513977215,EXP_LGBModel_Alpha158_csi300_custom_step0_s_20260530_16,2c4cbb1c68a140398eef90f0a65fefc8,0.049,,,
4873,2026-05-29,SH600938,-0.006915804157413346,EXP_LGBModel_Alpha158_csi300_custom_step0_s_20260530_16,2c4cbb1c68a140398eef90f0a65fefc8,0.049,,,
4874,2026-05-29,SH600930,0.0010654133580550124,EXP_LGBModel_Alpha158_csi300_custom_step0_s_20260530_16,2c4cbb1c68a140398eef90f0a65fefc8,0.049,,,
4875,2026-05-29,SH600926,-0.023456184799746257,EXP_LGBModel_Alpha158_csi300_custom_step0_s_20260530_16,2c4cbb1c68a140398eef90f0a65fefc8,0.049,,,
4876,2026-05-29,SH600919,-0.025871863308564353,EXP_LGBModel_Alpha158_csi300_custom_step0_s_20260530_16,2c4cbb1c68a140398eef90f0a65fefc8,0.049,,,
4877,2026-05-29,SH600918,-0.0024896906795281973,EXP_LGBModel_Alpha158_csi300_custom_step0_s_20260530_16,2c4cbb1c68a140398eef90f0a65fefc8,0.049,,,
4878,2026-05-29,SH600989,0.02448328768125394,EXP_LGBModel_Alpha158_csi300_custom_step0_s_20260530_16,2c4cbb1c68a140398eef90f0a65fefc8,0.049,,,
4879,2026-05-29,SH600905,-0.02210488490331109,EXP_LGBModel_Alpha158_csi300_custom_step0_s_20260530_16,2c4cbb1c68a140398eef90f0a65fefc8,0.049,,,
4880,2026-05-29,SH601077,-0.03224812037743426,EXP_LGBModel_Alpha158_csi300_custom_step0_s_20260530_16,2c4cbb1c68a140398eef90f0a65fefc8,0.049,,,
4881,2026-05-29,SH601100,0.017012307199011936,EXP_LGBModel_Alpha158_csi300_custom_step0_s_20260530_16,2c4cbb1c68a140398eef90f0a65fefc8,0.049,,,
4882,2026-05-29,SH601318,-0.031345517147360426,EXP_LGBModel_Alpha158_csi300_custom_step0_s_20260530_16,2c4cbb1c68a140398eef90f0a65fefc8,0.049,,,
4883,2026-05-29,SH601298,-0.022775845918167895,EXP_LGBModel_Alpha158_csi300_custom_step0_s_20260530_16,2c4cbb1c68a140398eef90f0a65fefc8,0.049,,,
4884,2026-05-29,SH601288,-0.02760755246698415,EXP_LGBModel_Alpha158_csi300_custom_step0_s_20260530_16,2c4cbb1c68a140398eef90f0a65fefc8,0.049,,,
4885,2026-05-29,SH601238,0.0044730883337888655,EXP_LGBModel_Alpha158_csi300_custom_step0_s_20260530_16,2c4cbb1c68a140398eef90f0a65fefc8,0.049,,,
4886,2026-05-29,SH601236,-0.036668688688428236,EXP_LGBModel_Alpha158_csi300_custom_step0_s_20260530_16,2c4cbb1c68a140398eef90f0a65fefc8,0.049,,,
4887,2026-05-29,SH601229,-0.029807854412653524,EXP_LGBModel_Alpha158_csi300_custom_step0_s_20260530_16,2c4cbb1c68a140398eef90f0a65fefc8,0.049,,,
4888,2026-05-29,SH601225,0.001369640217881318,EXP_LGBModel_Alpha158_csi300_custom_step0_s_20260530_16,2c4cbb1c68a140398eef90f0a65fefc8,0.049,,,
4889,2026-05-29,SH601088,-0.02872027681099227,EXP_LGBModel_Alpha158_csi300_custom_step0_s_20260530_16,2c4cbb1c68a140398eef90f0a65fefc8,0.049,,,
4890,2026-05-29,SH601211,-0.022183719395011754,EXP_LGBModel_Alpha158_csi300_custom_step0_s_20260530_16,2c4cbb1c68a140398eef90f0a65fefc8,0.049,,,
4891,2026-05-29,SH601169,-0.03494447722544467,EXP_LGBModel_Alpha158_csi300_custom_step0_s_20260530_16,2c4cbb1c68a140398eef90f0a65fefc8,0.049,,,
4892,2026-05-29,SH601166,-0.0022137505725597236,EXP_LGBModel_Alpha158_csi300_custom_step0_s_20260530_16,2c4cbb1c68a140398eef90f0a65fefc8,0.049,,,
4893,2026-05-29,SH601138,0.016128289475688284,EXP_LGBModel_Alpha158_csi300_custom_step0_s_20260530_16,2c4cbb1c68a140398eef90f0a65fefc8,0.049,,,
4894,2026-05-29,SH601136,-0.015706246588923334,EXP_LGBModel_Alpha158_csi300_custom_step0_s_20260530_16,2c4cbb1c68a140398eef90f0a65fefc8,0.049,,,
4895,2026-05-29,SH601127,-0.024526799893111146,EXP_LGBModel_Alpha158_csi300_custom_step0_s_20260530_16,2c4cbb1c68a140398eef90f0a65fefc8,0.049,,,
4896,2026-05-29,SH601117,-0.014877625313661552,EXP_LGBModel_Alpha158_csi300_custom_step0_s_20260530_16,2c4cbb1c68a140398eef90f0a65fefc8,0.049,,,
4897,2026-05-29,SH601111,0.0010136017700909427,EXP_LGBModel_Alpha158_csi300_custom_step0_s_20260530_16,2c4cbb1c68a140398eef90f0a65fefc8,0.049,,,
4898,2026-05-29,SH601186,-0.03375944703763921,EXP_LGBModel_Alpha158_csi300_custom_step0_s_20260530_16,2c4cbb1c68a140398eef90f0a65fefc8,0.049,,,
4899,2026-05-29,SZ002600,-5.362024061213654e-10,EXP_LGBModel_Alpha158_csi300_custom_step0_s_20260530_16,2303242575db40ceb163860e20ba2f85,0.03,,,
4900,2026-05-29,SH600900,-0.003938659262951762,EXP_LGBModel_Alpha158_csi300_custom_step0_s_20260530_16,2c4cbb1c68a140398eef90f0a65fefc8,0.049,,,
4901,2026-05-29,SH600887,0.02406134716036868,EXP_LGBModel_Alpha158_csi300_custom_step0_s_20260530_16,2c4cbb1c68a140398eef90f0a65fefc8,0.049,,,
4902,2026-05-29,SH600489,0.02448328768125394,EXP_LGBModel_Alpha158_csi300_custom_step0_s_20260530_16,2c4cbb1c68a140398eef90f0a65fefc8,0.049,,,
4903,2026-05-29,SH600482,-0.02393425531810945,EXP_LGBModel_Alpha158_csi300_custom_step0_s_20260530_16,2c4cbb1c68a140398eef90f0a65fefc8,0.049,,,
4904,2026-05-29,SH600460,0.00470795671704741,EXP_LGBModel_Alpha158_csi300_custom_step0_s_20260530_16,2c4cbb1c68a140398eef90f0a65fefc8,0.049,,,
4905,2026-05-29,SH600438,0.006548406482002467,EXP_LGBModel_Alpha158_csi300_custom_step0_s_20260530_16,2c4cbb1c68a140398eef90f0a65fefc8,0.049,,,
4906,2026-05-29,SH600436,-0.024277793032655984,EXP_LGBModel_Alpha158_csi300_custom_step0_s_20260530_16,2c4cbb1c68a140398eef90f0a65fefc8,0.049,,,
4907,2026-05-29,SH600426,0.02448328768125394,EXP_LGBModel_Alpha158_csi300_custom_step0_s_20260530_16,2c4cbb1c68a140398eef90f0a65fefc8,0.049,,,
4908,2026-05-29,SH600415,-0.005447981575457674,EXP_LGBModel_Alpha158_csi300_custom_step0_s_20260530_16,2c4cbb1c68a140398eef90f0a65fefc8,0.049,,,
4909,2026-05-29,SH600515,-0.019906871808076418,EXP_LGBModel_Alpha158_csi300_custom_step0_s_20260530_16,2c4cbb1c68a140398eef90f0a65fefc8,0.049,,,
4910,2026-05-29,SH600406,-0.03767934659492724,EXP_LGBModel_Alpha158_csi300_custom_step0_s_20260530_16,2c4cbb1c68a140398eef90f0a65fefc8,0.049,,,
4911,2026-05-29,SH600372,0.004077735966617332,EXP_LGBModel_Alpha158_csi300_custom_step0_s_20260530_16,2c4cbb1c68a140398eef90f0a65fefc8,0.049,,,
4912,2026-05-29,SH600362,-0.0007098603720517841,EXP_LGBModel_Alpha158_csi300_custom_step0_s_20260530_16,2c4cbb1c68a140398eef90f0a65fefc8,0.049,,,
4913,2026-05-29,SH600346,0.02448328768125394,EXP_LGBModel_Alpha158_csi300_custom_step0_s_20260530_16,2c4cbb1c68a140398eef90f0a65fefc8,0.049,,,
4914,2026-05-29,SH600309,0.001562572980974594,EXP_LGBModel_Alpha158_csi300_custom_step0_s_20260530_16,2c4cbb1c68a140398eef90f0a65fefc8,0.049,,,
4915,2026-05-29,SH600276,-0.03323567610323759,EXP_LGBModel_Alpha158_csi300_custom_step0_s_20260530_16,2c4cbb1c68a140398eef90f0a65fefc8,0.049,,,
4916,2026-05-29,SH600233,-0.004101021195695667,EXP_LGBModel_Alpha158_csi300_custom_step0_s_20260530_16,2c4cbb1c68a140398eef90f0a65fefc8,0.049,,,
4917,2026-05-29,SH600219,-2.1765837217060543e-05,EXP_LGBModel_Alpha158_csi300_custom_step0_s_20260530_16,2c4cbb1c68a140398eef90f0a65fefc8,0.049,,,
4918,2026-05-29,SH600377,0.008543725297327803,EXP_LGBModel_Alpha158_csi300_custom_step0_s_20260530_16,2c4cbb1c68a140398eef90f0a65fefc8,0.049,,,
4919,2026-05-29,SH600893,0.006548406482002467,EXP_LGBModel_Alpha158_csi300_custom_step0_s_20260530_16,2c4cbb1c68a140398eef90f0a65fefc8,0.049,,,
4920,2026-05-29,SH600519,-0.011371206431222868,EXP_LGBModel_Alpha158_csi300_custom_step0_s_20260530_16,2c4cbb1c68a140398eef90f0a65fefc8,0.049,,,
4921,2026-05-29,SH600547,0.02448328768125394,EXP_LGBModel_Alpha158_csi300_custom_step0_s_20260530_16,2c4cbb1c68a140398eef90f0a65fefc8,0.049,,,
4922,2026-05-29,SH600886,0.007143542044991374,EXP_LGBModel_Alpha158_csi300_custom_step0_s_20260530_16,2c4cbb1c68a140398eef90f0a65fefc8,0.049,,,
4923,2026-05-29,SH600875,0.004077735966617332,EXP_LGBModel_Alpha158_csi300_custom_step0_s_20260530_16,2c4cbb1c68a140398eef90f0a65fefc8,0.049,,,
4924,2026-05-29,SH600845,0.006548406482002467,EXP_LGBModel_Alpha158_csi300_custom_step0_s_20260530_16,2c4cbb1c68a140398eef90f0a65fefc8,0.049,,,
4925,2026-05-29,SH600809,-0.019906871808076418,EXP_LGBModel_Alpha158_csi300_custom_step0_s_20260530_16,2c4cbb1c68a140398eef90f0a65fefc8,0.049,,,
4926,2026-05-29,SH600803,-0.014739620084271158,EXP_LGBModel_Alpha158_csi300_custom_step0_s_20260530_16,2c4cbb1c68a140398eef90f0a65fefc8,0.049,,,
4927,2026-05-29,SH600795,0.011390254960289838,EXP_LGBModel_Alpha158_csi300_custom_step0_s_20260530_16,2c4cbb1c68a140398eef90f0a65fefc8,0.049,,,
4928,2026-05-29,SH600760,0.0048263335242826255,EXP_LGBModel_Alpha158_csi300_custom_step0_s_20260530_16,2c4cbb1c68a140398eef90f0a65fefc8,0.049,,,
4929,2026-05-29,SH600522,0.034467564284256465,EXP_LGBModel_Alpha158_csi300_custom_step0_s_20260530_16,2c4cbb1c68a140398eef90f0a65fefc8,0.049,,,
4930,2026-05-29,SH600741,0.0029105142034985773,EXP_LGBModel_Alpha158_csi300_custom_step0_s_20260530_16,2c4cbb1c68a140398eef90f0a65fefc8,0.049,,,
4931,2026-05-29,SH600674,-3.385781284893203e-05,EXP_LGBModel_Alpha158_csi300_custom_step0_s_20260530_16,2c4cbb1c68a140398eef90f0a65fefc8,0.049,,,
4932,2026-05-29,SH600660,-0.02430916813309994,EXP_LGBModel_Alpha158_csi300_custom_step0_s_20260530_16,2c4cbb1c68a140398eef90f0a65fefc8,0.049,,,
4933,2026-05-29,SH600600,-0.027610710011336,EXP_LGBModel_Alpha158_csi300_custom_step0_s_20260530_16,2c4cbb1c68a140398eef90f0a65fefc8,0.049,,,
4934,2026-05-29,SH600588,0.006585286248006801,EXP_LGBModel_Alpha158_csi300_custom_step0_s_20260530_16,2c4cbb1c68a140398eef90f0a65fefc8,0.049,,,
4935,2026-05-29,SH600585,-0.021248498648412505,EXP_LGBModel_Alpha158_csi300_custom_step0_s_20260530_16,2c4cbb1c68a140398eef90f0a65fefc8,0.049,,,
4936,2026-05-29,SH600584,-0.004985864999562292,EXP_LGBModel_Alpha158_csi300_custom_step0_s_20260530_16,2c4cbb1c68a140398eef90f0a65fefc8,0.049,,,
4937,2026-05-29,SH600570,-0.019151936441078894,EXP_LGBModel_Alpha158_csi300_custom_step0_s_20260530_16,2c4cbb1c68a140398eef90f0a65fefc8,0.049,,,
4938,2026-05-29,SH600690,-0.02570465824064422,EXP_LGBModel_Alpha158_csi300_custom_step0_s_20260530_16,2c4cbb1c68a140398eef90f0a65fefc8,0.049,,,
4939,2026-05-29,SZ002594,-0.0028046947158517775,EXP_LGBModel_Alpha158_csi300_custom_step0_s_20260530_16,2303242575db40ceb163860e20ba2f85,0.03,,,
4940,2026-05-29,SZ002493,-0.002233673301698755,EXP_LGBModel_Alpha158_csi300_custom_step0_s_20260530_16,2303242575db40ceb163860e20ba2f85,0.03,,,
4941,2026-05-29,SZ002475,-0.002233673301698755,EXP_LGBModel_Alpha158_csi300_custom_step0_s_20260530_16,2303242575db40ceb163860e20ba2f85,0.03,,,
4942,2026-05-29,SH601919,-5.362024061213654e-10,EXP_LGBModel_Alpha158_csi300_custom_step0_s_20260530_16,2303242575db40ceb163860e20ba2f85,0.03,,,
4943,2026-05-29,SH601916,-5.362024061213654e-10,EXP_LGBModel_Alpha158_csi300_custom_step0_s_20260530_16,2303242575db40ceb163860e20ba2f85,0.03,,,
4944,2026-05-29,SH601901,-0.000718322803211111,EXP_LGBModel_Alpha158_csi300_custom_step0_s_20260530_16,2303242575db40ceb163860e20ba2f85,0.03,,,
4945,2026-05-29,SH601899,-0.002233673301698755,EXP_LGBModel_Alpha158_csi300_custom_step0_s_20260530_16,2303242575db40ceb163860e20ba2f85,0.03,,,
4946,2026-05-29,SH601898,-0.004320045214339422,EXP_LGBModel_Alpha158_csi300_custom_step0_s_20260530_16,2303242575db40ceb163860e20ba2f85,0.03,,,
4947,2026-05-29,SH601888,-0.002086372448843073,EXP_LGBModel_Alpha158_csi300_custom_step0_s_20260530_16,2303242575db40ceb163860e20ba2f85,0.03,,,
4948,2026-05-29,SH601881,0.002824714168872504,EXP_LGBModel_Alpha158_csi300_custom_step0_s_20260530_16,2303242575db40ceb163860e20ba2f85,0.03,,,
4949,2026-05-29,SH601939,-2.0415979892670844e-05,EXP_LGBModel_Alpha158_csi300_custom_step0_s_20260530_16,2303242575db40ceb163860e20ba2f85,0.03,,,
4950,2026-05-29,SH601878,0.002824714168872504,EXP_LGBModel_Alpha158_csi300_custom_step0_s_20260530_16,2303242575db40ceb163860e20ba2f85,0.03,,,
4951,2026-05-29,SH601872,-5.362024061213654e-10,EXP_LGBModel_Alpha158_csi300_custom_step0_s_20260530_16,2303242575db40ceb163860e20ba2f85,0.03,,,
4952,2026-05-29,SH601868,-0.002233673301698755,EXP_LGBModel_Alpha158_csi300_custom_step0_s_20260530_16,2303242575db40ceb163860e20ba2f85,0.03,,,
4953,2026-05-29,SH601857,-0.004320045214339422,EXP_LGBModel_Alpha158_csi300_custom_step0_s_20260530_16,2303242575db40ceb163860e20ba2f85,0.03,,,
4954,2026-05-29,SH601838,-5.362024061213654e-10,EXP_LGBModel_Alpha158_csi300_custom_step0_s_20260530_16,2303242575db40ceb163860e20ba2f85,0.03,,,
4955,2026-05-29,SH601825,-0.0021067878925333373,EXP_LGBModel_Alpha158_csi300_custom_step0_s_20260530_16,2303242575db40ceb163860e20ba2f85,0.03,,,
4956,2026-05-29,SH601818,0.002824714168872504,EXP_LGBModel_Alpha158_csi300_custom_step0_s_20260530_16,2303242575db40ceb163860e20ba2f85,0.03,,,
4957,2026-05-29,SH601816,0.0019802589397406936,EXP_LGBModel_Alpha158_csi300_custom_step0_s_20260530_16,2303242575db40ceb163860e20ba2f85,0.03,,,
4958,2026-05-29,SH601877,-0.004320045214339422,EXP_LGBModel_Alpha158_csi300_custom_step0_s_20260530_16,2303242575db40ceb163860e20ba2f85,0.03,,,
4959,2026-05-29,SH601808,-0.0035195065436750736,EXP_LGBModel_Alpha158_csi300_custom_step0_s_20260530_16,2303242575db40ceb163860e20ba2f85,0.03,,,
4960,2026-05-29,SH601985,-5.362024061213654e-10,EXP_LGBModel_Alpha158_csi300_custom_step0_s_20260530_16,2303242575db40ceb163860e20ba2f85,0.03,,,
4961,2026-05-29,SH601995,-5.362024061213654e-10,EXP_LGBModel_Alpha158_csi300_custom_step0_s_20260530_16,2303242575db40ceb163860e20ba2f85,0.03,,,
4962,2026-05-29,SH605499,-0.004320045214339422,EXP_LGBModel_Alpha158_csi300_custom_step0_s_20260530_16,2303242575db40ceb163860e20ba2f85,0.03,,,
4963,2026-05-29,SH605117,-0.002086372448843073,EXP_LGBModel_Alpha158_csi300_custom_step0_s_20260530_16,2303242575db40ceb163860e20ba2f85,0.03,,,
4964,2026-05-29,SH603993,-0.002233673301698755,EXP_LGBModel_Alpha158_csi300_custom_step0_s_20260530_16,2303242575db40ceb163860e20ba2f85,0.03,,,
4965,2026-05-29,SH603986,-0.0023173830013755734,EXP_LGBModel_Alpha158_csi300_custom_step0_s_20260530_16,2303242575db40ceb163860e20ba2f85,0.03,,,
4966,2026-05-29,SH603893,-5.362024061213654e-10,EXP_LGBModel_Alpha158_csi300_custom_step0_s_20260530_16,2303242575db40ceb163860e20ba2f85,0.03,,,
4967,2026-05-29,SH603799,-0.002233673301698755,EXP_LGBModel_Alpha158_csi300_custom_step0_s_20260530_16,2303242575db40ceb163860e20ba2f85,0.03,,,
4968,2026-05-29,SH603501,-0.002233673301698755,EXP_LGBModel_Alpha158_csi300_custom_step0_s_20260530_16,2303242575db40ceb163860e20ba2f85,0.03,,,
4969,2026-05-29,SH601988,0.0008586050802028772,EXP_LGBModel_Alpha158_csi300_custom_step0_s_20260530_16,2303242575db40ceb163860e20ba2f85,0.03,,,
4970,2026-05-29,SH603392,0.00037694628165505737,EXP_LGBModel_Alpha158_csi300_custom_step0_s_20260530_16,2303242575db40ceb163860e20ba2f85,0.03,,,
4971,2026-05-29,SH603296,-0.002233673301698755,EXP_LGBModel_Alpha158_csi300_custom_step0_s_20260530_16,2303242575db40ceb163860e20ba2f85,0.03,,,
4972,2026-05-29,SH603288,-0.000718322803211111,EXP_LGBModel_Alpha158_csi300_custom_step0_s_20260530_16,2303242575db40ceb163860e20ba2f85,0.03,,,
4973,2026-05-29,SH603260,-0.002233673301698755,EXP_LGBModel_Alpha158_csi300_custom_step0_s_20260530_16,2303242575db40ceb163860e20ba2f85,0.03,,,
4974,2026-05-29,SH603259,-0.002086372448843073,EXP_LGBModel_Alpha158_csi300_custom_step0_s_20260530_16,2303242575db40ceb163860e20ba2f85,0.03,,,
4975,2026-05-29,SH603195,-0.002086372448843073,EXP_LGBModel_Alpha158_csi300_custom_step0_s_20260530_16,2303242575db40ceb163860e20ba2f85,0.03,,,
4976,2026-05-29,SH603019,-0.004320045214339422,EXP_LGBModel_Alpha158_csi300_custom_step0_s_20260530_16,2303242575db40ceb163860e20ba2f85,0.03,,,
4977,2026-05-29,SH601998,-0.0035195065436750736,EXP_LGBModel_Alpha158_csi300_custom_step0_s_20260530_16,2303242575db40ceb163860e20ba2f85,0.03,,,
4978,2026-05-29,SH603369,0.002823572786748878,EXP_LGBModel_Alpha158_csi300_custom_step0_s_20260530_16,2303242575db40ceb163860e20ba2f85,0.03,,,
4979,2026-05-29,SH688008,0.013099674039996814,EXP_LGBModel_Alpha158_csi300_custom_step0_s_20260530_16,2303242575db40ceb163860e20ba2f85,0.03,,,
4980,2026-05-29,SH601800,-0.002086372448843073,EXP_LGBModel_Alpha158_csi300_custom_step0_s_20260530_16,2303242575db40ceb163860e20ba2f85,0.03,,,
4981,2026-05-29,SH601766,-0.000718322803211111,EXP_LGBModel_Alpha158_csi300_custom_step0_s_20260530_16,2303242575db40ceb163860e20ba2f85,0.03,,,
4982,2026-05-29,SH601319,-2.0415979892670844e-05,EXP_LGBModel_Alpha158_csi300_custom_step0_s_20260530_16,2303242575db40ceb163860e20ba2f85,0.03,,,
4983,2026-05-29,SH601318,-0.000718322803211111,EXP_LGBModel_Alpha158_csi300_custom_step0_s_20260530_16,2303242575db40ceb163860e20ba2f85,0.03,,,
4984,2026-05-29,SH601298,0.0008586050802028772,EXP_LGBModel_Alpha158_csi300_custom_step0_s_20260530_16,2303242575db40ceb163860e20ba2f85,0.03,,,
4985,2026-05-29,SH601288,-5.362024061213654e-10,EXP_LGBModel_Alpha158_csi300_custom_step0_s_20260530_16,2303242575db40ceb163860e20ba2f85,0.03,,,
4986,2026-05-29,SH601238,-0.004320045214339422,EXP_LGBModel_Alpha158_csi300_custom_step0_s_20260530_16,2303242575db40ceb163860e20ba2f85,0.03,,,
4987,2026-05-29,SH601236,0.0015388809268961855,EXP_LGBModel_Alpha158_csi300_custom_step0_s_20260530_16,2303242575db40ceb163860e20ba2f85,0.03,,,
4988,2026-05-29,SH601229,-5.362024061213654e-10,EXP_LGBModel_Alpha158_csi300_custom_step0_s_20260530_16,2303242575db40ceb163860e20ba2f85,0.03,,,
4989,2026-05-29,SH601328,-0.0028046947158517775,EXP_LGBModel_Alpha158_csi300_custom_step0_s_20260530_16,2303242575db40ceb163860e20ba2f85,0.03,,,
4990,2026-05-29,SH601225,-0.003809017664230853,EXP_LGBModel_Alpha158_csi300_custom_step0_s_20260530_16,2303242575db40ceb163860e20ba2f85,0.03,,,
4991,2026-05-29,SH601186,-0.0021067878925333373,EXP_LGBModel_Alpha158_csi300_custom_step0_s_20260530_16,2303242575db40ceb163860e20ba2f85,0.03,,,
4992,2026-05-29,SH601169,-0.002086372448843073,EXP_LGBModel_Alpha158_csi300_custom_step0_s_20260530_16,2303242575db40ceb163860e20ba2f85,0.03,,,
4993,2026-05-29,SH601166,-0.0015753448987345037,EXP_LGBModel_Alpha158_csi300_custom_step0_s_20260530_16,2303242575db40ceb163860e20ba2f85,0.03,,,
4994,2026-05-29,SH601138,-0.004320045214339422,EXP_LGBModel_Alpha158_csi300_custom_step0_s_20260530_16,2303242575db40ceb163860e20ba2f85,0.03,,,
4995,2026-05-29,SH601136,-0.002233673301698755,EXP_LGBModel_Alpha158_csi300_custom_step0_s_20260530_16,2303242575db40ceb163860e20ba2f85,0.03,,,
4996,2026-05-29,SH601127,-0.004320045214339422,EXP_LGBModel_Alpha158_csi300_custom_step0_s_20260530_16,2303242575db40ceb163860e20ba2f85,0.03,,,
4997,2026-05-29,SH601117,-2.0415979892670844e-05,EXP_LGBModel_Alpha158_csi300_custom_step0_s_20260530_16,2303242575db40ceb163860e20ba2f85,0.03,,,
4998,2026-05-29,SH601211,0.0007383422562318373,EXP_LGBModel_Alpha158_csi300_custom_step0_s_20260530_16,2303242575db40ceb163860e20ba2f85,0.03,,,
4999,2026-05-29,SH601788,-0.004320045214339422,EXP_LGBModel_Alpha158_csi300_custom_step0_s_20260530_16,2303242575db40ceb163860e20ba2f85,0.03,,,
5000,2026-05-29,SH601336,-0.000718322803211111,EXP_LGBModel_Alpha158_csi300_custom_step0_s_20260530_16,2303242575db40ceb163860e20ba2f85,0.03,,,
5001,2026-05-29,SH601377,-0.0028046947158517775,EXP_LGBModel_Alpha158_csi300_custom_step0_s_20260530_16,2303242575db40ceb163860e20ba2f85,0.03,,,
5002,2026-05-29,SH601728,-0.002233673301698755,EXP_LGBModel_Alpha158_csi300_custom_step0_s_20260530_16,2303242575db40ceb163860e20ba2f85,0.03,,,
5003,2026-05-29,SH601698,0.00037694628165505737,EXP_LGBModel_Alpha158_csi300_custom_step0_s_20260530_16,2303242575db40ceb163860e20ba2f85,0.03,,,
5004,2026-05-29,SH601689,0.005926083205271939,EXP_LGBModel_Alpha158_csi300_custom_step0_s_20260530_16,2303242575db40ceb163860e20ba2f85,0.03,,,
5005,2026-05-29,SH601688,-5.362024061213654e-10,EXP_LGBModel_Alpha158_csi300_custom_step0_s_20260530_16,2303242575db40ceb163860e20ba2f85,0.03,,,
5006,2026-05-29,SH601669,-0.004320045214339422,EXP_LGBModel_Alpha158_csi300_custom_step0_s_20260530_16,2303242575db40ceb163860e20ba2f85,0.03,,,
5007,2026-05-29,SH601668,-5.362024061213654e-10,EXP_LGBModel_Alpha158_csi300_custom_step0_s_20260530_16,2303242575db40ceb163860e20ba2f85,0.03,,,
5008,2026-05-29,SH601658,-0.000718322803211111,EXP_LGBModel_Alpha158_csi300_custom_step0_s_20260530_16,2303242575db40ceb163860e20ba2f85,0.03,,,
5009,2026-05-29,SH601360,-0.002233673301698755,EXP_LGBModel_Alpha158_csi300_custom_step0_s_20260530_16,2303242575db40ceb163860e20ba2f85,0.03,,,
5010,2026-05-29,SH601633,-5.362024061213654e-10,EXP_LGBModel_Alpha158_csi300_custom_step0_s_20260530_16,2303242575db40ceb163860e20ba2f85,0.03,,,
5011,2026-05-29,SH601618,-0.000718322803211111,EXP_LGBModel_Alpha158_csi300_custom_step0_s_20260530_16,2303242575db40ceb163860e20ba2f85,0.03,,,
5012,2026-05-29,SH601607,0.0022321793652627453,EXP_LGBModel_Alpha158_csi300_custom_step0_s_20260530_16,2303242575db40ceb163860e20ba2f85,0.03,,,
5013,2026-05-29,SH601601,-0.002233673301698755,EXP_LGBModel_Alpha158_csi300_custom_step0_s_20260530_16,2303242575db40ceb163860e20ba2f85,0.03,,,
5014,2026-05-29,SH601600,-0.002086372448843073,EXP_LGBModel_Alpha158_csi300_custom_step0_s_20260530_16,2303242575db40ceb163860e20ba2f85,0.03,,,
5015,2026-05-29,SH601456,-0.002086372448843073,EXP_LGBModel_Alpha158_csi300_custom_step0_s_20260530_16,2303242575db40ceb163860e20ba2f85,0.03,,,
5016,2026-05-29,SH601398,-5.362024061213654e-10,EXP_LGBModel_Alpha158_csi300_custom_step0_s_20260530_16,2303242575db40ceb163860e20ba2f85,0.03,,,
5017,2026-05-29,SH601390,-0.0021067878925333373,EXP_LGBModel_Alpha158_csi300_custom_step0_s_20260530_16,2303242575db40ceb163860e20ba2f85,0.03,,,
5018,2026-05-29,SH601628,-0.002086372448843073,EXP_LGBModel_Alpha158_csi300_custom_step0_s_20260530_16,2303242575db40ceb163860e20ba2f85,0.03,,,
5019,2026-05-29,SH601100,-0.004320045214339422,EXP_LGBModel_Alpha158_csi300_custom_step0_s_20260530_16,2303242575db40ceb163860e20ba2f85,0.03,,,
5020,2026-05-29,SH688009,-0.002086372448843073,EXP_LGBModel_Alpha158_csi300_custom_step0_s_20260530_16,2303242575db40ceb163860e20ba2f85,0.03,,,
5021,2026-05-29,SH688036,-0.004320045214339422,EXP_LGBModel_Alpha158_csi300_custom_step0_s_20260530_16,2303242575db40ceb163860e20ba2f85,0.03,,,
5022,2026-05-29,SZ002028,-0.004320045214339422,EXP_LGBModel_Alpha158_csi300_custom_step0_s_20260530_16,2303242575db40ceb163860e20ba2f85,0.03,,,
5023,2026-05-29,SZ002027,-0.002086372448843073,EXP_LGBModel_Alpha158_csi300_custom_step0_s_20260530_16,2303242575db40ceb163860e20ba2f85,0.03,,,
5024,2026-05-29,SZ002001,-5.362024061213654e-10,EXP_LGBModel_Alpha158_csi300_custom_step0_s_20260530_16,2303242575db40ceb163860e20ba2f85,0.03,,,
5025,2026-05-29,SZ001979,-5.362024061213654e-10,EXP_LGBModel_Alpha158_csi300_custom_step0_s_20260530_16,2303242575db40ceb163860e20ba2f85,0.03,,,
5026,2026-05-29,SZ001965,0.005056894070337655,EXP_LGBModel_Alpha158_csi300_custom_step0_s_20260530_16,2303242575db40ceb163860e20ba2f85,0.03,,,
5027,2026-05-29,SZ001391,-0.0012858337781787245,EXP_LGBModel_Alpha158_csi300_custom_step0_s_20260530_16,2303242575db40ceb163860e20ba2f85,0.03,,,
5028,2026-05-29,SZ000999,-0.002086372448843073,EXP_LGBModel_Alpha158_csi300_custom_step0_s_20260530_16,2303242575db40ceb163860e20ba2f85,0.03,,,
5029,2026-05-29,SZ002049,-5.362024061213654e-10,EXP_LGBModel_Alpha158_csi300_custom_step0_s_20260530_16,2303242575db40ceb163860e20ba2f85,0.03,,,
5030,2026-05-29,SZ000983,-0.0021067878925333373,EXP_LGBModel_Alpha158_csi300_custom_step0_s_20260530_16,2303242575db40ceb163860e20ba2f85,0.03,,,
5031,2026-05-29,SZ000975,0.013099674039996814,EXP_LGBModel_Alpha158_csi300_custom_step0_s_20260530_16,2303242575db40ceb163860e20ba2f85,0.03,,,
5032,2026-05-29,SZ000963,-5.362024061213654e-10,EXP_LGBModel_Alpha158_csi300_custom_step0_s_20260530_16,2303242575db40ceb163860e20ba2f85,0.03,,,
5033,2026-05-29,SZ000938,-0.002086372448843073,EXP_LGBModel_Alpha158_csi300_custom_step0_s_20260530_16,2303242575db40ceb163860e20ba2f85,0.03,,,
5034,2026-05-29,SZ000895,-1.493400233603618e-06,EXP_LGBModel_Alpha158_csi300_custom_step0_s_20260530_16,2303242575db40ceb163860e20ba2f85,0.03,,,
5035,2026-05-29,SZ000876,-0.002233673301698755,EXP_LGBModel_Alpha158_csi300_custom_step0_s_20260530_16,2303242575db40ceb163860e20ba2f85,0.03,,,
5036,2026-05-29,SZ000858,-5.362024061213654e-10,EXP_LGBModel_Alpha158_csi300_custom_step0_s_20260530_16,2303242575db40ceb163860e20ba2f85,0.03,,,
5037,2026-05-29,SZ000807,-0.002233673301698755,EXP_LGBModel_Alpha158_csi300_custom_step0_s_20260530_16,2303242575db40ceb163860e20ba2f85,0.03,,,
5038,2026-05-29,SZ000977,-5.362024061213654e-10,EXP_LGBModel_Alpha158_csi300_custom_step0_s_20260530_16,2303242575db40ceb163860e20ba2f85,0.03,,,
5039,2026-05-29,SZ000792,0.007550537116379933,EXP_LGBModel_Alpha158_csi300_custom_step0_s_20260530_16,2303242575db40ceb163860e20ba2f85,0.03,,,
5040,2026-05-29,SZ002050,-0.002233673301698755,EXP_LGBModel_Alpha158_csi300_custom_step0_s_20260530_16,2303242575db40ceb163860e20ba2f85,0.03,,,
5041,2026-05-29,SZ002142,-5.362024061213654e-10,EXP_LGBModel_Alpha158_csi300_custom_step0_s_20260530_16,2303242575db40ceb163860e20ba2f85,0.03,,,
5042,2026-05-29,SZ002466,0.00037694628165505737,EXP_LGBModel_Alpha158_csi300_custom_step0_s_20260530_16,2303242575db40ceb163860e20ba2f85,0.03,,,
5043,2026-05-29,SZ002463,-0.0017094256309856093,EXP_LGBModel_Alpha158_csi300_custom_step0_s_20260530_16,2303242575db40ceb163860e20ba2f85,0.03,,,
5044,2026-05-29,SZ002460,-5.362024061213654e-10,EXP_LGBModel_Alpha158_csi300_custom_step0_s_20260530_16,2303242575db40ceb163860e20ba2f85,0.03,,,
5045,2026-05-29,SZ002459,-0.002233673301698755,EXP_LGBModel_Alpha158_csi300_custom_step0_s_20260530_16,2303242575db40ceb163860e20ba2f85,0.03,,,
5046,2026-05-29,SZ002422,-0.002233673301698755,EXP_LGBModel_Alpha158_csi300_custom_step0_s_20260530_16,2303242575db40ceb163860e20ba2f85,0.03,,,
5047,2026-05-29,SZ002415,-0.004320045214339422,EXP_LGBModel_Alpha158_csi300_custom_step0_s_20260530_16,2303242575db40ceb163860e20ba2f85,0.03,,,
5048,2026-05-29,SZ002384,0.013099674039996814,EXP_LGBModel_Alpha158_csi300_custom_step0_s_20260530_16,2303242575db40ceb163860e20ba2f85,0.03,,,
5049,2026-05-29,SZ002074,-0.002233673301698755,EXP_LGBModel_Alpha158_csi300_custom_step0_s_20260530_16,2303242575db40ceb163860e20ba2f85,0.03,,,
5050,2026-05-29,SZ002371,0.013099674039996814,EXP_LGBModel_Alpha158_csi300_custom_step0_s_20260530_16,2303242575db40ceb163860e20ba2f85,0.03,,,
5051,2026-05-29,SZ002311,-0.0021067878925333373,EXP_LGBModel_Alpha158_csi300_custom_step0_s_20260530_16,2303242575db40ceb163860e20ba2f85,0.03,,,
5052,2026-05-29,SZ002304,-0.0028046947158517775,EXP_LGBModel_Alpha158_csi300_custom_step0_s_20260530_16,2303242575db40ceb163860e20ba2f85,0.03,,,
5053,2026-05-29,SZ002252,-0.0021067878925333373,EXP_LGBModel_Alpha158_csi300_custom_step0_s_20260530_16,2303242575db40ceb163860e20ba2f85,0.03,,,
5054,2026-05-29,SZ002241,-0.002086372448843073,EXP_LGBModel_Alpha158_csi300_custom_step0_s_20260530_16,2303242575db40ceb163860e20ba2f85,0.03,,,
5055,2026-05-29,SZ002236,-0.002233673301698755,EXP_LGBModel_Alpha158_csi300_custom_step0_s_20260530_16,2303242575db40ceb163860e20ba2f85,0.03,,,
5056,2026-05-29,SZ002230,-0.002233673301698755,EXP_LGBModel_Alpha158_csi300_custom_step0_s_20260530_16,2303242575db40ceb163860e20ba2f85,0.03,,,
5057,2026-05-29,SZ002179,-0.002233673301698755,EXP_LGBModel_Alpha158_csi300_custom_step0_s_20260530_16,2303242575db40ceb163860e20ba2f85,0.03,,,
5058,2026-05-29,SZ002352,-5.362024061213654e-10,EXP_LGBModel_Alpha158_csi300_custom_step0_s_20260530_16,2303242575db40ceb163860e20ba2f85,0.03,,,
5059,2026-05-29,SH688012,-5.362024061213654e-10,EXP_LGBModel_Alpha158_csi300_custom_step0_s_20260530_16,2303242575db40ceb163860e20ba2f85,0.03,,,
5060,2026-05-29,SZ000786,-0.004320045214339422,EXP_LGBModel_Alpha158_csi300_custom_step0_s_20260530_16,2303242575db40ceb163860e20ba2f85,0.03,,,
5061,2026-05-29,SZ000768,-0.002233673301698755,EXP_LGBModel_Alpha158_csi300_custom_step0_s_20260530_16,2303242575db40ceb163860e20ba2f85,0.03,,,
5062,2026-05-29,SZ000001,-0.002086372448843073,EXP_LGBModel_Alpha158_csi300_custom_step0_s_20260530_16,2303242575db40ceb163860e20ba2f85,0.03,,,
5063,2026-05-29,SH688981,-0.002017383072817593,EXP_LGBModel_Alpha158_csi300_custom_step0_s_20260530_16,2303242575db40ceb163860e20ba2f85,0.03,,,
5064,2026-05-29,SH688506,-5.362024061213654e-10,EXP_LGBModel_Alpha158_csi300_custom_step0_s_20260530_16,2303242575db40ceb163860e20ba2f85,0.03,,,
5065,2026-05-29,SH688472,-0.002233673301698755,EXP_LGBModel_Alpha158_csi300_custom_step0_s_20260530_16,2303242575db40ceb163860e20ba2f85,0.03,,,
5066,2026-05-29,SH688396,-0.002086372448843073,EXP_LGBModel_Alpha158_csi300_custom_step0_s_20260530_16,2303242575db40ceb163860e20ba2f85,0.03,,,
5067,2026-05-29,SH688303,-0.002233673301698755,EXP_LGBModel_Alpha158_csi300_custom_step0_s_20260530_16,2303242575db40ceb163860e20ba2f85,0.03,,,
5068,2026-05-29,SH688271,-0.002086372448843073,EXP_LGBModel_Alpha158_csi300_custom_step0_s_20260530_16,2303242575db40ceb163860e20ba2f85,0.03,,,
5069,2026-05-29,SZ000002,-0.002086372448843073,EXP_LGBModel_Alpha158_csi300_custom_step0_s_20260530_16,2303242575db40ceb163860e20ba2f85,0.03,,,
5070,2026-05-29,SH688256,0.013099674039996814,EXP_LGBModel_Alpha158_csi300_custom_step0_s_20260530_16,2303242575db40ceb163860e20ba2f85,0.03,,,
5071,2026-05-29,SH688187,-0.002086372448843073,EXP_LGBModel_Alpha158_csi300_custom_step0_s_20260530_16,2303242575db40ceb163860e20ba2f85,0.03,,,
5072,2026-05-29,SH688169,-5.362024061213654e-10,EXP_LGBModel_Alpha158_csi300_custom_step0_s_20260530_16,2303242575db40ceb163860e20ba2f85,0.03,,,
5073,2026-05-29,SH688126,-0.002017383072817593,EXP_LGBModel_Alpha158_csi300_custom_step0_s_20260530_16,2303242575db40ceb163860e20ba2f85,0.03,,,
5074,2026-05-29,SH688111,-0.004320045214339422,EXP_LGBModel_Alpha158_csi300_custom_step0_s_20260530_16,2303242575db40ceb163860e20ba2f85,0.03,,,
5075,2026-05-29,SH688082,-0.0023173830013755734,EXP_LGBModel_Alpha158_csi300_custom_step0_s_20260530_16,2303242575db40ceb163860e20ba2f85,0.03,,,
5076,2026-05-29,SH688047,0.005926083205271939,EXP_LGBModel_Alpha158_csi300_custom_step0_s_20260530_16,2303242575db40ceb163860e20ba2f85,0.03,,,
5077,2026-05-29,SH688041,0.013099674039996814,EXP_LGBModel_Alpha158_csi300_custom_step0_s_20260530_16,2303242575db40ceb163860e20ba2f85,0.03,,,
5078,2026-05-29,SH688223,-0.002233673301698755,EXP_LGBModel_Alpha158_csi300_custom_step0_s_20260530_16,2303242575db40ceb163860e20ba2f85,0.03,,,
5079,2026-05-29,SZ000776,-2.0415979892670844e-05,EXP_LGBModel_Alpha158_csi300_custom_step0_s_20260530_16,2303242575db40ceb163860e20ba2f85,0.03,,,
5080,2026-05-29,SZ000063,-0.002086372448843073,EXP_LGBModel_Alpha158_csi300_custom_step0_s_20260530_16,2303242575db40ceb163860e20ba2f85,0.03,,,
5081,2026-05-29,SZ000157,-5.362024061213654e-10,EXP_LGBModel_Alpha158_csi300_custom_step0_s_20260530_16,2303242575db40ceb163860e20ba2f85,0.03,,,
5082,2026-05-29,SZ000725,-0.002017383072817593,EXP_LGBModel_Alpha158_csi300_custom_step0_s_20260530_16,2303242575db40ceb163860e20ba2f85,0.03,,,
5083,2026-05-29,SZ000708,-0.0028046947158517775,EXP_LGBModel_Alpha158_csi300_custom_step0_s_20260530_16,2303242575db40ceb163860e20ba2f85,0.03,,,
5084,2026-05-29,SZ000661,-0.002233673301698755,EXP_LGBModel_Alpha158_csi300_custom_step0_s_20260530_16,2303242575db40ceb163860e20ba2f85,0.03,,,
5085,2026-05-29,SZ000651,0.0011216533233354103,EXP_LGBModel_Alpha158_csi300_custom_step0_s_20260530_16,2303242575db40ceb163860e20ba2f85,0.03,,,
5086,2026-05-29,SZ000630,0.0011216533233354103,EXP_LGBModel_Alpha158_csi300_custom_step0_s_20260530_16,2303242575db40ceb163860e20ba2f85,0.03,,,
5087,2026-05-29,SZ000625,0.005926083205271939,EXP_LGBModel_Alpha158_csi300_custom_step0_s_20260530_16,2303242575db40ceb163860e20ba2f85,0.03,,,
5088,2026-05-29,SZ000617,-5.362024061213654e-10,EXP_LGBModel_Alpha158_csi300_custom_step0_s_20260530_16,2303242575db40ceb163860e20ba2f85,0.03,,,
5089,2026-05-29,SZ000100,-5.362024061213654e-10,EXP_LGBModel_Alpha158_csi300_custom_step0_s_20260530_16,2303242575db40ceb163860e20ba2f85,0.03,,,
5090,2026-05-29,SZ000596,-2.0415979892670844e-05,EXP_LGBModel_Alpha158_csi300_custom_step0_s_20260530_16,2303242575db40ceb163860e20ba2f85,0.03,,,
5091,2026-05-29,SZ000538,-0.0028046947158517775,EXP_LGBModel_Alpha158_csi300_custom_step0_s_20260530_16,2303242575db40ceb163860e20ba2f85,0.03,,,
5092,2026-05-29,SZ000425,-0.0021067878925333373,EXP_LGBModel_Alpha158_csi300_custom_step0_s_20260530_16,2303242575db40ceb163860e20ba2f85,0.03,,,
5093,2026-05-29,SZ000408,-5.362024061213654e-10,EXP_LGBModel_Alpha158_csi300_custom_step0_s_20260530_16,2303242575db40ceb163860e20ba2f85,0.03,,,
5094,2026-05-29,SZ000338,-5.362024061213654e-10,EXP_LGBModel_Alpha158_csi300_custom_step0_s_20260530_16,2303242575db40ceb163860e20ba2f85,0.03,,,
5095,2026-05-29,SZ000333,0.0008586050802028772,EXP_LGBModel_Alpha158_csi300_custom_step0_s_20260530_16,2303242575db40ceb163860e20ba2f85,0.03,,,
5096,2026-05-29,SZ000301,-0.0012858337781787245,EXP_LGBModel_Alpha158_csi300_custom_step0_s_20260530_16,2303242575db40ceb163860e20ba2f85,0.03,,,
5097,2026-05-29,SZ000166,-0.0028046947158517775,EXP_LGBModel_Alpha158_csi300_custom_step0_s_20260530_16,2303242575db40ceb163860e20ba2f85,0.03,,,
5098,2026-05-29,SZ000568,-0.000718322803211111,EXP_LGBModel_Alpha158_csi300_custom_step0_s_20260530_16,2303242575db40ceb163860e20ba2f85,0.03,,,
5099,2026-05-29,SZ302132,0.033589668571949005,EXP_XGBModel_Alpha158_csi300_custom_step0_s_20260530_14,38b5f02cd5d24d21925210e9f139592b,0.013,,,
